t,total_topples_at_t,unique_topples_at_t,edge_loss,average_height,cum_topples
1,0,0,0,0.0001234567901234568,0
2,0,0,0,0.0002469135802469136,0
3,0,0,0,0.00037037037037037035,0
4,0,0,0,0.0004938271604938272,0
5,0,0,0,0.0006172839506172839,0
6,0,0,0,0.0007407407407407407,0
7,0,0,0,0.0008641975308641976,0
8,0,0,0,0.0009876543209876543,0
9,0,0,0,0.0011111111111111111,0
10,0,0,0,0.0012345679012345679,0
11,0,0,0,0.0013580246913580246,0
12,0,0,0,0.0014814814814814814,0
13,0,0,0,0.0016049382716049382,0
14,0,0,0,0.0017283950617283952,0
15,0,0,0,0.001851851851851852,0
16,0,0,0,0.0019753086419753087,0
17,0,0,0,0.0020987654320987655,0
18,0,0,0,0.0022222222222222222,0
19,0,0,0,0.002345679012345679,0
20,0,0,0,0.0024691358024691358,0
21,0,0,0,0.0025925925925925925,0
22,0,0,0,0.0027160493827160493,0
23,0,0,0,0.002839506172839506,0
24,0,0,0,0.002962962962962963,0
25,0,0,0,0.0030864197530864196,0
26,0,0,0,0.0032098765432098763,0
27,0,0,0,0.0033333333333333335,0
28,0,0,0,0.0034567901234567903,0
29,0,0,0,0.003580246913580247,0
30,0,0,0,0.003703703703703704,0
31,0,0,0,0.0038271604938271606,0
32,0,0,0,0.003950617283950617,0
33,0,0,0,0.004074074074074074,0
34,0,0,0,0.004197530864197531,0
35,0,0,0,0.004320987654320987,0
36,0,0,0,0.0044444444444444444,0
37,0,0,0,0.004567901234567902,0
38,0,0,0,0.004691358024691358,0
39,0,0,0,0.004814814814814815,0
40,0,0,0,0.0049382716049382715,0
41,0,0,0,0.005061728395061729,0
42,0,0,0,0.005185185185185185,0
43,0,0,0,0.005308641975308642,0
44,0,0,0,0.005432098765432099,0
45,0,0,0,0.005555555555555556,0
46,0,0,0,0.005679012345679012,0
47,0,0,0,0.005802469135802469,0
48,0,0,0,0.005925925925925926,0
49,0,0,0,0.006049382716049383,0
50,0,0,0,0.006172839506172839,0
51,0,0,0,0.006296296296296296,0
52,0,0,0,0.006419753086419753,0
53,0,0,0,0.00654320987654321,0
54,0,0,0,0.006666666666666667,0
55,0,0,0,0.006790123456790123,0
56,0,0,0,0.006913580246913581,0
57,0,0,0,0.007037037037037037,0
58,0,0,0,0.007160493827160494,0
59,0,0,0,0.0072839506172839505,0
60,0,0,0,0.007407407407407408,0
61,0,0,0,0.007530864197530864,0
62,0,0,0,0.007654320987654321,0
63,0,0,0,0.0077777777777777776,0
64,0,0,0,0.007901234567901235,0
65,0,0,0,0.008024691358024692,0
66,0,0,0,0.008148148148148147,0
67,0,0,0,0.008271604938271605,0
68,0,0,0,0.008395061728395062,0
69,0,0,0,0.008518518518518519,0
70,0,0,0,0.008641975308641974,0
71,0,0,0,0.008765432098765432,0
72,0,0,0,0.008888888888888889,0
73,0,0,0,0.009012345679012346,0
74,0,0,0,0.009135802469135803,0
75,0,0,0,0.009259259259259259,0
76,0,0,0,0.009382716049382716,0
77,0,0,0,0.009506172839506173,0
78,0,0,0,0.00962962962962963,0
79,0,0,0,0.009753086419753086,0
80,0,0,0,0.009876543209876543,0
81,0,0,0,0.01,0
82,0,0,0,0.010123456790123457,0
83,0,0,0,0.010246913580246913,0
84,0,0,0,0.01037037037037037,0
85,0,0,0,0.010493827160493827,0
86,0,0,0,0.010617283950617284,0
87,0,0,0,0.01074074074074074,0
88,0,0,0,0.010864197530864197,0
89,0,0,0,0.010987654320987654,0
90,0,0,0,0.011111111111111112,0
91,0,0,0,0.011234567901234569,0
92,0,0,0,0.011358024691358024,0
93,0,0,0,0.011481481481481481,0
94,0,0,0,0.011604938271604939,0
95,0,0,0,0.011728395061728396,0
96,0,0,0,0.011851851851851851,0
97,0,0,0,0.011975308641975308,0
98,0,0,0,0.012098765432098766,0
99,0,0,0,0.012222222222222223,0
100,0,0,0,0.012345679012345678,0
101,0,0,0,0.012469135802469136,0
102,0,0,0,0.012592592592592593,0
103,0,0,0,0.01271604938271605,0
104,0,0,0,0.012839506172839505,0
105,0,0,0,0.012962962962962963,0
106,0,0,0,0.01308641975308642,0
107,0,0,0,0.013209876543209877,0
108,0,0,0,0.013333333333333334,0
109,0,0,0,0.01345679012345679,0
110,0,0,0,0.013580246913580247,0
111,0,0,0,0.013703703703703704,0
112,0,0,0,0.013827160493827161,0
113,0,0,0,0.013950617283950617,0
114,0,0,0,0.014074074074074074,0
115,0,0,0,0.014197530864197531,0
116,0,0,0,0.014320987654320988,0
117,0,0,0,0.014444444444444444,0
118,0,0,0,0.014567901234567901,0
119,0,0,0,0.014691358024691358,0
120,0,0,0,0.014814814814814815,0
121,0,0,0,0.01493827160493827,0
122,0,0,0,0.015061728395061728,0
123,0,0,0,0.015185185185185185,0
124,0,0,0,0.015308641975308642,0
125,0,0,0,0.015432098765432098,0
126,0,0,0,0.015555555555555555,0
127,0,0,0,0.015679012345679012,0
128,0,0,0,0.01580246913580247,0
129,0,0,0,0.015925925925925927,0
130,0,0,0,0.016049382716049384,0
131,0,0,0,0.01617283950617284,0
132,0,0,0,0.016296296296296295,0
133,0,0,0,0.016419753086419752,0
134,0,0,0,0.01654320987654321,0
135,0,0,0,0.016666666666666666,0
136,0,0,0,0.016790123456790124,0
137,0,0,0,0.01691358024691358,0
138,0,0,0,0.017037037037037038,0
139,0,0,0,0.017160493827160495,0
140,0,0,0,0.01728395061728395,0
141,0,0,0,0.017407407407407406,0
142,0,0,0,0.017530864197530863,0
143,0,0,0,0.01765432098765432,0
144,0,0,0,0.017777777777777778,0
145,0,0,0,0.017901234567901235,0
146,0,0,0,0.018024691358024692,0
147,0,0,0,0.01814814814814815,0
148,0,0,0,0.018271604938271607,0
149,0,0,0,0.01839506172839506,0
150,0,0,0,0.018518518518518517,0
151,0,0,0,0.018641975308641975,0
152,0,0,0,0.018765432098765432,0
153,0,0,0,0.01888888888888889,0
154,0,0,0,0.019012345679012346,0
155,0,0,0,0.019135802469135803,0
156,0,0,0,0.01925925925925926,0
157,0,0,0,0.019382716049382714,0
158,0,0,0,0.01950617283950617,0
159,0,0,0,0.01962962962962963,0
160,0,0,0,0.019753086419753086,0
161,0,0,0,0.019876543209876543,0
162,0,0,0,0.02,0
163,0,0,0,0.020123456790123458,0
164,0,0,0,0.020246913580246915,0
165,0,0,0,0.020370370370370372,0
166,0,0,0,0.020493827160493826,0
167,0,0,0,0.020617283950617283,0
168,0,0,0,0.02074074074074074,0
169,0,0,0,0.020864197530864197,0
170,0,0,0,0.020987654320987655,0
171,0,0,0,0.021111111111111112,0
172,0,0,0,0.02123456790123457,0
173,0,0,0,0.021358024691358026,0
174,0,0,0,0.02148148148148148,0
175,0,0,0,0.021604938271604937,0
176,0,0,0,0.021728395061728394,0
177,0,0,0,0.02185185185185185,0
178,0,0,0,0.02197530864197531,0
179,0,0,0,0.022098765432098766,0
180,0,0,0,0.022222222222222223,0
181,0,0,0,0.02234567901234568,0
182,0,0,0,0.022469135802469137,0
183,0,0,0,0.02259259259259259,0
184,0,0,0,0.02271604938271605,0
185,0,0,0,0.022839506172839506,0
186,0,0,0,0.022962962962962963,0
187,0,0,0,0.02308641975308642,0
188,0,0,0,0.023209876543209877,0
189,0,0,0,0.023333333333333334,0
190,0,0,0,0.02345679012345679,0
191,0,0,0,0.023580246913580245,0
192,0,0,0,0.023703703703703703,0
193,0,0,0,0.02382716049382716,0
194,0,0,0,0.023950617283950617,0
195,0,0,0,0.024074074074074074,0
196,0,0,0,0.02419753086419753,0
197,0,0,0,0.02432098765432099,0
198,0,0,0,0.024444444444444446,0
199,0,0,0,0.024567901234567903,0
200,0,0,0,0.024691358024691357,0
201,0,0,0,0.024814814814814814,0
202,0,0,0,0.02493827160493827,0
203,0,0,0,0.025061728395061728,0
204,0,0,0,0.025185185185185185,0
205,0,0,0,0.025308641975308643,0
206,0,0,0,0.0254320987654321,0
207,0,0,0,0.025555555555555557,0
208,0,0,0,0.02567901234567901,0
209,0,0,0,0.025802469135802468,0
210,0,0,0,0.025925925925925925,0
211,0,0,0,0.026049382716049382,0
212,0,0,0,0.02617283950617284,0
213,0,0,0,0.026296296296296297,0
214,0,0,0,0.026419753086419754,0
215,0,0,0,0.02654320987654321,0
216,0,0,0,0.02666666666666667,0
217,0,0,0,0.026790123456790122,0
218,0,0,0,0.02691358024691358,0
219,0,0,0,0.027037037037037037,0
220,0,0,0,0.027160493827160494,0
221,0,0,0,0.02728395061728395,0
222,0,0,0,0.027407407407407408,0
223,0,0,0,0.027530864197530865,0
224,0,0,0,0.027654320987654323,0
225,0,0,0,0.027777777777777776,0
226,0,0,0,0.027901234567901233,0
227,0,0,0,0.02802469135802469,0
228,0,0,0,0.028148148148148148,0
229,0,0,0,0.028271604938271605,0
230,0,0,0,0.028395061728395062,0
231,0,0,0,0.02851851851851852,0
232,0,0,0,0.028641975308641977,0
233,0,0,0,0.028765432098765434,0
234,0,0,0,0.028888888888888888,0
235,0,0,0,0.029012345679012345,0
236,0,0,0,0.029135802469135802,0
237,0,0,0,0.02925925925925926,0
238,0,0,0,0.029382716049382716,0
239,0,0,0,0.029506172839506174,0
240,0,0,0,0.02962962962962963,0
241,0,0,0,0.029753086419753088,0
242,0,0,0,0.02987654320987654,0
243,0,0,0,0.03,0
244,0,0,0,0.030123456790123456,0
245,0,0,0,0.030246913580246913,0
246,0,0,0,0.03037037037037037,0
247,0,0,0,0.030493827160493828,0
248,0,0,0,0.030617283950617285,0
249,0,0,0,0.030740740740740742,0
250,0,0,0,0.030864197530864196,0
251,0,0,0,0.030987654320987653,0
252,0,0,0,0.03111111111111111,0
253,0,0,0,0.031234567901234567,0
254,0,0,0,0.031358024691358025,0
255,0,0,0,0.03148148148148148,0
256,0,0,0,0.03160493827160494,0
257,0,0,0,0.03172839506172839,0
258,0,0,0,0.03185185185185185,0
259,0,0,0,0.03197530864197531,0
260,0,0,0,0.03209876543209877,0
261,0,0,0,0.03222222222222222,0
262,0,0,0,0.03234567901234568,0
263,0,0,0,0.032469135802469136,0
264,0,0,0,0.03259259259259259,0
265,0,0,0,0.03271604938271605,0
266,0,0,0,0.032839506172839504,0
267,0,0,0,0.032962962962962965,0
268,0,0,0,0.03308641975308642,0
269,0,0,0,0.03320987654320988,0
270,0,0,0,0.03333333333333333,0
271,0,0,0,0.033456790123456794,0
272,0,0,0,0.03358024691358025,0
273,0,0,0,0.0337037037037037,0
274,0,0,0,0.03382716049382716,0
275,0,0,0,0.033950617283950615,0
276,0,0,0,0.034074074074074076,0
277,0,0,0,0.03419753086419753,0
278,0,0,0,0.03432098765432099,0
279,0,0,0,0.034444444444444444,0
280,0,0,0,0.0345679012345679,0
281,0,0,0,0.03469135802469136,0
282,0,0,0,0.03481481481481481,0
283,0,0,0,0.03493827160493827,0
284,0,0,0,0.03506172839506173,0
285,0,0,0,0.03518518518518519,0
286,0,0,0,0.03530864197530864,0
287,0,0,0,0.0354320987654321,0
288,0,0,0,0.035555555555555556,0
289,0,0,0,0.03567901234567901,0
290,0,0,0,0.03580246913580247,0
291,0,0,0,0.035925925925925924,0
292,0,0,0,0.036049382716049384,0
293,0,0,0,0.03617283950617284,0
294,0,0,0,0.0362962962962963,0
295,0,0,0,0.03641975308641975,0
296,0,0,0,0.03654320987654321,0
297,0,0,0,0.03666666666666667,0
298,0,0,0,0.03679012345679012,0
299,0,0,0,0.03691358024691358,0
300,0,0,0,0.037037037037037035,0
301,0,0,0,0.037160493827160496,0
302,0,0,0,0.03728395061728395,0
303,0,0,0,0.03740740740740741,0
304,0,0,0,0.037530864197530864,0
305,0,0,0,0.037654320987654324,0
306,0,0,0,0.03777777777777778,0
307,0,0,0,0.03790123456790123,0
308,0,0,0,0.03802469135802469,0
309,0,0,0,0.038148148148148146,0
310,0,0,0,0.03827160493827161,0
311,0,0,0,0.03839506172839506,0
312,0,0,0,0.03851851851851852,0
313,0,0,0,0.038641975308641975,0
314,0,0,0,0.03876543209876543,0
315,0,0,0,0.03888888888888889,0
316,0,0,0,0.03901234567901234,0
317,0,0,0,0.039135802469135804,0
318,0,0,0,0.03925925925925926,0
319,0,0,0,0.03938271604938272,0
320,0,0,0,0.03950617283950617,0
321,0,0,0,0.03962962962962963,0
322,0,0,0,0.039753086419753086,0
323,0,0,0,0.03987654320987654,0
324,0,0,0,0.04,0
325,0,0,0,0.040123456790123455,0
326,0,0,0,0.040246913580246915,0
327,0,0,0,0.04037037037037037,0
328,0,0,0,0.04049382716049383,0
329,0,0,0,0.04061728395061728,0
330,0,0,0,0.040740740740740744,0
331,0,0,0,0.0408641975308642,0
332,0,0,0,0.04098765432098765,0
333,0,0,0,0.04111111111111111,0
334,0,0,0,0.041234567901234566,0
335,0,0,0,0.04135802469135803,0
336,0,0,0,0.04148148148148148,0
337,0,0,0,0.04160493827160494,0
338,0,0,0,0.041728395061728395,0
339,0,0,0,0.04185185185185185,0
340,0,0,0,0.04197530864197531,0
341,0,0,0,0.04209876543209876,0
342,0,0,0,0.042222222222222223,0
343,0,0,0,0.04234567901234568,0
344,0,0,0,0.04246913580246914,0
345,0,0,0,0.04259259259259259,0
346,0,0,0,0.04271604938271605,0
347,0,0,0,0.042839506172839506,0
348,0,0,0,0.04296296296296296,0
349,0,0,0,0.04308641975308642,0
350,0,0,0,0.043209876543209874,0
351,0,0,0,0.043333333333333335,0
352,0,0,0,0.04345679012345679,0
353,0,0,0,0.04358024691358025,0
354,0,0,0,0.0437037037037037,0
355,0,0,0,0.043827160493827164,0
356,0,0,0,0.04395061728395062,0
357,0,0,0,0.04407407407407407,0
358,0,0,0,0.04419753086419753,0
359,0,0,0,0.044320987654320985,0
360,0,0,0,0.044444444444444446,0
361,0,0,0,0.0445679012345679,0
362,0,0,0,0.04469135802469136,0
363,0,0,0,0.044814814814814814,0
364,0,0,0,0.044938271604938275,0
365,0,0,0,0.04506172839506173,0
366,0,0,0,0.04518518518518518,0
367,0,0,0,0.04530864197530864,0
368,0,0,0,0.0454320987654321,0
369,0,0,0,0.04555555555555556,0
370,0,0,0,0.04567901234567901,0
371,0,0,0,0.04580246913580247,0
372,0,0,0,0.045925925925925926,0
373,0,0,0,0.04604938271604938,0
374,0,0,0,0.04617283950617284,0
375,0,0,0,0.046296296296296294,0
376,0,0,0,0.046419753086419754,0
377,0,0,0,0.04654320987654321,0
378,0,0,0,0.04666666666666667,0
379,0,0,0,0.04679012345679012,0
380,0,0,0,0.04691358024691358,0
381,0,0,0,0.04703703703703704,0
382,0,0,0,0.04716049382716049,0
383,0,0,0,0.04728395061728395,0
384,0,0,0,0.047407407407407405,0
385,0,0,0,0.047530864197530866,0
386,0,0,0,0.04765432098765432,0
387,0,0,0,0.04777777777777778,0
388,0,0,0,0.047901234567901234,0
389,0,0,0,0.048024691358024695,0
390,0,0,0,0.04814814814814815,0
391,0,0,0,0.0482716049382716,0
392,0,0,0,0.04839506172839506,0
393,0,0,0,0.048518518518518516,0
394,0,0,0,0.04864197530864198,0
395,0,0,0,0.04876543209876543,0
396,0,0,0,0.04888888888888889,0
397,0,0,0,0.049012345679012345,0
398,0,0,0,0.049135802469135806,0
399,0,0,0,0.04925925925925926,0
400,0,0,0,0.04938271604938271,0
401,0,0,0,0.049506172839506174,0
402,0,0,0,0.04962962962962963,0
403,0,0,0,0.04975308641975309,0
404,0,0,0,0.04987654320987654,0
405,0,0,0,0.05,0
406,0,0,0,0.050123456790123457,0
407,0,0,0,0.05024691358024691,0
408,0,0,0,0.05037037037037037,0
409,0,0,0,0.050493827160493825,0
410,0,0,0,0.050617283950617285,0
411,0,0,0,0.05074074074074074,0
412,0,0,0,0.0508641975308642,0
413,0,0,0,0.05098765432098765,0
414,0,0,0,0.051111111111111114,0
415,0,0,0,0.05123456790123457,0
416,0,0,0,0.05135802469135802,0
417,0,0,0,0.05148148148148148,0
418,0,0,0,0.051604938271604936,0
419,0,0,0,0.0517283950617284,0
420,0,0,0,0.05185185185185185,0
421,0,0,0,0.05197530864197531,0
422,0,0,0,0.052098765432098765,0
423,0,0,0,0.052222222222222225,0
424,0,0,0,0.05234567901234568,0
425,0,0,0,0.05246913580246913,0
426,0,0,0,0.052592592592592594,0
427,0,0,0,0.05271604938271605,0
428,0,0,0,0.05283950617283951,0
429,0,0,0,0.05296296296296296,0
430,0,0,0,0.05308641975308642,0
431,0,0,0,0.053209876543209876,0
432,0,0,0,0.05333333333333334,0
433,0,0,0,0.05345679012345679,0
434,0,0,0,0.053580246913580244,0
435,0,0,0,0.053703703703703705,0
436,0,0,0,0.05382716049382716,0
437,0,0,0,0.05395061728395062,0
438,0,0,0,0.05407407407407407,0
439,0,0,0,0.054197530864197534,0
440,0,0,0,0.05432098765432099,0
441,0,0,0,0.05444444444444444,0
442,0,0,0,0.0545679012345679,0
443,0,0,0,0.054691358024691356,0
444,0,0,0,0.054814814814814816,0
445,0,0,0,0.05493827160493827,0
446,0,0,0,0.05506172839506173,0
447,0,0,0,0.055185185185185184,0
448,0,0,0,0.055308641975308645,0
449,0,0,0,0.0554320987654321,0
450,0,0,0,0.05555555555555555,0
451,0,0,0,0.05567901234567901,0
452,0,0,0,0.05580246913580247,0
453,0,0,0,0.05592592592592593,0
454,0,0,0,0.05604938271604938,0
455,0,0,0,0.05617283950617284,0
456,0,0,0,0.056296296296296296,0
457,0,0,0,0.056419753086419756,0
458,0,0,0,0.05654320987654321,0
459,0,0,0,0.056666666666666664,0
460,0,0,0,0.056790123456790124,0
461,0,0,0,0.05691358024691358,0
462,0,0,0,0.05703703703703704,0
463,0,0,0,0.05716049382716049,0
464,0,0,0,0.05728395061728395,0
465,0,0,0,0.05740740740740741,0
466,0,0,0,0.05753086419753087,0
467,0,0,0,0.05765432098765432,0
468,0,0,0,0.057777777777777775,0
469,0,0,0,0.057901234567901236,0
470,0,0,0,0.05802469135802469,0
471,0,0,0,0.05814814814814815,0
472,0,0,0,0.058271604938271604,0
473,0,0,0,0.058395061728395065,0
474,0,0,0,0.05851851851851852,0
475,0,0,0,0.05864197530864197,0
476,0,0,0,0.05876543209876543,0
477,0,0,0,0.058888888888888886,0
478,0,0,0,0.05901234567901235,0
479,0,0,0,0.0591358024691358,0
480,0,0,0,0.05925925925925926,0
481,0,0,0,0.059382716049382715,0
482,0,0,0,0.059506172839506176,0
483,0,0,0,0.05962962962962963,0
484,0,0,0,0.05975308641975308,0
485,0,0,0,0.059876543209876544,0
486,0,0,0,0.06,0
487,0,0,0,0.06012345679012346,0
488,0,0,0,0.06024691358024691,0
489,0,0,0,0.06037037037037037,0
490,0,0,0,0.06049382716049383,0
491,0,0,0,0.06061728395061729,0
492,0,0,0,0.06074074074074074,0
493,0,0,0,0.060864197530864195,0
494,0,0,0,0.060987654320987655,0
495,0,0,0,0.06111111111111111,0
496,0,0,0,0.06123456790123457,0
497,0,0,0,0.061358024691358024,0
498,0,0,0,0.061481481481481484,0
499,0,0,0,0.06160493827160494,0
500,0,0,0,0.06172839506172839,0
501,0,0,0,0.06185185185185185,0
502,0,0,0,0.061975308641975306,0
503,0,0,0,0.06209876543209877,0
504,0,0,0,0.06222222222222222,0
505,0,0,0,0.06234567901234568,0
506,0,0,0,0.062469135802469135,0
507,0,0,0,0.06259259259259259,0
508,0,0,0,0.06271604938271605,0
509,0,0,0,0.06283950617283951,0
510,0,0,0,0.06296296296296296,0
511,0,0,0,0.06308641975308642,0
512,0,0,0,0.06320987654320988,0
513,0,0,0,0.06333333333333334,0
514,0,0,0,0.06345679012345679,0
515,0,0,0,0.06358024691358025,0
516,0,0,0,0.0637037037037037,0
517,0,0,0,0.06382716049382715,0
518,0,0,0,0.06395061728395061,0
519,0,0,0,0.06407407407407407,0
520,0,0,0,0.06419753086419754,0
521,0,0,0,0.06432098765432098,0
522,0,0,0,0.06444444444444444,0
523,0,0,0,0.0645679012345679,0
524,0,0,0,0.06469135802469136,0
525,0,0,0,0.06481481481481481,0
526,0,0,0,0.06493827160493827,0
527,0,0,0,0.06506172839506173,0
528,0,0,0,0.06518518518518518,0
529,0,0,0,0.06530864197530864,0
530,0,0,0,0.0654320987654321,0
531,0,0,0,0.06555555555555556,0
532,0,0,0,0.06567901234567901,0
533,0,0,0,0.06580246913580247,0
534,0,0,0,0.06592592592592593,0
535,0,0,0,0.06604938271604938,0
536,0,0,0,0.06617283950617284,0
537,0,0,0,0.0662962962962963,0
538,0,0,0,0.06641975308641976,0
539,0,0,0,0.0665432098765432,0
540,0,0,0,0.06666666666666667,0
541,0,0,0,0.06679012345679013,0
542,0,0,0,0.06691358024691359,0
543,0,0,0,0.06703703703703703,0
544,0,0,0,0.0671604938271605,0
545,0,0,0,0.06728395061728396,0
546,0,0,0,0.0674074074074074,0
547,0,0,0,0.06753086419753086,0
548,0,0,0,0.06765432098765432,0
549,0,0,0,0.06777777777777778,0
550,0,0,0,0.06790123456790123,0
551,0,0,0,0.06802469135802469,0
552,0,0,0,0.06814814814814815,0
553,0,0,0,0.0682716049382716,0
554,0,0,0,0.06839506172839506,0
555,0,0,0,0.06851851851851852,0
556,0,0,0,0.06864197530864198,0
557,0,0,0,0.06876543209876543,0
558,0,0,0,0.06888888888888889,0
559,0,0,0,0.06901234567901235,0
560,0,0,0,0.0691358024691358,0
561,0,0,0,0.06925925925925926,0
562,0,0,0,0.06938271604938272,0
563,0,0,0,0.06950617283950618,0
564,0,0,0,0.06962962962962962,0
565,0,0,0,0.06975308641975309,0
566,0,0,0,0.06987654320987655,0
567,0,0,0,0.07,0
568,0,0,0,0.07012345679012345,0
569,0,0,0,0.07024691358024691,0
570,0,0,0,0.07037037037037037,0
571,0,0,0,0.07049382716049382,0
572,0,0,0,0.07061728395061728,0
573,0,0,0,0.07074074074074074,0
574,0,0,0,0.0708641975308642,0
575,0,0,0,0.07098765432098765,0
576,0,0,0,0.07111111111111111,0
577,0,0,0,0.07123456790123457,0
578,0,0,0,0.07135802469135802,0
579,0,0,0,0.07148148148148148,0
580,0,0,0,0.07160493827160494,0
581,0,0,0,0.0717283950617284,0
582,0,0,0,0.07185185185185185,0
583,0,0,0,0.07197530864197531,0
584,0,0,0,0.07209876543209877,0
585,0,0,0,0.07222222222222222,0
586,0,0,0,0.07234567901234568,0
587,0,0,0,0.07246913580246914,0
588,0,0,0,0.0725925925925926,0
589,0,0,0,0.07271604938271604,0
590,0,0,0,0.0728395061728395,0
591,0,0,0,0.07296296296296297,0
592,0,0,0,0.07308641975308643,0
593,0,0,0,0.07320987654320987,0
594,0,0,0,0.07333333333333333,0
595,0,0,0,0.0734567901234568,0
596,0,0,0,0.07358024691358024,0
597,0,0,0,0.0737037037037037,0
598,0,0,0,0.07382716049382716,0
599,0,0,0,0.07395061728395062,0
600,0,0,0,0.07407407407407407,0
601,0,0,0,0.07419753086419753,0
602,0,0,0,0.07432098765432099,0
603,0,0,0,0.07444444444444444,0
604,0,0,0,0.0745679012345679,0
605,0,0,0,0.07469135802469136,0
606,0,0,0,0.07481481481481482,0
607,0,0,0,0.07493827160493827,0
608,0,0,0,0.07506172839506173,0
609,0,0,0,0.07518518518518519,0
610,0,0,0,0.07530864197530865,0
611,0,0,0,0.0754320987654321,0
612,0,0,0,0.07555555555555556,0
613,0,0,0,0.07567901234567902,0
614,0,0,0,0.07580246913580246,0
615,0,0,0,0.07592592592592592,0
616,0,0,0,0.07604938271604939,0
617,0,0,0,0.07617283950617285,0
618,0,0,0,0.07629629629629629,0
619,0,0,0,0.07641975308641975,0
620,0,0,0,0.07654320987654321,0
621,0,0,0,0.07666666666666666,0
622,0,0,0,0.07679012345679012,0
623,0,0,0,0.07691358024691358,0
624,0,0,0,0.07703703703703704,0
625,0,0,0,0.07716049382716049,0
626,0,0,0,0.07728395061728395,0
627,0,0,0,0.07740740740740741,0
628,0,0,0,0.07753086419753086,0
629,0,0,0,0.07765432098765432,0
630,0,0,0,0.07777777777777778,0
631,0,0,0,0.07790123456790124,0
632,0,0,0,0.07802469135802469,0
633,0,0,0,0.07814814814814815,0
634,0,0,0,0.07827160493827161,0
635,0,0,0,0.07839506172839507,0
636,0,0,0,0.07851851851851852,0
637,0,0,0,0.07864197530864198,0
638,0,0,0,0.07876543209876544,0
639,0,0,0,0.07888888888888888,0
640,0,0,0,0.07901234567901234,0
641,0,0,0,0.0791358024691358,0
642,0,0,0,0.07925925925925927,0
643,0,0,0,0.07938271604938271,0
644,0,0,0,0.07950617283950617,0
645,0,0,0,0.07962962962962963,0
646,0,0,0,0.07975308641975308,0
647,0,0,0,0.07987654320987654,0
648,0,0,0,0.08,0
649,0,0,0,0.08012345679012346,0
650,0,0,0,0.08024691358024691,0
651,0,0,0,0.08037037037037037,0
652,0,0,0,0.08049382716049383,0
653,0,0,0,0.08061728395061728,0
654,0,0,0,0.08074074074074074,0
655,0,0,0,0.0808641975308642,0
656,0,0,0,0.08098765432098766,0
657,0,0,0,0.0811111111111111,0
658,0,0,0,0.08123456790123457,0
659,0,0,0,0.08135802469135803,0
660,0,0,0,0.08148148148148149,0
661,0,0,0,0.08160493827160493,0
662,0,0,0,0.0817283950617284,0
663,0,0,0,0.08185185185185186,0
664,0,0,0,0.0819753086419753,0
665,0,0,0,0.08209876543209876,0
666,0,0,0,0.08222222222222222,0
667,0,0,0,0.08234567901234568,0
668,0,0,0,0.08246913580246913,0
669,0,0,0,0.08259259259259259,0
670,0,0,0,0.08271604938271605,0
671,0,0,0,0.0828395061728395,0
672,0,0,0,0.08296296296296296,0
673,0,0,0,0.08308641975308642,0
674,0,0,0,0.08320987654320988,0
675,0,0,0,0.08333333333333333,0
676,0,0,0,0.08345679012345679,0
677,0,0,0,0.08358024691358025,0
678,0,0,0,0.0837037037037037,0
679,0,0,0,0.08382716049382716,0
680,0,0,0,0.08395061728395062,0
681,0,0,0,0.08407407407407408,0
682,0,0,0,0.08419753086419753,0
683,0,0,0,0.08432098765432099,0
684,0,0,0,0.08444444444444445,0
685,0,0,0,0.08456790123456791,0
686,0,0,0,0.08469135802469135,0
687,0,0,0,0.08481481481481482,0
688,0,0,0,0.08493827160493828,0
689,0,0,0,0.08506172839506172,0
690,0,0,0,0.08518518518518518,0
691,0,0,0,0.08530864197530864,0
692,0,0,0,0.0854320987654321,0
693,0,0,0,0.08555555555555555,0
694,0,0,0,0.08567901234567901,0
695,0,0,0,0.08580246913580247,0
696,0,0,0,0.08592592592592592,0
697,0,0,0,0.08604938271604938,0
698,0,0,0,0.08617283950617284,0
699,0,0,0,0.0862962962962963,0
700,0,0,0,0.08641975308641975,0
701,0,0,0,0.08654320987654321,0
702,0,0,0,0.08666666666666667,0
703,0,0,0,0.08679012345679013,0
704,0,0,0,0.08691358024691358,0
705,0,0,0,0.08703703703703704,0
706,0,0,0,0.0871604938271605,0
707,0,0,0,0.08728395061728395,0
708,0,0,0,0.0874074074074074,0
709,0,0,0,0.08753086419753087,0
710,0,0,0,0.08765432098765433,0
711,0,0,0,0.08777777777777777,0
712,0,0,0,0.08790123456790123,0
713,0,0,0,0.0880246913580247,0
714,0,0,0,0.08814814814814814,0
715,0,0,0,0.0882716049382716,0
716,0,0,0,0.08839506172839506,0
717,0,0,0,0.08851851851851852,0
718,0,0,0,0.08864197530864197,0
719,0,0,0,0.08876543209876543,0
720,0,0,0,0.08888888888888889,0
721,0,0,0,0.08901234567901234,0
722,0,0,0,0.0891358024691358,0
723,0,0,0,0.08925925925925926,0
724,0,0,0,0.08938271604938272,0
725,0,0,0,0.08950617283950617,0
726,0,0,0,0.08962962962962963,0
727,0,0,0,0.08975308641975309,0
728,0,0,0,0.08987654320987655,0
729,0,0,0,0.09,0
730,0,0,0,0.09012345679012346,0
731,0,0,0,0.09024691358024692,0
732,0,0,0,0.09037037037037036,0
733,0,0,0,0.09049382716049383,0
734,0,0,0,0.09061728395061729,0
735,0,0,0,0.09074074074074075,0
736,0,0,0,0.0908641975308642,0
737,0,0,0,0.09098765432098765,0
738,0,0,0,0.09111111111111111,0
739,0,0,0,0.09123456790123456,0
740,0,0,0,0.09135802469135802,0
741,0,0,0,0.09148148148148148,0
742,0,0,0,0.09160493827160494,0
743,0,0,0,0.09172839506172839,0
744,0,0,0,0.09185185185185185,0
745,0,0,0,0.09197530864197531,0
746,0,0,0,0.09209876543209876,0
747,0,0,0,0.09222222222222222,0
748,0,0,0,0.09234567901234568,0
749,0,0,0,0.09246913580246914,0
750,0,0,0,0.09259259259259259,0
751,0,0,0,0.09271604938271605,0
752,0,0,0,0.09283950617283951,0
753,0,0,0,0.09296296296296297,0
754,0,0,0,0.09308641975308642,0
755,0,0,0,0.09320987654320988,0
756,0,0,0,0.09333333333333334,0
757,0,0,0,0.09345679012345678,0
758,0,0,0,0.09358024691358025,0
759,0,0,0,0.0937037037037037,0
760,0,0,0,0.09382716049382717,0
761,0,0,0,0.09395061728395061,0
762,0,0,0,0.09407407407407407,0
763,0,0,0,0.09419753086419753,0
764,0,0,0,0.09432098765432098,0
765,0,0,0,0.09444444444444444,0
766,0,0,0,0.0945679012345679,0
767,0,0,0,0.09469135802469136,0
768,0,0,0,0.09481481481481481,0
769,0,0,0,0.09493827160493827,0
770,0,0,0,0.09506172839506173,0
771,0,0,0,0.09518518518518519,0
772,0,0,0,0.09530864197530864,0
773,0,0,0,0.0954320987654321,0
774,0,0,0,0.09555555555555556,0
775,0,0,0,0.09567901234567901,0
776,0,0,0,0.09580246913580247,0
777,0,0,0,0.09592592592592593,0
778,0,0,0,0.09604938271604939,0
779,0,0,0,0.09617283950617284,0
780,0,0,0,0.0962962962962963,0
781,0,0,0,0.09641975308641976,0
782,0,0,0,0.0965432098765432,0
783,0,0,0,0.09666666666666666,0
784,0,0,0,0.09679012345679013,0
785,0,0,0,0.09691358024691359,0
786,0,0,0,0.09703703703703703,0
787,0,0,0,0.0971604938271605,0
788,0,0,0,0.09728395061728395,0
789,0,0,0,0.0974074074074074,0
790,0,0,0,0.09753086419753086,0
791,0,0,0,0.09765432098765432,0
792,0,0,0,0.09777777777777778,0
793,0,0,0,0.09790123456790123,0
794,0,0,0,0.09802469135802469,0
795,0,0,0,0.09814814814814815,0
796,0,0,0,0.09827160493827161,0
797,0,0,0,0.09839506172839506,0
798,0,0,0,0.09851851851851852,0
799,0,0,0,0.09864197530864198,0
800,0,0,0,0.09876543209876543,0
801,0,0,0,0.09888888888888889,0
802,0,0,0,0.09901234567901235,0
803,0,0,0,0.09913580246913581,0
804,0,0,0,0.09925925925925926,0
805,0,0,0,0.09938271604938272,0
806,0,0,0,0.09950617283950618,0
807,0,0,0,0.09962962962962962,0
808,0,0,0,0.09975308641975308,0
809,0,0,0,0.09987654320987654,0
810,0,0,0,0.1,0
811,0,0,0,0.10012345679012345,0
812,0,0,0,0.10024691358024691,0
813,0,0,0,0.10037037037037037,0
814,0,0,0,0.10049382716049382,0
815,0,0,0,0.10061728395061728,0
816,0,0,0,0.10074074074074074,0
817,0,0,0,0.1008641975308642,0
818,0,0,0,0.10098765432098765,0
819,0,0,0,0.10111111111111111,0
820,0,0,0,0.10123456790123457,0
821,0,0,0,0.10135802469135803,0
822,0,0,0,0.10148148148148148,0
823,0,0,0,0.10160493827160494,0
824,0,0,0,0.1017283950617284,0
825,0,0,0,0.10185185185185185,0
826,0,0,0,0.1019753086419753,0
827,0,0,0,0.10209876543209877,0
828,0,0,0,0.10222222222222223,0
829,0,0,0,0.10234567901234567,0
830,0,0,0,0.10246913580246914,0
831,0,0,0,0.1025925925925926,0
832,0,0,0,0.10271604938271604,0
833,0,0,0,0.1028395061728395,0
834,0,0,0,0.10296296296296296,0
835,0,0,0,0.10308641975308643,0
836,0,0,0,0.10320987654320987,0
837,0,0,0,0.10333333333333333,0
838,0,0,0,0.1034567901234568,0
839,0,0,0,0.10358024691358024,0
840,0,0,0,0.1037037037037037,0
841,0,0,0,0.10382716049382716,0
842,0,0,0,0.10395061728395062,0
843,0,0,0,0.10407407407407407,0
844,0,0,0,0.10419753086419753,0
845,0,0,0,0.10432098765432099,0
846,0,0,0,0.10444444444444445,0
847,0,0,0,0.1045679012345679,0
848,0,0,0,0.10469135802469136,0
849,0,0,0,0.10481481481481482,0
850,0,0,0,0.10493827160493827,0
851,0,0,0,0.10506172839506173,0
852,0,0,0,0.10518518518518519,0
853,0,0,0,0.10530864197530865,0
854,0,0,0,0.1054320987654321,0
855,0,0,0,0.10555555555555556,0
856,0,0,0,0.10567901234567902,0
857,0,0,0,0.10580246913580246,0
858,0,0,0,0.10592592592592592,0
859,0,0,0,0.10604938271604938,0
860,0,0,0,0.10617283950617284,0
861,0,0,0,0.10629629629629629,0
862,0,0,0,0.10641975308641975,0
863,0,0,0,0.10654320987654321,0
864,0,0,0,0.10666666666666667,0
865,0,0,0,0.10679012345679012,0
866,0,0,0,0.10691358024691358,0
867,0,0,0,0.10703703703703704,0
868,0,0,0,0.10716049382716049,0
869,0,0,0,0.10728395061728395,0
870,0,0,0,0.10740740740740741,0
871,0,0,0,0.10753086419753087,0
872,0,0,0,0.10765432098765432,0
873,0,0,0,0.10777777777777778,0
874,0,0,0,0.10790123456790124,0
875,0,0,0,0.10802469135802469,0
876,0,0,0,0.10814814814814815,0
877,0,0,0,0.1082716049382716,0
878,0,0,0,0.10839506172839507,0
879,0,0,0,0.10851851851851851,0
880,0,0,0,0.10864197530864197,0
881,0,0,0,0.10876543209876544,0
882,0,0,0,0.10888888888888888,0
883,0,0,0,0.10901234567901234,0
884,0,0,0,0.1091358024691358,0
885,0,0,0,0.10925925925925926,0
886,0,0,0,0.10938271604938271,0
887,0,0,0,0.10950617283950617,0
888,0,0,0,0.10962962962962963,0
889,0,0,0,0.1097530864197531,0
890,0,0,0,0.10987654320987654,0
891,0,0,0,0.11,0
892,0,0,0,0.11012345679012346,0
893,0,0,0,0.11024691358024691,0
894,0,0,0,0.11037037037037037,0
895,0,0,0,0.11049382716049383,0
896,0,0,0,0.11061728395061729,0
897,0,0,0,0.11074074074074074,0
898,0,0,0,0.1108641975308642,0
899,0,0,0,0.11098765432098766,0
900,0,0,0,0.1111111111111111,0
901,0,0,0,0.11123456790123457,0
902,0,0,0,0.11135802469135803,0
903,0,0,0,0.11148148148148149,0
904,0,0,0,0.11160493827160493,0
905,0,0,0,0.1117283950617284,0
906,0,0,0,0.11185185185185186,0
907,0,0,0,0.1119753086419753,0
908,0,0,0,0.11209876543209876,0
909,0,0,0,0.11222222222222222,0
910,0,0,0,0.11234567901234568,0
911,0,0,0,0.11246913580246913,0
912,0,0,0,0.11259259259259259,0
913,0,0,0,0.11271604938271605,0
914,0,0,0,0.11283950617283951,0
915,0,0,0,0.11296296296296296,0
916,0,0,0,0.11308641975308642,0
917,0,0,0,0.11320987654320988,0
918,0,0,0,0.11333333333333333,0
919,0,0,0,0.11345679012345679,0
920,0,0,0,0.11358024691358025,0
921,0,0,0,0.11370370370370371,0
922,0,0,0,0.11382716049382716,0
923,0,0,0,0.11395061728395062,0
924,0,0,0,0.11407407407407408,0
925,0,0,0,0.11419753086419752,0
926,0,0,0,0.11432098765432099,0
927,0,0,0,0.11444444444444445,0
928,0,0,0,0.1145679012345679,0
929,0,0,0,0.11469135802469135,0
930,0,0,0,0.11481481481481481,0
931,0,0,0,0.11493827160493827,0
932,0,0,0,0.11506172839506174,0
933,0,0,0,0.11518518518518518,0
934,0,0,0,0.11530864197530864,0
935,0,0,0,0.1154320987654321,0
936,0,0,0,0.11555555555555555,0
937,0,0,0,0.11567901234567901,0
938,0,0,0,0.11580246913580247,0
939,0,0,0,0.11592592592592593,0
940,0,0,0,0.11604938271604938,0
941,0,0,0,0.11617283950617284,0
942,0,0,0,0.1162962962962963,0
943,0,0,0,0.11641975308641975,0
944,0,0,0,0.11654320987654321,0
945,0,0,0,0.11666666666666667,0
946,0,0,0,0.11679012345679013,0
947,0,0,0,0.11691358024691358,0
948,0,0,0,0.11703703703703704,0
949,0,0,0,0.1171604938271605,0
950,0,0,0,0.11728395061728394,0
951,0,0,0,0.1174074074074074,0
952,0,0,0,0.11753086419753087,0
953,0,0,0,0.11765432098765433,0
954,0,0,0,0.11777777777777777,0
955,0,0,0,0.11790123456790123,0
956,0,0,0,0.1180246913580247,0
957,0,0,0,0.11814814814814815,0
958,0,0,0,0.1182716049382716,0
959,0,0,0,0.11839506172839506,0
960,0,0,0,0.11851851851851852,0
961,0,0,0,0.11864197530864197,0
962,0,0,0,0.11876543209876543,0
963,0,0,0,0.11888888888888889,0
964,0,0,0,0.11901234567901235,0
965,0,0,0,0.1191358024691358,0
966,0,0,0,0.11925925925925926,0
967,0,0,0,0.11938271604938272,0
968,0,0,0,0.11950617283950617,0
969,0,0,0,0.11962962962962963,0
970,0,0,0,0.11975308641975309,0
971,0,0,0,0.11987654320987655,0
972,0,0,0,0.12,0
973,0,0,0,0.12012345679012346,0
974,0,0,0,0.12024691358024692,0
975,0,0,0,0.12037037037037036,0
976,0,0,0,0.12049382716049382,0
977,0,0,0,0.12061728395061729,0
978,0,0,0,0.12074074074074075,0
979,0,0,0,0.12086419753086419,0
980,0,0,0,0.12098765432098765,0
981,0,0,0,0.12111111111111111,0
982,0,0,0,0.12123456790123457,0
983,0,0,0,0.12135802469135802,0
984,0,0,0,0.12148148148148148,0
985,0,0,0,0.12160493827160494,0
986,0,0,0,0.12172839506172839,0
987,0,0,0,0.12185185185185185,0
988,0,0,0,0.12197530864197531,0
989,0,0,0,0.12209876543209877,0
990,0,0,0,0.12222222222222222,0
991,0,0,0,0.12234567901234568,0
992,0,0,0,0.12246913580246914,0
993,0,0,0,0.12259259259259259,0
994,0,0,0,0.12271604938271605,0
995,0,0,0,0.12283950617283951,0
996,0,0,0,0.12296296296296297,0
997,0,0,0,0.12308641975308642,0
998,0,0,0,0.12320987654320988,0
999,0,0,0,0.12333333333333334,0
1000,0,0,0,0.12345679012345678,0
1001,0,0,0,0.12358024691358024,0
1002,0,0,0,0.1237037037037037,0
1003,0,0,0,0.12382716049382717,0
1004,0,0,0,0.12395061728395061,0
1005,0,0,0,0.12407407407407407,0
1006,0,0,0,0.12419753086419753,0
1007,0,0,0,0.124320987654321,0
1008,0,0,0,0.12444444444444444,0
1009,0,0,0,0.1245679012345679,0
1010,0,0,0,0.12469135802469136,0
1011,0,0,0,0.12481481481481481,0
1012,0,0,0,0.12493827160493827,0
1013,0,0,0,0.12506172839506172,0
1014,0,0,0,0.12518518518518518,0
1015,0,0,0,0.12530864197530864,0
1016,0,0,0,0.1254320987654321,0
1017,0,0,0,0.12555555555555556,0
1018,0,0,0,0.12567901234567902,0
1019,0,0,0,0.12580246913580248,0
1020,0,0,0,0.1259259259259259,0
1021,0,0,0,0.12604938271604937,0
1022,0,0,0,0.12617283950617283,0
1023,0,0,0,0.1262962962962963,0
1024,0,0,0,0.12641975308641976,0
1025,0,0,0,0.12654320987654322,0
1026,0,0,0,0.12666666666666668,0
1027,0,0,0,0.1267901234567901,0
1028,0,0,0,0.12691358024691357,0
1029,0,0,0,0.12703703703703703,0
1030,0,0,0,0.1271604938271605,0
1031,0,0,0,0.12728395061728395,0
1032,0,0,0,0.1274074074074074,0
1033,0,0,0,0.12753086419753087,0
1034,0,0,0,0.1276543209876543,0
1035,0,0,0,0.12777777777777777,0
1036,0,0,0,0.12790123456790123,0
1037,0,0,0,0.1280246913580247,0
1038,0,0,0,0.12814814814814815,0
1039,0,0,0,0.1282716049382716,0
1040,0,0,0,0.12839506172839507,0
1041,0,0,0,0.12851851851851853,0
1042,0,0,0,0.12864197530864196,0
1043,0,0,0,0.12876543209876543,0
1044,0,0,0,0.1288888888888889,0
1045,0,0,0,0.12901234567901235,0
1046,0,0,0,0.1291358024691358,0
1047,0,0,0,0.12925925925925927,0
1048,0,0,0,0.12938271604938273,0
1049,0,0,0,0.12950617283950616,0
1050,0,0,0,0.12962962962962962,0
1051,0,0,0,0.12975308641975308,0
1052,0,0,0,0.12987654320987654,0
1053,0,0,0,0.13,0
1054,0,0,0,0.13012345679012347,0
1055,0,0,0,0.13024691358024693,0
1056,0,0,0,0.13037037037037036,0
1057,0,0,0,0.13049382716049382,0
1058,0,0,0,0.13061728395061728,0
1059,0,0,0,0.13074074074074074,0
1060,0,0,0,0.1308641975308642,0
1061,0,0,0,0.13098765432098766,0
1062,0,0,0,0.13111111111111112,0
1063,0,0,0,0.13123456790123456,0
1064,0,0,0,0.13135802469135802,0
1065,0,0,0,0.13148148148148148,0
1066,0,0,0,0.13160493827160494,0
1067,0,0,0,0.1317283950617284,0
1068,0,0,0,0.13185185185185186,0
1069,0,0,0,0.13197530864197532,0
1070,0,0,0,0.13209876543209875,0
1071,0,0,0,0.1322222222222222,0
1072,0,0,0,0.13234567901234567,0
1073,0,0,0,0.13246913580246913,0
1074,0,0,0,0.1325925925925926,0
1075,0,0,0,0.13271604938271606,0
1076,0,0,0,0.13283950617283952,0
1077,0,0,0,0.13296296296296295,0
1078,0,0,0,0.1330864197530864,0
1079,0,0,0,0.13320987654320987,0
1080,0,0,0,0.13333333333333333,0
1081,0,0,0,0.1334567901234568,0
1082,0,0,0,0.13358024691358025,0
1083,0,0,0,0.1337037037037037,0
1084,0,0,0,0.13382716049382717,0
1085,0,0,0,0.1339506172839506,0
1086,0,0,0,0.13407407407407407,0
1087,0,0,0,0.13419753086419753,0
1088,0,0,0,0.134320987654321,0
1089,0,0,0,0.13444444444444445,0
1090,0,0,0,0.1345679012345679,0
1091,0,0,0,0.13469135802469137,0
1092,0,0,0,0.1348148148148148,0
1093,0,0,0,0.13493827160493826,0
1094,0,0,0,0.13506172839506173,0
1095,0,0,0,0.13518518518518519,0
1096,0,0,0,0.13530864197530865,0
1097,0,0,0,0.1354320987654321,0
1098,0,0,0,0.13555555555555557,0
1099,0,0,0,0.135679012345679,0
1100,0,0,0,0.13580246913580246,0
1101,0,0,0,0.13592592592592592,0
1102,0,0,0,0.13604938271604938,0
1103,0,0,0,0.13617283950617284,0
1104,0,0,0,0.1362962962962963,0
1105,0,0,0,0.13641975308641976,0
1106,0,0,0,0.1365432098765432,0
1107,0,0,0,0.13666666666666666,0
1108,0,0,0,0.13679012345679012,0
1109,0,0,0,0.13691358024691358,0
1110,0,0,0,0.13703703703703704,0
1111,0,0,0,0.1371604938271605,0
1112,0,0,0,0.13728395061728396,0
1113,0,0,0,0.1374074074074074,0
1114,0,0,0,0.13753086419753086,0
1115,0,0,0,0.13765432098765432,0
1116,0,0,0,0.13777777777777778,0
1117,0,0,0,0.13790123456790124,0
1118,0,0,0,0.1380246913580247,0
1119,0,0,0,0.13814814814814816,0
1120,0,0,0,0.1382716049382716,0
1121,0,0,0,0.13839506172839505,0
1122,0,0,0,0.1385185185185185,0
1123,0,0,0,0.13864197530864197,0
1124,0,0,0,0.13876543209876543,0
1125,0,0,0,0.1388888888888889,0
1126,0,0,0,0.13901234567901236,0
1127,0,0,0,0.1391358024691358,0
1128,0,0,0,0.13925925925925925,0
1129,0,0,0,0.1393827160493827,0
1130,0,0,0,0.13950617283950617,0
1131,0,0,0,0.13962962962962963,0
1132,0,0,0,0.1397530864197531,0
1133,0,0,0,0.13987654320987655,0
1134,0,0,0,0.14,0
1135,0,0,0,0.14012345679012345,0
1136,0,0,0,0.1402469135802469,0
1137,0,0,0,0.14037037037037037,0
1138,0,0,0,0.14049382716049383,0
1139,0,0,0,0.1406172839506173,0
1140,0,0,0,0.14074074074074075,0
1141,0,0,0,0.1408641975308642,0
1142,0,0,0,0.14098765432098764,0
1143,0,0,0,0.1411111111111111,0
1144,0,0,0,0.14123456790123456,0
1145,0,0,0,0.14135802469135803,0
1146,0,0,0,0.14148148148148149,0
1147,0,0,0,0.14160493827160495,0
1148,0,0,0,0.1417283950617284,0
1149,0,0,0,0.14185185185185184,0
1150,0,0,0,0.1419753086419753,0
1151,0,0,0,0.14209876543209876,0
1152,0,0,0,0.14222222222222222,0
1153,0,0,0,0.14234567901234568,0
1154,0,0,0,0.14246913580246914,0
1155,0,0,0,0.1425925925925926,0
1156,0,0,0,0.14271604938271604,0
1157,0,0,0,0.1428395061728395,0
1158,0,0,0,0.14296296296296296,0
1159,0,0,0,0.14308641975308642,0
1160,0,0,0,0.14320987654320988,0
1161,0,0,0,0.14333333333333334,0
1162,0,0,0,0.1434567901234568,0
1163,0,0,0,0.14358024691358023,0
1164,0,0,0,0.1437037037037037,0
1165,0,0,0,0.14382716049382716,0
1166,0,0,0,0.14395061728395062,0
1167,0,0,0,0.14407407407407408,0
1168,0,0,0,0.14419753086419754,0
1169,0,0,0,0.144320987654321,0
1170,0,0,0,0.14444444444444443,0
1171,0,0,0,0.1445679012345679,0
1172,0,0,0,0.14469135802469135,0
1173,0,0,0,0.1448148148148148,0
1174,0,0,0,0.14493827160493827,0
1175,0,0,0,0.14506172839506173,0
1176,0,0,0,0.1451851851851852,0
1177,0,0,0,0.14530864197530866,0
1178,0,0,0,0.1454320987654321,0
1179,0,0,0,0.14555555555555555,0
1180,0,0,0,0.145679012345679,0
1181,0,0,0,0.14580246913580247,0
1182,0,0,0,0.14592592592592593,0
1183,0,0,0,0.1460493827160494,0
1184,0,0,0,0.14617283950617285,0
1185,0,0,0,0.14629629629629629,0
1186,0,0,0,0.14641975308641975,0
1187,0,0,0,0.1465432098765432,0
1188,0,0,0,0.14666666666666667,0
1189,0,0,0,0.14679012345679013,0
1190,0,0,0,0.1469135802469136,0
1191,0,0,0,0.14703703703703705,0
1192,0,0,0,0.14716049382716048,0
1193,0,0,0,0.14728395061728394,0
1194,0,0,0,0.1474074074074074,0
1195,0,0,0,0.14753086419753086,0
1196,0,0,0,0.14765432098765433,0
1197,0,0,0,0.14777777777777779,0
1198,0,0,0,0.14790123456790125,0
1199,0,0,0,0.14802469135802468,0
1200,0,0,0,0.14814814814814814,0
1201,0,0,0,0.1482716049382716,0
1202,0,0,0,0.14839506172839506,0
1203,0,0,0,0.14851851851851852,0
1204,0,0,0,0.14864197530864198,0
1205,0,0,0,0.14876543209876544,0
1206,0,0,0,0.14888888888888888,0
1207,0,0,0,0.14901234567901234,0
1208,0,0,0,0.1491358024691358,0
1209,0,0,0,0.14925925925925926,0
1210,0,0,0,0.14938271604938272,0
1211,0,0,0,0.14950617283950618,0
1212,0,0,0,0.14962962962962964,0
1213,0,0,0,0.14975308641975307,0
1214,0,0,0,0.14987654320987653,0
1215,0,0,0,0.15,0
1216,0,0,0,0.15012345679012346,0
1217,0,0,0,0.15024691358024692,0
1218,0,0,0,0.15037037037037038,0
1219,0,0,0,0.15049382716049384,0
1220,0,0,0,0.1506172839506173,0
1221,0,0,0,0.15074074074074073,0
1222,0,0,0,0.1508641975308642,0
1223,0,0,0,0.15098765432098765,0
1224,0,0,0,0.1511111111111111,0
1225,0,0,0,0.15123456790123457,0
1226,0,0,0,0.15135802469135803,0
1227,0,0,0,0.1514814814814815,0
1228,0,0,0,0.15160493827160493,0
1229,0,0,0,0.1517283950617284,0
1230,0,0,0,0.15185185185185185,0
1231,0,0,0,0.1519753086419753,0
1232,0,0,0,0.15209876543209877,0
1233,0,0,0,0.15222222222222223,0
1234,0,0,0,0.1523456790123457,0
1235,0,0,0,0.15246913580246912,0
1236,0,0,0,0.15259259259259259,0
1237,0,0,0,0.15271604938271605,0
1238,0,0,0,0.1528395061728395,0
1239,0,0,0,0.15296296296296297,0
1240,0,0,0,0.15308641975308643,0
1241,0,0,0,0.1532098765432099,0
1242,0,0,0,0.15333333333333332,0
1243,0,0,0,0.15345679012345678,0
1244,0,0,0,0.15358024691358024,0
1245,0,0,0,0.1537037037037037,0
1246,0,0,0,0.15382716049382716,0
1247,0,0,0,0.15395061728395062,0
1248,0,0,0,0.15407407407407409,0
1249,0,0,0,0.15419753086419752,0
1250,0,0,0,0.15432098765432098,0
1251,0,0,0,0.15444444444444444,0
1252,0,0,0,0.1545679012345679,0
1253,0,0,0,0.15469135802469136,0
1254,0,0,0,0.15481481481481482,0
1255,0,0,0,0.15493827160493828,0
1256,0,0,0,0.15506172839506172,0
1257,0,0,0,0.15518518518518518,0
1258,0,0,0,0.15530864197530864,0
1259,0,0,0,0.1554320987654321,0
1260,0,0,0,0.15555555555555556,0
1261,0,0,0,0.15567901234567902,0
1262,0,0,0,0.15580246913580248,0
1263,0,0,0,0.1559259259259259,0
1264,0,0,0,0.15604938271604937,0
1265,0,0,0,0.15617283950617283,0
1266,0,0,0,0.1562962962962963,0
1267,0,0,0,0.15641975308641975,0
1268,0,0,0,0.15654320987654322,0
1269,0,0,0,0.15666666666666668,0
1270,0,0,0,0.15679012345679014,0
1271,0,0,0,0.15691358024691357,0
1272,0,0,0,0.15703703703703703,0
1273,0,0,0,0.1571604938271605,0
1274,0,0,0,0.15728395061728395,0
1275,0,0,0,0.1574074074074074,0
1276,0,0,0,0.15753086419753087,0
1277,0,0,0,0.15765432098765433,0
1278,0,0,0,0.15777777777777777,0
1279,0,0,0,0.15790123456790123,0
1280,0,0,0,0.1580246913580247,0
1281,0,0,0,0.15814814814814815,0
1282,0,0,0,0.1582716049382716,0
1283,0,0,0,0.15839506172839507,0
1284,0,0,0,0.15851851851851853,0
1285,0,0,0,0.15864197530864196,0
1286,0,0,0,0.15876543209876542,0
1287,0,0,0,0.15888888888888889,0
1288,0,0,0,0.15901234567901235,0
1289,0,0,0,0.1591358024691358,0
1290,0,0,0,0.15925925925925927,0
1291,0,0,0,0.15938271604938273,0
1292,0,0,0,0.15950617283950616,0
1293,0,0,0,0.15962962962962962,0
1294,0,0,0,0.15975308641975308,0
1295,0,0,0,0.15987654320987654,0
1296,0,0,0,0.16,0
1297,0,0,0,0.16012345679012346,0
1298,0,0,0,0.16024691358024692,0
1299,0,0,0,0.16037037037037036,0
1300,0,0,0,0.16049382716049382,0
1301,0,0,0,0.16061728395061728,0
1302,0,0,0,0.16074074074074074,0
1303,0,0,0,0.1608641975308642,0
1304,0,0,0,0.16098765432098766,0
1305,0,0,0,0.16111111111111112,0
1306,0,0,0,0.16123456790123455,0
1307,0,0,0,0.16135802469135802,0
1308,0,0,0,0.16148148148148148,0
1309,0,0,0,0.16160493827160494,0
1310,0,0,0,0.1617283950617284,0
1311,0,0,0,0.16185185185185186,0
1312,0,0,0,0.16197530864197532,0
1313,0,0,0,0.16209876543209878,0
1314,0,0,0,0.1622222222222222,0
1315,0,0,0,0.16234567901234567,0
1316,0,0,0,0.16246913580246913,0
1317,0,0,0,0.1625925925925926,0
1318,0,0,0,0.16271604938271605,0
1319,0,0,0,0.16283950617283952,0
1320,0,0,0,0.16296296296296298,0
1321,0,0,0,0.1630864197530864,0
1322,0,0,0,0.16320987654320987,0
1323,0,0,0,0.16333333333333333,0
1324,0,0,0,0.1634567901234568,0
1325,0,0,0,0.16358024691358025,0
1326,0,0,0,0.1637037037037037,0
1327,0,0,0,0.16382716049382717,0
1328,0,0,0,0.1639506172839506,0
1329,0,0,0,0.16407407407407407,0
1330,0,0,0,0.16419753086419753,0
1331,0,0,0,0.164320987654321,0
1332,0,0,0,0.16444444444444445,0
1333,0,0,0,0.1645679012345679,0
1334,0,0,0,0.16469135802469137,0
1335,0,0,0,0.1648148148148148,0
1336,0,0,0,0.16493827160493826,0
1337,0,0,0,0.16506172839506172,0
1338,0,0,0,0.16518518518518518,0
1339,0,0,0,0.16530864197530865,0
1340,0,0,0,0.1654320987654321,0
1341,0,0,0,0.16555555555555557,0
1342,0,0,0,0.165679012345679,0
1343,0,0,0,0.16580246913580246,0
1344,0,0,0,0.16592592592592592,0
1345,0,0,0,0.16604938271604938,0
1346,0,0,0,0.16617283950617284,0
1347,0,0,0,0.1662962962962963,0
1348,0,0,0,0.16641975308641976,0
1349,0,0,0,0.1665432098765432,0
1350,0,0,0,0.16666666666666666,0
1351,0,0,0,0.16679012345679012,0
1352,0,0,0,0.16691358024691358,0
1353,0,0,0,0.16703703703703704,0
1354,0,0,0,0.1671604938271605,0
1355,0,0,0,0.16728395061728396,0
1356,0,0,0,0.1674074074074074,0
1357,0,0,0,0.16753086419753085,0
1358,0,0,0,0.16765432098765432,0
1359,0,0,0,0.16777777777777778,0
1360,0,0,0,0.16790123456790124,0
1361,0,0,0,0.1680246913580247,0
1362,0,0,0,0.16814814814814816,0
1363,0,0,0,0.16827160493827162,0
1364,0,0,0,0.16839506172839505,0
1365,0,0,0,0.1685185185185185,0
1366,0,0,0,0.16864197530864197,0
1367,0,0,0,0.16876543209876543,0
1368,0,0,0,0.1688888888888889,0
1369,0,0,0,0.16901234567901235,0
1370,0,0,0,0.16913580246913582,0
1371,0,0,0,0.16925925925925925,0
1372,0,0,0,0.1693827160493827,0
1373,0,0,0,0.16950617283950617,0
1374,0,0,0,0.16962962962962963,0
1375,0,0,0,0.1697530864197531,0
1376,0,0,0,0.16987654320987655,0
1377,0,0,0,0.17,0
1378,0,0,0,0.17012345679012345,0
1379,0,0,0,0.1702469135802469,0
1380,0,0,0,0.17037037037037037,0
1381,0,0,0,0.17049382716049383,0
1382,0,0,0,0.1706172839506173,0
1383,0,0,0,0.17074074074074075,0
1384,0,0,0,0.1708641975308642,0
1385,0,0,0,0.17098765432098764,0
1386,0,0,0,0.1711111111111111,0
1387,0,0,0,0.17123456790123456,0
1388,0,0,0,0.17135802469135802,0
1389,0,0,0,0.17148148148148148,0
1390,0,0,0,0.17160493827160495,0
1391,0,0,0,0.1717283950617284,0
1392,0,0,0,0.17185185185185184,0
1393,0,0,0,0.1719753086419753,0
1394,0,0,0,0.17209876543209876,0
1395,0,0,0,0.17222222222222222,0
1396,0,0,0,0.17234567901234568,0
1397,0,0,0,0.17246913580246914,0
1398,0,0,0,0.1725925925925926,0
1399,0,0,0,0.17271604938271604,0
1400,0,0,0,0.1728395061728395,0
1401,0,0,0,0.17296296296296296,0
1402,0,0,0,0.17308641975308642,0
1403,0,0,0,0.17320987654320988,0
1404,0,0,0,0.17333333333333334,0
1405,0,0,0,0.1734567901234568,0
1406,0,0,0,0.17358024691358026,0
1407,0,0,0,0.1737037037037037,0
1408,0,0,0,0.17382716049382715,0
1409,0,0,0,0.17395061728395061,0
1410,0,0,0,0.17407407407407408,0
1411,0,0,0,0.17419753086419754,0
1412,0,0,0,0.174320987654321,0
1413,0,0,0,0.17444444444444446,0
1414,0,0,0,0.1745679012345679,0
1415,0,0,0,0.17469135802469135,0
1416,0,0,0,0.1748148148148148,0
1417,0,0,0,0.17493827160493827,0
1418,0,0,0,0.17506172839506173,0
1419,0,0,0,0.1751851851851852,0
1420,0,0,0,0.17530864197530865,0
1421,0,0,0,0.1754320987654321,0
1422,0,0,0,0.17555555555555555,0
1423,0,0,0,0.175679012345679,0
1424,0,0,0,0.17580246913580247,0
1425,0,0,0,0.17592592592592593,0
1426,0,0,0,0.1760493827160494,0
1427,0,0,0,0.17617283950617285,0
1428,0,0,0,0.17629629629629628,0
1429,0,0,0,0.17641975308641974,0
1430,0,0,0,0.1765432098765432,0
1431,0,0,0,0.17666666666666667,0
1432,0,0,0,0.17679012345679013,0
1433,0,0,0,0.1769135802469136,0
1434,0,0,0,0.17703703703703705,0
1435,0,0,0,0.17716049382716048,0
1436,0,0,0,0.17728395061728394,0
1437,0,0,0,0.1774074074074074,0
1438,0,0,0,0.17753086419753086,0
1439,0,0,0,0.17765432098765432,0
1440,0,0,0,0.17777777777777778,0
1441,0,0,0,0.17790123456790125,0
1442,0,0,0,0.17802469135802468,0
1443,0,0,0,0.17814814814814814,0
1444,0,0,0,0.1782716049382716,0
1445,0,0,0,0.17839506172839506,0
1446,0,0,0,0.17851851851851852,0
1447,0,0,0,0.17864197530864198,0
1448,0,0,0,0.17876543209876544,0
1449,0,0,0,0.17888888888888888,0
1450,0,0,0,0.17901234567901234,0
1451,0,0,0,0.1791358024691358,0
1452,0,0,0,0.17925925925925926,0
1453,0,0,0,0.17938271604938272,0
1454,0,0,0,0.17950617283950618,0
1455,0,0,0,0.17962962962962964,0
1456,0,0,0,0.1797530864197531,0
1457,0,0,0,0.17987654320987653,0
1458,0,0,0,0.18,0
1459,0,0,0,0.18012345679012345,0
1460,0,0,0,0.18024691358024691,0
1461,0,0,0,0.18037037037037038,0
1462,0,0,0,0.18049382716049384,0
1463,0,0,0,0.1806172839506173,0
1464,0,0,0,0.18074074074074073,0
1465,0,0,0,0.1808641975308642,0
1466,0,0,0,0.18098765432098765,0
1467,0,0,0,0.1811111111111111,0
1468,0,0,0,0.18123456790123457,0
1469,0,0,0,0.18135802469135803,0
1470,0,0,0,0.1814814814814815,0
1471,0,0,0,0.18160493827160493,0
1472,0,0,0,0.1817283950617284,0
1473,0,0,0,0.18185185185185185,0
1474,0,0,0,0.1819753086419753,0
1475,0,0,0,0.18209876543209877,0
1476,0,0,0,0.18222222222222223,0
1477,0,0,0,0.1823456790123457,0
1478,0,0,0,0.18246913580246912,0
1479,0,0,0,0.18259259259259258,0
1480,0,0,0,0.18271604938271604,0
1481,0,0,0,0.1828395061728395,0
1482,0,0,0,0.18296296296296297,0
1483,0,0,0,0.18308641975308643,0
1484,0,0,0,0.1832098765432099,0
1485,0,0,0,0.18333333333333332,0
1486,0,0,0,0.18345679012345678,0
1487,0,0,0,0.18358024691358024,0
1488,0,0,0,0.1837037037037037,0
1489,0,0,0,0.18382716049382716,0
1490,0,0,0,0.18395061728395062,0
1491,0,0,0,0.18407407407407408,0
1492,0,0,0,0.18419753086419752,0
1493,0,0,0,0.18432098765432098,0
1494,0,0,0,0.18444444444444444,0
1495,0,0,0,0.1845679012345679,0
1496,0,0,0,0.18469135802469136,0
1497,0,0,0,0.18481481481481482,0
1498,0,0,0,0.18493827160493828,0
1499,0,0,0,0.18506172839506174,0
1500,0,0,0,0.18518518518518517,0
1501,0,0,0,0.18530864197530864,0
1502,0,0,0,0.1854320987654321,0
1503,0,0,0,0.18555555555555556,0
1504,0,0,0,0.18567901234567902,0
1505,0,0,0,0.18580246913580248,0
1506,0,0,0,0.18592592592592594,0
1507,0,0,0,0.18604938271604937,0
1508,0,0,0,0.18617283950617283,0
1509,0,0,0,0.1862962962962963,0
1510,0,0,0,0.18641975308641975,0
1511,0,0,0,0.18654320987654321,0
1512,0,0,0,0.18666666666666668,0
1513,0,0,0,0.18679012345679014,0
1514,0,0,0,0.18691358024691357,0
1515,0,0,0,0.18703703703703703,0
1516,0,0,0,0.1871604938271605,0
1517,0,0,0,0.18728395061728395,0
1518,0,0,0,0.1874074074074074,0
1519,0,0,0,0.18753086419753087,0
1520,0,0,0,0.18765432098765433,0
1521,0,0,0,0.18777777777777777,0
1522,0,0,0,0.18790123456790123,0
1523,0,0,0,0.1880246913580247,0
1524,0,0,0,0.18814814814814815,0
1525,0,0,0,0.1882716049382716,0
1526,0,0,0,0.18839506172839507,0
1527,0,0,0,0.18851851851851853,0
1528,0,0,0,0.18864197530864196,0
1529,0,0,0,0.18876543209876542,0
1530,0,0,0,0.18888888888888888,0
1531,0,0,0,0.18901234567901234,0
1532,0,0,0,0.1891358024691358,0
1533,0,0,0,0.18925925925925927,0
1534,0,0,0,0.18938271604938273,0
1535,0,0,0,0.18950617283950616,0
1536,0,0,0,0.18962962962962962,0
1537,0,0,0,0.18975308641975308,0
1538,0,0,0,0.18987654320987654,0
1539,0,0,0,0.19,0
1540,0,0,0,0.19012345679012346,0
1541,0,0,0,0.19024691358024692,0
1542,0,0,0,0.19037037037037038,0
1543,0,0,0,0.19049382716049382,0
1544,0,0,0,0.19061728395061728,0
1545,0,0,0,0.19074074074074074,0
1546,0,0,0,0.1908641975308642,0
1547,0,0,0,0.19098765432098766,0
1548,0,0,0,0.19111111111111112,0
1549,0,0,0,0.19123456790123458,0
1550,0,0,0,0.19135802469135801,0
1551,0,0,0,0.19148148148148147,0
1552,0,0,0,0.19160493827160494,0
1553,0,0,0,0.1917283950617284,0
1554,0,0,0,0.19185185185185186,0
1555,0,0,0,0.19197530864197532,0
1556,0,0,0,0.19209876543209878,0
1557,0,0,0,0.1922222222222222,0
1558,0,0,0,0.19234567901234567,0
1559,0,0,0,0.19246913580246913,0
1560,0,0,0,0.1925925925925926,0
1561,0,0,0,0.19271604938271605,0
1562,0,0,0,0.19283950617283951,0
1563,0,0,0,0.19296296296296298,0
1564,0,0,0,0.1930864197530864,0
1565,0,0,0,0.19320987654320987,0
1566,0,0,0,0.19333333333333333,0
1567,0,0,0,0.1934567901234568,0
1568,0,0,0,0.19358024691358025,0
1569,0,0,0,0.1937037037037037,0
1570,0,0,0,0.19382716049382717,0
1571,0,0,0,0.1939506172839506,0
1572,0,0,0,0.19407407407407407,0
1573,0,0,0,0.19419753086419753,0
1574,0,0,0,0.194320987654321,0
1575,0,0,0,0.19444444444444445,0
1576,0,0,0,0.1945679012345679,0
1577,0,0,0,0.19469135802469137,0
1578,0,0,0,0.1948148148148148,0
1579,0,0,0,0.19493827160493826,0
1580,0,0,0,0.19506172839506172,0
1581,0,0,0,0.19518518518518518,0
1582,0,0,0,0.19530864197530864,0
1583,0,0,0,0.1954320987654321,0
1584,0,0,0,0.19555555555555557,0
1585,0,0,0,0.195679012345679,0
1586,0,0,0,0.19580246913580246,0
1587,0,0,0,0.19592592592592592,0
1588,0,0,0,0.19604938271604938,0
1589,0,0,0,0.19617283950617284,0
1590,0,0,0,0.1962962962962963,0
1591,0,0,0,0.19641975308641976,0
1592,0,0,0,0.19654320987654322,0
1593,0,0,0,0.19666666666666666,0
1594,0,0,0,0.19679012345679012,0
1595,0,0,0,0.19691358024691358,0
1596,0,0,0,0.19703703703703704,0
1597,0,0,0,0.1971604938271605,0
1598,0,0,0,0.19728395061728396,0
1599,0,0,0,0.19740740740740742,0
1600,0,0,0,0.19753086419753085,0
1601,0,0,0,0.19765432098765431,0
1602,0,0,0,0.19777777777777777,0
1603,0,0,0,0.19790123456790124,0
1604,0,0,0,0.1980246913580247,0
1605,0,0,0,0.19814814814814816,0
1606,0,0,0,0.19827160493827162,0
1607,0,0,0,0.19839506172839505,0
1608,0,0,0,0.1985185185185185,0
1609,0,0,0,0.19864197530864197,0
1610,0,0,0,0.19876543209876543,0
1611,0,0,0,0.1988888888888889,0
1612,0,0,0,0.19901234567901235,0
1613,0,0,0,0.19913580246913581,0
1614,0,0,0,0.19925925925925925,0
1615,0,0,0,0.1993827160493827,0
1616,0,0,0,0.19950617283950617,0
1617,0,0,0,0.19962962962962963,0
1618,0,0,0,0.1997530864197531,0
1619,0,0,0,0.19987654320987655,0
1620,0,0,0,0.2,0
1621,0,0,0,0.20012345679012344,0
1622,0,0,0,0.2002469135802469,0
1623,0,0,0,0.20037037037037037,0
1624,0,0,0,0.20049382716049383,0
1625,0,0,0,0.2006172839506173,0
1626,0,0,0,0.20074074074074075,0
1627,0,0,0,0.2008641975308642,0
1628,0,0,0,0.20098765432098764,0
1629,0,0,0,0.2011111111111111,0
1630,0,0,0,0.20123456790123456,0
1631,0,0,0,0.20135802469135802,0
1632,0,0,0,0.20148148148148148,0
1633,0,0,0,0.20160493827160494,0
1634,0,0,0,0.2017283950617284,0
1635,0,0,0,0.20185185185185187,0
1636,0,0,0,0.2019753086419753,0
1637,0,0,0,0.20209876543209876,0
1638,0,0,0,0.20222222222222222,0
1639,0,0,0,0.20234567901234568,0
1640,0,0,0,0.20246913580246914,0
1641,0,0,0,0.2025925925925926,0
1642,0,0,0,0.20271604938271606,0
1643,0,0,0,0.2028395061728395,0
1644,0,0,0,0.20296296296296296,0
1645,0,0,0,0.20308641975308642,0
1646,0,0,0,0.20320987654320988,0
1647,0,0,0,0.20333333333333334,0
1648,0,0,0,0.2034567901234568,0
1649,0,0,0,0.20358024691358026,0
1650,0,0,0,0.2037037037037037,0
1651,0,0,0,0.20382716049382715,0
1652,0,0,0,0.2039506172839506,0
1653,0,0,0,0.20407407407407407,0
1654,0,0,0,0.20419753086419754,0
1655,0,0,0,0.204320987654321,0
1656,0,0,0,0.20444444444444446,0
1657,0,0,0,0.2045679012345679,0
1658,0,0,0,0.20469135802469135,0
1659,0,0,0,0.2048148148148148,0
1660,0,0,0,0.20493827160493827,0
1661,0,0,0,0.20506172839506173,0
1662,0,0,0,0.2051851851851852,0
1663,0,0,0,0.20530864197530865,0
1664,0,0,0,0.2054320987654321,0
1665,0,0,0,0.20555555555555555,0
1666,0,0,0,0.205679012345679,0
1667,0,0,0,0.20580246913580247,0
1668,0,0,0,0.20592592592592593,0
1669,0,0,0,0.2060493827160494,0
1670,0,0,0,0.20617283950617285,0
1671,0,0,0,0.20629629629629628,0
1672,0,0,0,0.20641975308641974,0
1673,0,0,0,0.2065432098765432,0
1674,0,0,0,0.20666666666666667,0
1675,0,0,0,0.20679012345679013,0
1676,0,0,0,0.2069135802469136,0
1677,0,0,0,0.20703703703703705,0
1678,0,0,0,0.20716049382716048,0
1679,0,0,0,0.20728395061728394,0
1680,0,0,0,0.2074074074074074,0
1681,0,0,0,0.20753086419753086,0
1682,0,0,0,0.20765432098765432,0
1683,0,0,0,0.20777777777777778,0
1684,0,0,0,0.20790123456790124,0
1685,0,0,0,0.2080246913580247,0
1686,0,0,0,0.20814814814814814,0
1687,0,0,0,0.2082716049382716,0
1688,0,0,0,0.20839506172839506,0
1689,0,0,0,0.20851851851851852,0
1690,0,0,0,0.20864197530864198,0
1691,0,0,0,0.20876543209876544,0
1692,0,0,0,0.2088888888888889,0
1693,0,0,0,0.20901234567901233,0
1694,0,0,0,0.2091358024691358,0
1695,0,0,0,0.20925925925925926,0
1696,0,0,0,0.20938271604938272,0
1697,0,0,0,0.20950617283950618,0
1698,0,0,0,0.20962962962962964,0
1699,0,0,0,0.2097530864197531,0
1700,0,0,0,0.20987654320987653,0
1701,0,0,0,0.21,0
1702,0,0,0,0.21012345679012345,0
1703,0,0,0,0.2102469135802469,0
1704,0,0,0,0.21037037037037037,0
1705,0,0,0,0.21049382716049383,0
1706,0,0,0,0.2106172839506173,0
1707,0,0,0,0.21074074074074073,0
1708,0,0,0,0.2108641975308642,0
1709,0,0,0,0.21098765432098765,0
1710,0,0,0,0.2111111111111111,0
1711,0,0,0,0.21123456790123457,0
1712,0,0,0,0.21135802469135803,0
1713,0,0,0,0.2114814814814815,0
1714,0,0,0,0.21160493827160493,0
1715,0,0,0,0.21172839506172839,0
1716,0,0,0,0.21185185185185185,0
1717,0,0,0,0.2119753086419753,0
1718,0,0,0,0.21209876543209877,0
1719,0,0,0,0.21222222222222223,0
1720,0,0,0,0.2123456790123457,0
1721,0,0,0,0.21246913580246912,0
1722,0,0,0,0.21259259259259258,0
1723,0,0,0,0.21271604938271604,0
1724,0,0,0,0.2128395061728395,0
1725,0,0,0,0.21296296296296297,0
1726,0,0,0,0.21308641975308643,0
1727,0,0,0,0.2132098765432099,0
1728,0,0,0,0.21333333333333335,0
1729,0,0,0,0.21345679012345678,0
1730,0,0,0,0.21358024691358024,0
1731,0,0,0,0.2137037037037037,0
1732,0,0,0,0.21382716049382716,0
1733,0,0,0,0.21395061728395062,0
1734,0,0,0,0.21407407407407408,0
1735,0,0,0,0.21419753086419754,0
1736,0,0,0,0.21432098765432098,0
1737,0,0,0,0.21444444444444444,0
1738,0,0,0,0.2145679012345679,0
1739,0,0,0,0.21469135802469136,0
1740,0,0,0,0.21481481481481482,0
1741,0,0,0,0.21493827160493828,0
1742,0,0,0,0.21506172839506174,0
1743,0,0,0,0.21518518518518517,0
1744,0,0,0,0.21530864197530863,0
1745,0,0,0,0.2154320987654321,0
1746,0,0,0,0.21555555555555556,0
1747,0,0,0,0.21567901234567902,0
1748,0,0,0,0.21580246913580248,0
1749,0,0,0,0.21592592592592594,0
1750,0,0,0,0.21604938271604937,0
1751,0,0,0,0.21617283950617283,0
1752,0,0,0,0.2162962962962963,0
1753,0,0,0,0.21641975308641975,0
1754,0,0,0,0.2165432098765432,0
1755,0,0,0,0.21666666666666667,0
1756,0,0,0,0.21679012345679013,0
1757,0,0,0,0.21691358024691357,0
1758,0,0,0,0.21703703703703703,0
1759,0,0,0,0.2171604938271605,0
1760,0,0,0,0.21728395061728395,0
1761,0,0,0,0.2174074074074074,0
1762,0,0,0,0.21753086419753087,0
1763,0,0,0,0.21765432098765433,0
1764,0,0,0,0.21777777777777776,0
1765,0,0,0,0.21790123456790123,0
1766,0,0,0,0.21802469135802469,0
1767,0,0,0,0.21814814814814815,0
1768,0,0,0,0.2182716049382716,0
1769,0,0,0,0.21839506172839507,0
1770,0,0,0,0.21851851851851853,0
1771,0,0,0,0.21864197530864196,0
1772,0,0,0,0.21876543209876542,0
1773,0,0,0,0.21888888888888888,0
1774,0,0,0,0.21901234567901234,0
1775,0,0,0,0.2191358024691358,0
1776,0,0,0,0.21925925925925926,0
1777,0,0,0,0.21938271604938273,0
1778,0,0,0,0.2195061728395062,0
1779,0,0,0,0.21962962962962962,0
1780,0,0,0,0.21975308641975308,0
1781,0,0,0,0.21987654320987654,0
1782,0,0,0,0.22,0
1783,0,0,0,0.22012345679012346,0
1784,0,0,0,0.22024691358024692,0
1785,0,0,0,0.22037037037037038,0
1786,0,0,0,0.22049382716049382,0
1787,0,0,0,0.22061728395061728,0
1788,0,0,0,0.22074074074074074,0
1789,0,0,0,0.2208641975308642,0
1790,0,0,0,0.22098765432098766,0
1791,0,0,0,0.22111111111111112,0
1792,0,0,0,0.22123456790123458,0
1793,0,0,0,0.221358024691358,0
1794,0,0,0,0.22148148148148147,0
1795,0,0,0,0.22160493827160493,0
1796,0,0,0,0.2217283950617284,0
1797,0,0,0,0.22185185185185186,0
1798,0,0,0,0.22197530864197532,0
1799,0,0,0,0.22209876543209878,0
1800,0,0,0,0.2222222222222222,0
1801,0,0,0,0.22234567901234567,0
1802,0,0,0,0.22246913580246913,0
1803,0,0,0,0.2225925925925926,0
1804,0,0,0,0.22271604938271605,0
1805,0,0,0,0.2228395061728395,0
1806,0,0,0,0.22296296296296297,0
1807,0,0,0,0.2230864197530864,0
1808,0,0,0,0.22320987654320987,0
1809,0,0,0,0.22333333333333333,0
1810,0,0,0,0.2234567901234568,0
1811,0,0,0,0.22358024691358025,0
1812,0,0,0,0.2237037037037037,0
1813,0,0,0,0.22382716049382717,0
1814,0,0,0,0.2239506172839506,0
1815,0,0,0,0.22407407407407406,0
1816,0,0,0,0.22419753086419753,0
1817,0,0,0,0.22432098765432099,0
1818,0,0,0,0.22444444444444445,0
1819,0,0,0,0.2245679012345679,0
1820,0,0,0,0.22469135802469137,0
1821,0,0,0,0.22481481481481483,0
1822,0,0,0,0.22493827160493826,0
1823,0,0,0,0.22506172839506172,0
1824,0,0,0,0.22518518518518518,0
1825,0,0,0,0.22530864197530864,0
1826,0,0,0,0.2254320987654321,0
1827,0,0,0,0.22555555555555556,0
1828,0,0,0,0.22567901234567903,0
1829,0,0,0,0.22580246913580246,0
1830,0,0,0,0.22592592592592592,0
1831,0,0,0,0.22604938271604938,0
1832,0,0,0,0.22617283950617284,0
1833,0,0,0,0.2262962962962963,0
1834,0,0,0,0.22641975308641976,0
1835,0,0,0,0.22654320987654322,0
1836,0,0,0,0.22666666666666666,0
1837,0,0,0,0.22679012345679012,0
1838,0,0,0,0.22691358024691358,0
1839,0,0,0,0.22703703703703704,0
1840,0,0,0,0.2271604938271605,0
1841,0,0,0,0.22728395061728396,0
1842,0,0,0,0.22740740740740742,0
1843,0,0,0,0.22753086419753085,0
1844,0,0,0,0.2276543209876543,0
1845,0,0,0,0.22777777777777777,0
1846,0,0,0,0.22790123456790123,0
1847,0,0,0,0.2280246913580247,0
1848,0,0,0,0.22814814814814816,0
1849,0,0,0,0.22827160493827162,0
1850,0,0,0,0.22839506172839505,0
1851,0,0,0,0.2285185185185185,0
1852,0,0,0,0.22864197530864197,0
1853,0,0,0,0.22876543209876543,0
1854,0,0,0,0.2288888888888889,0
1855,0,0,0,0.22901234567901235,0
1856,0,0,0,0.2291358024691358,0
1857,0,0,0,0.22925925925925925,0
1858,0,0,0,0.2293827160493827,0
1859,0,0,0,0.22950617283950617,0
1860,0,0,0,0.22962962962962963,0
1861,0,0,0,0.2297530864197531,0
1862,0,0,0,0.22987654320987655,0
1863,0,0,0,0.23,0
1864,0,0,0,0.23012345679012347,0
1865,0,0,0,0.2302469135802469,0
1866,0,0,0,0.23037037037037036,0
1867,0,0,0,0.23049382716049382,0
1868,0,0,0,0.23061728395061729,0
1869,0,0,0,0.23074074074074075,0
1870,0,0,0,0.2308641975308642,0
1871,0,0,0,0.23098765432098767,0
1872,0,0,0,0.2311111111111111,0
1873,0,0,0,0.23123456790123456,0
1874,0,0,0,0.23135802469135802,0
1875,0,0,0,0.23148148148148148,0
1876,0,0,0,0.23160493827160494,0
1877,0,0,0,0.2317283950617284,0
1878,0,0,0,0.23185185185185186,0
1879,0,0,0,0.2319753086419753,0
1880,0,0,0,0.23209876543209876,0
1881,0,0,0,0.23222222222222222,0
1882,0,0,0,0.23234567901234568,0
1883,0,0,0,0.23246913580246914,0
1884,0,0,0,0.2325925925925926,0
1885,0,0,0,0.23271604938271606,0
1886,0,0,0,0.2328395061728395,0
1887,0,0,0,0.23296296296296296,0
1888,0,0,0,0.23308641975308642,0
1889,0,0,0,0.23320987654320988,0
1890,0,0,0,0.23333333333333334,0
1891,0,0,0,0.2334567901234568,0
1892,0,0,0,0.23358024691358026,0
1893,0,0,0,0.2337037037037037,0
1894,0,0,0,0.23382716049382715,0
1895,0,0,0,0.2339506172839506,0
1896,0,0,0,0.23407407407407407,0
1897,0,0,0,0.23419753086419753,0
1898,0,0,0,0.234320987654321,0
1899,0,0,0,0.23444444444444446,0
1900,0,0,0,0.2345679012345679,0
1901,0,0,0,0.23469135802469135,0
1902,0,0,0,0.2348148148148148,0
1903,0,0,0,0.23493827160493827,0
1904,0,0,0,0.23506172839506173,0
1905,0,0,0,0.2351851851851852,0
1906,0,0,0,0.23530864197530865,0
1907,0,0,0,0.23543209876543209,0
1908,0,0,0,0.23555555555555555,0
1909,0,0,0,0.235679012345679,0
1910,0,0,0,0.23580246913580247,0
1911,0,0,0,0.23592592592592593,0
1912,0,0,0,0.2360493827160494,0
1913,0,0,0,0.23617283950617285,0
1914,0,0,0,0.2362962962962963,0
1915,0,0,0,0.23641975308641974,0
1916,0,0,0,0.2365432098765432,0
1917,0,0,0,0.23666666666666666,0
1918,0,0,0,0.23679012345679012,0
1919,0,0,0,0.23691358024691359,0
1920,0,0,0,0.23703703703703705,0
1921,0,0,0,0.2371604938271605,0
1922,0,0,0,0.23728395061728394,0
1923,0,0,0,0.2374074074074074,0
1924,0,0,0,0.23753086419753086,0
1925,0,0,0,0.23765432098765432,0
1926,0,0,0,0.23777777777777778,0
1927,0,0,0,0.23790123456790124,0
1928,0,0,0,0.2380246913580247,0
1929,0,0,0,0.23814814814814814,0
1930,0,0,0,0.2382716049382716,0
1931,0,0,0,0.23839506172839506,0
1932,0,0,0,0.23851851851851852,0
1933,0,0,0,0.23864197530864198,0
1934,0,0,0,0.23876543209876544,0
1935,0,0,0,0.2388888888888889,0
1936,0,0,0,0.23901234567901233,0
1937,0,0,0,0.2391358024691358,0
1938,0,0,0,0.23925925925925925,0
1939,0,0,0,0.23938271604938272,0
1940,0,0,0,0.23950617283950618,0
1941,0,0,0,0.23962962962962964,0
1942,0,0,0,0.2397530864197531,0
1943,0,0,0,0.23987654320987653,0
1944,0,0,0,0.24,0
1945,0,0,0,0.24012345679012345,0
1946,0,0,0,0.2402469135802469,0
1947,0,0,0,0.24037037037037037,0
1948,0,0,0,0.24049382716049383,0
1949,0,0,0,0.2406172839506173,0
1950,0,0,0,0.24074074074074073,0
1951,0,0,0,0.2408641975308642,0
1952,0,0,0,0.24098765432098765,0
1953,0,0,0,0.2411111111111111,0
1954,0,0,0,0.24123456790123457,0
1955,0,0,0,0.24135802469135803,0
1956,0,0,0,0.2414814814814815,0
1957,0,0,0,0.24160493827160495,0
1958,0,0,0,0.24172839506172838,0
1959,0,0,0,0.24185185185185185,0
1960,0,0,0,0.2419753086419753,0
1961,0,0,0,0.24209876543209877,0
1962,0,0,0,0.24222222222222223,0
1963,0,0,0,0.2423456790123457,0
1964,0,0,0,0.24246913580246915,0
1965,0,0,0,0.24259259259259258,0
1966,0,0,0,0.24271604938271604,0
1967,0,0,0,0.2428395061728395,0
1968,0,0,0,0.24296296296296296,0
1969,0,0,0,0.24308641975308642,0
1970,0,0,0,0.24320987654320989,0
1971,0,0,0,0.24333333333333335,0
1972,0,0,0,0.24345679012345678,0
1973,0,0,0,0.24358024691358024,0
1974,0,0,0,0.2437037037037037,0
1975,0,0,0,0.24382716049382716,0
1976,0,0,0,0.24395061728395062,0
1977,0,0,0,0.24407407407407408,0
1978,0,0,0,0.24419753086419754,0
1979,0,0,0,0.24432098765432098,0
1980,0,0,0,0.24444444444444444,0
1981,0,0,0,0.2445679012345679,0
1982,0,0,0,0.24469135802469136,0
1983,0,0,0,0.24481481481481482,0
1984,0,0,0,0.24493827160493828,0
1985,0,0,0,0.24506172839506174,0
1986,0,0,0,0.24518518518518517,0
1987,0,0,0,0.24530864197530863,0
1988,0,0,0,0.2454320987654321,0
1989,0,0,0,0.24555555555555555,0
1990,0,0,0,0.24567901234567902,0
1991,0,0,0,0.24580246913580248,0
1992,0,0,0,0.24592592592592594,0
1993,0,0,0,0.24604938271604937,0
1994,0,0,0,0.24617283950617283,0
1995,0,0,0,0.2462962962962963,0
1996,0,0,0,0.24641975308641975,0
1997,0,0,0,0.2465432098765432,0
1998,0,0,0,0.24666666666666667,0
1999,0,0,0,0.24679012345679013,0
2000,0,0,0,0.24691358024691357,0
2001,0,0,0,0.24703703703703703,0
2002,0,0,0,0.2471604938271605,0
2003,0,0,0,0.24728395061728395,0
2004,0,0,0,0.2474074074074074,0
2005,0,0,0,0.24753086419753087,0
2006,0,0,0,0.24765432098765433,0
2007,0,0,0,0.2477777777777778,0
2008,0,0,0,0.24790123456790122,0
2009,0,0,0,0.24802469135802468,0
2010,0,0,0,0.24814814814814815,0
2011,0,0,0,0.2482716049382716,0
2012,0,0,0,0.24839506172839507,0
2013,0,0,0,0.24851851851851853,0
2014,0,0,0,0.248641975308642,0
2015,0,0,0,0.24876543209876542,0
2016,0,0,0,0.24888888888888888,0
2017,0,0,0,0.24901234567901234,0
2018,0,0,0,0.2491358024691358,0
2019,0,0,0,0.24925925925925926,0
2020,0,0,0,0.24938271604938272,0
2021,0,0,0,0.24950617283950619,0
2022,0,0,0,0.24962962962962962,0
2023,0,0,0,0.24975308641975308,0
2024,0,0,0,0.24987654320987654,0
2025,0,0,0,0.25,0
2026,0,0,0,0.25012345679012343,0
2027,0,0,0,0.2502469135802469,0
2028,0,0,0,0.25037037037037035,0
2029,0,0,0,0.25049382716049384,0
2030,0,0,0,0.2506172839506173,0
2031,0,0,0,0.25074074074074076,0
2032,0,0,0,0.2508641975308642,0
2033,0,0,0,0.25098765432098763,0
2034,0,0,0,0.2511111111111111,0
2035,1,1,0,0.25123456790123455,1
2036,0,0,0,0.25135802469135804,1
2037,0,0,0,0.2514814814814815,1
2038,0,0,0,0.25160493827160496,1
2039,0,0,0,0.2517283950617284,1
2040,0,0,0,0.2518518518518518,1
2041,0,0,0,0.2519753086419753,1
2042,0,0,0,0.25209876543209875,1
2043,0,0,0,0.25222222222222224,1
2044,0,0,0,0.25234567901234567,1
2045,0,0,0,0.25246913580246916,1
2046,0,0,0,0.2525925925925926,1
2047,0,0,0,0.252716049382716,1
2048,0,0,0,0.2528395061728395,1
2049,0,0,0,0.25296296296296295,1
2050,0,0,0,0.25308641975308643,1
2051,0,0,0,0.25320987654320987,1
2052,0,0,0,0.25333333333333335,1
2053,0,0,0,0.2534567901234568,1
2054,0,0,0,0.2535802469135802,1
2055,0,0,0,0.2537037037037037,1
2056,0,0,0,0.25382716049382714,1
2057,0,0,0,0.25395061728395063,1
2058,0,0,0,0.25407407407407406,1
2059,0,0,0,0.25419753086419755,1
2060,0,0,0,0.254320987654321,1
2061,0,0,0,0.2544444444444444,1
2062,0,0,0,0.2545679012345679,1
2063,0,0,0,0.25469135802469134,1
2064,0,0,0,0.2548148148148148,1
2065,0,0,0,0.25493827160493826,1
2066,0,0,0,0.25506172839506175,1
2067,0,0,0,0.2551851851851852,1
2068,0,0,0,0.2553086419753086,1
2069,0,0,0,0.2554320987654321,1
2070,0,0,0,0.25555555555555554,1
2071,0,0,0,0.255679012345679,1
2072,0,0,0,0.25580246913580246,1
2073,0,0,0,0.25592592592592595,1
2074,0,0,0,0.2560493827160494,1
2075,0,0,0,0.25617283950617287,1
2076,0,0,0,0.2562962962962963,1
2077,0,0,0,0.25641975308641973,1
2078,0,0,0,0.2565432098765432,1
2079,0,0,0,0.25666666666666665,1
2080,0,0,0,0.25679012345679014,1
2081,0,0,0,0.2569135802469136,1
2082,0,0,0,0.25703703703703706,1
2083,0,0,0,0.2571604938271605,1
2084,0,0,0,0.25728395061728393,1
2085,0,0,0,0.2574074074074074,1
2086,0,0,0,0.25753086419753085,1
2087,0,0,0,0.25765432098765434,1
2088,0,0,0,0.2577777777777778,1
2089,0,0,0,0.25790123456790126,1
2090,0,0,0,0.2580246913580247,1
2091,0,0,0,0.2581481481481481,1
2092,0,0,0,0.2582716049382716,1
2093,0,0,0,0.25839506172839505,1
2094,0,0,0,0.25851851851851854,1
2095,0,0,0,0.25864197530864197,1
2096,0,0,0,0.25876543209876546,1
2097,0,0,0,0.2588888888888889,1
2098,0,0,0,0.2590123456790123,1
2099,0,0,0,0.2591358024691358,1
2100,0,0,0,0.25925925925925924,1
2101,0,0,0,0.25938271604938273,1
2102,0,0,0,0.25950617283950617,1
2103,0,0,0,0.25962962962962965,1
2104,0,0,0,0.2597530864197531,1
2105,0,0,0,0.2598765432098765,1
2106,0,0,0,0.26,1
2107,0,0,0,0.26012345679012344,1
2108,0,0,0,0.26024691358024693,1
2109,0,0,0,0.26037037037037036,1
2110,0,0,0,0.26049382716049385,1
2111,0,0,0,0.2606172839506173,1
2112,0,0,0,0.2607407407407407,1
2113,0,0,0,0.2608641975308642,1
2114,0,0,0,0.26098765432098764,1
2115,0,0,0,0.2611111111111111,1
2116,0,0,0,0.26123456790123456,1
2117,0,0,0,0.26135802469135805,1
2118,0,0,0,0.2614814814814815,1
2119,0,0,0,0.2616049382716049,1
2120,0,0,0,0.2617283950617284,1
2121,0,0,0,0.26185185185185184,1
2122,0,0,0,0.2619753086419753,1
2123,0,0,0,0.26209876543209876,1
2124,0,0,0,0.26222222222222225,1
2125,0,0,0,0.2623456790123457,1
2126,0,0,0,0.2624691358024691,1
2127,0,0,0,0.2625925925925926,1
2128,0,0,0,0.26271604938271603,1
2129,0,0,0,0.2628395061728395,1
2130,0,0,0,0.26296296296296295,1
2131,0,0,0,0.26308641975308644,1
2132,0,0,0,0.2632098765432099,1
2133,0,0,0,0.2633333333333333,1
2134,0,0,0,0.2634567901234568,1
2135,0,0,0,0.26358024691358023,1
2136,0,0,0,0.2637037037037037,1
2137,0,0,0,0.26382716049382715,1
2138,0,0,0,0.26395061728395064,1
2139,0,0,0,0.26407407407407407,1
2140,0,0,0,0.2641975308641975,1
2141,0,0,0,0.264320987654321,1
2142,0,0,0,0.2644444444444444,1
2143,0,0,0,0.2645679012345679,1
2144,0,0,0,0.26469135802469135,1
2145,0,0,0,0.26481481481481484,1
2146,0,0,0,0.26493827160493827,1
2147,0,0,0,0.2650617283950617,1
2148,0,0,0,0.2651851851851852,1
2149,0,0,0,0.2653086419753086,1
2150,0,0,0,0.2654320987654321,1
2151,0,0,0,0.26555555555555554,1
2152,0,0,0,0.26567901234567903,1
2153,0,0,0,0.26580246913580247,1
2154,0,0,0,0.2659259259259259,1
2155,0,0,0,0.2660493827160494,1
2156,0,0,0,0.2661728395061728,1
2157,0,0,0,0.2662962962962963,1
2158,0,0,0,0.26641975308641974,1
2159,0,0,0,0.26654320987654323,1
2160,0,0,0,0.26666666666666666,1
2161,0,0,0,0.2667901234567901,1
2162,0,0,0,0.2669135802469136,1
2163,0,0,0,0.267037037037037,1
2164,1,1,0,0.2671604938271605,2
2165,0,0,0,0.26728395061728394,2
2166,0,0,0,0.2674074074074074,2
2167,0,0,0,0.26753086419753086,2
2168,0,0,0,0.26765432098765435,2
2169,0,0,0,0.2677777777777778,2
2170,0,0,0,0.2679012345679012,2
2171,0,0,0,0.2680246913580247,2
2172,0,0,0,0.26814814814814814,2
2173,0,0,0,0.2682716049382716,2
2174,0,0,0,0.26839506172839506,2
2175,0,0,0,0.26851851851851855,2
2176,0,0,0,0.268641975308642,2
2177,0,0,0,0.2687654320987654,2
2178,0,0,0,0.2688888888888889,2
2179,0,0,0,0.26901234567901233,2
2180,0,0,0,0.2691358024691358,2
2181,0,0,0,0.26925925925925925,2
2182,0,0,0,0.26938271604938274,2
2183,0,0,0,0.2695061728395062,2
2184,0,0,0,0.2696296296296296,2
2185,0,0,0,0.2697530864197531,2
2186,0,0,0,0.26987654320987653,2
2187,0,0,0,0.27,2
2188,0,0,0,0.27012345679012345,2
2189,0,0,0,0.27024691358024694,2
2190,0,0,0,0.27037037037037037,2
2191,0,0,0,0.2704938271604938,2
2192,0,0,0,0.2706172839506173,2
2193,0,0,0,0.2707407407407407,2
2194,0,0,0,0.2708641975308642,2
2195,0,0,0,0.27098765432098765,2
2196,0,0,0,0.27111111111111114,2
2197,0,0,0,0.27123456790123457,2
2198,0,0,0,0.271358024691358,2
2199,0,0,0,0.2714814814814815,2
2200,0,0,0,0.2716049382716049,2
2201,0,0,0,0.2717283950617284,2
2202,0,0,0,0.27185185185185184,2
2203,0,0,0,0.27197530864197533,2
2204,0,0,0,0.27209876543209877,2
2205,0,0,0,0.2722222222222222,2
2206,0,0,0,0.2723456790123457,2
2207,0,0,0,0.2724691358024691,2
2208,0,0,0,0.2725925925925926,2
2209,0,0,0,0.27271604938271604,2
2210,0,0,0,0.27283950617283953,2
2211,0,0,0,0.27296296296296296,2
2212,0,0,0,0.2730864197530864,2
2213,0,0,0,0.2732098765432099,2
2214,0,0,0,0.2733333333333333,2
2215,0,0,0,0.2734567901234568,2
2216,0,0,0,0.27358024691358024,2
2217,0,0,0,0.2737037037037037,2
2218,0,0,0,0.27382716049382716,2
2219,0,0,0,0.2739506172839506,2
2220,0,0,0,0.2740740740740741,2
2221,0,0,0,0.2741975308641975,2
2222,0,0,0,0.274320987654321,2
2223,0,0,0,0.27444444444444444,2
2224,0,0,0,0.2745679012345679,2
2225,0,0,0,0.27469135802469136,2
2226,0,0,0,0.2748148148148148,2
2227,0,0,0,0.2749382716049383,2
2228,0,0,0,0.2750617283950617,2
2229,0,0,0,0.2751851851851852,2
2230,0,0,0,0.27530864197530863,2
2231,0,0,0,0.2754320987654321,2
2232,0,0,0,0.27555555555555555,2
2233,0,0,0,0.275679012345679,2
2234,0,0,0,0.2758024691358025,2
2235,0,0,0,0.2759259259259259,2
2236,0,0,0,0.2760493827160494,2
2237,0,0,0,0.27617283950617283,2
2238,0,0,0,0.2762962962962963,2
2239,0,0,0,0.27641975308641975,2
2240,0,0,0,0.2765432098765432,2
2241,0,0,0,0.27666666666666667,2
2242,0,0,0,0.2767901234567901,2
2243,0,0,0,0.2769135802469136,2
2244,0,0,0,0.277037037037037,2
2245,0,0,0,0.2771604938271605,2
2246,0,0,0,0.27728395061728395,2
2247,0,0,0,0.2774074074074074,2
2248,0,0,0,0.27753086419753087,2
2249,0,0,0,0.2776543209876543,2
2250,0,0,0,0.2777777777777778,2
2251,0,0,0,0.2779012345679012,2
2252,0,0,0,0.2780246913580247,2
2253,0,0,0,0.27814814814814814,2
2254,0,0,0,0.2782716049382716,2
2255,0,0,0,0.27839506172839507,2
2256,0,0,0,0.2785185185185185,2
2257,0,0,0,0.278641975308642,2
2258,0,0,0,0.2787654320987654,2
2259,0,0,0,0.2788888888888889,2
2260,0,0,0,0.27901234567901234,2
2261,0,0,0,0.27913580246913583,2
2262,0,0,0,0.27925925925925926,2
2263,0,0,0,0.2793827160493827,2
2264,0,0,0,0.2795061728395062,2
2265,0,0,0,0.2796296296296296,2
2266,0,0,0,0.2797530864197531,2
2267,0,0,0,0.27987654320987654,2
2268,0,0,0,0.28,2
2269,0,0,0,0.28012345679012346,2
2270,0,0,0,0.2802469135802469,2
2271,0,0,0,0.2803703703703704,2
2272,0,0,0,0.2804938271604938,2
2273,0,0,0,0.2806172839506173,2
2274,0,0,0,0.28074074074074074,2
2275,0,0,0,0.2808641975308642,2
2276,0,0,0,0.28098765432098766,2
2277,0,0,0,0.2811111111111111,2
2278,0,0,0,0.2812345679012346,2
2279,0,0,0,0.281358024691358,2
2280,0,0,0,0.2814814814814815,2
2281,0,0,0,0.28160493827160493,2
2282,0,0,0,0.2817283950617284,2
2283,0,0,0,0.28185185185185185,2
2284,0,0,0,0.2819753086419753,2
2285,0,0,0,0.2820987654320988,2
2286,0,0,0,0.2822222222222222,2
2287,0,0,0,0.2823456790123457,2
2288,0,0,0,0.28246913580246913,2
2289,0,0,0,0.2825925925925926,2
2290,0,0,0,0.28271604938271605,2
2291,0,0,0,0.2828395061728395,2
2292,0,0,0,0.28296296296296297,2
2293,0,0,0,0.2830864197530864,2
2294,0,0,0,0.2832098765432099,2
2295,0,0,0,0.2833333333333333,2
2296,0,0,0,0.2834567901234568,2
2297,0,0,0,0.28358024691358025,2
2298,0,0,0,0.2837037037037037,2
2299,0,0,0,0.28382716049382717,2
2300,0,0,0,0.2839506172839506,2
2301,0,0,0,0.2840740740740741,2
2302,0,0,0,0.2841975308641975,2
2303,0,0,0,0.284320987654321,2
2304,0,0,0,0.28444444444444444,2
2305,0,0,0,0.2845679012345679,2
2306,0,0,0,0.28469135802469137,2
2307,0,0,0,0.2848148148148148,2
2308,0,0,0,0.2849382716049383,2
2309,0,0,0,0.2850617283950617,2
2310,0,0,0,0.2851851851851852,2
2311,0,0,0,0.28530864197530864,2
2312,0,0,0,0.2854320987654321,2
2313,0,0,0,0.28555555555555556,2
2314,0,0,0,0.285679012345679,2
2315,0,0,0,0.2858024691358025,2
2316,0,0,0,0.2859259259259259,2
2317,0,0,0,0.2860493827160494,2
2318,0,0,0,0.28617283950617284,2
2319,0,0,0,0.28629629629629627,2
2320,0,0,0,0.28641975308641976,2
2321,0,0,0,0.2865432098765432,2
2322,0,0,0,0.2866666666666667,2
2323,0,0,0,0.2867901234567901,2
2324,0,0,0,0.2869135802469136,2
2325,0,0,0,0.28703703703703703,2
2326,0,0,0,0.28716049382716047,2
2327,0,0,0,0.28728395061728396,2
2328,0,0,0,0.2874074074074074,2
2329,0,0,0,0.2875308641975309,2
2330,0,0,0,0.2876543209876543,2
2331,0,0,0,0.2877777777777778,2
2332,0,0,0,0.28790123456790123,2
2333,0,0,0,0.28802469135802466,2
2334,0,0,0,0.28814814814814815,2
2335,0,0,0,0.2882716049382716,2
2336,0,0,0,0.2883950617283951,2
2337,0,0,0,0.2885185185185185,2
2338,0,0,0,0.288641975308642,2
2339,0,0,0,0.28876543209876543,2
2340,0,0,0,0.28888888888888886,2
2341,0,0,0,0.28901234567901235,2
2342,0,0,0,0.2891358024691358,2
2343,0,0,0,0.28925925925925927,2
2344,0,0,0,0.2893827160493827,2
2345,0,0,0,0.2895061728395062,2
2346,0,0,0,0.2896296296296296,2
2347,0,0,0,0.28975308641975306,2
2348,0,0,0,0.28987654320987655,2
2349,0,0,0,0.29,2
2350,0,0,0,0.29012345679012347,2
2351,0,0,0,0.2902469135802469,2
2352,0,0,0,0.2903703703703704,2
2353,0,0,0,0.2904938271604938,2
2354,0,0,0,0.2906172839506173,2
2355,0,0,0,0.29074074074074074,2
2356,0,0,0,0.2908641975308642,2
2357,0,0,0,0.29098765432098767,2
2358,0,0,0,0.2911111111111111,2
2359,0,0,0,0.2912345679012346,2
2360,0,0,0,0.291358024691358,2
2361,0,0,0,0.2914814814814815,2
2362,0,0,0,0.29160493827160494,2
2363,0,0,0,0.2917283950617284,2
2364,0,0,0,0.29185185185185186,2
2365,0,0,0,0.2919753086419753,2
2366,0,0,0,0.2920987654320988,2
2367,0,0,0,0.2922222222222222,2
2368,0,0,0,0.2923456790123457,2
2369,0,0,0,0.29246913580246914,2
2370,0,0,0,0.29259259259259257,2
2371,0,0,0,0.29271604938271606,2
2372,0,0,0,0.2928395061728395,2
2373,0,0,0,0.292962962962963,2
2374,0,0,0,0.2930864197530864,2
2375,0,0,0,0.2932098765432099,2
2376,0,0,0,0.29333333333333333,2
2377,0,0,0,0.29345679012345677,2
2378,0,0,0,0.29358024691358026,2
2379,0,0,0,0.2937037037037037,2
2380,0,0,0,0.2938271604938272,2
2381,0,0,0,0.2939506172839506,2
2382,0,0,0,0.2940740740740741,2
2383,0,0,0,0.29419753086419753,2
2384,0,0,0,0.29432098765432096,2
2385,0,0,0,0.29444444444444445,2
2386,0,0,0,0.2945679012345679,2
2387,0,0,0,0.2946913580246914,2
2388,0,0,0,0.2948148148148148,2
2389,0,0,0,0.2949382716049383,2
2390,0,0,0,0.29506172839506173,2
2391,0,0,0,0.29518518518518516,2
2392,0,0,0,0.29530864197530865,2
2393,0,0,0,0.2954320987654321,2
2394,0,0,0,0.29555555555555557,2
2395,0,0,0,0.295679012345679,2
2396,0,0,0,0.2958024691358025,2
2397,0,0,0,0.2959259259259259,2
2398,0,0,0,0.29604938271604936,2
2399,0,0,0,0.29617283950617285,2
2400,0,0,0,0.2962962962962963,2
2401,0,0,0,0.29641975308641977,2
2402,0,0,0,0.2965432098765432,2
2403,0,0,0,0.2966666666666667,2
2404,0,0,0,0.2967901234567901,2
2405,0,0,0,0.29691358024691356,2
2406,0,0,0,0.29703703703703704,2
2407,0,0,0,0.2971604938271605,2
2408,0,0,0,0.29728395061728397,2
2409,0,0,0,0.2974074074074074,2
2410,0,0,0,0.2975308641975309,2
2411,0,0,0,0.2976543209876543,2
2412,0,0,0,0.29777777777777775,2
2413,0,0,0,0.29790123456790124,2
2414,0,0,0,0.2980246913580247,2
2415,0,0,0,0.29814814814814816,2
2416,0,0,0,0.2982716049382716,2
2417,0,0,0,0.2983950617283951,2
2418,0,0,0,0.2985185185185185,2
2419,0,0,0,0.29864197530864195,2
2420,0,0,0,0.29876543209876544,2
2421,0,0,0,0.29888888888888887,2
2422,0,0,0,0.29901234567901236,2
2423,0,0,0,0.2991358024691358,2
2424,0,0,0,0.2992592592592593,2
2425,0,0,0,0.2993827160493827,2
2426,0,0,0,0.29950617283950615,2
2427,0,0,0,0.29962962962962963,2
2428,0,0,0,0.29975308641975307,2
2429,0,0,0,0.29987654320987656,2
2430,0,0,0,0.3,2
2431,0,0,0,0.3001234567901235,2
2432,0,0,0,0.3002469135802469,2
2433,0,0,0,0.30037037037037034,2
2434,0,0,0,0.30049382716049383,2
2435,0,0,0,0.30061728395061726,2
2436,0,0,0,0.30074074074074075,2
2437,0,0,0,0.3008641975308642,2
2438,0,0,0,0.3009876543209877,2
2439,0,0,0,0.3011111111111111,2
2440,0,0,0,0.3012345679012346,2
2441,0,0,0,0.30135802469135803,2
2442,0,0,0,0.30148148148148146,2
2443,0,0,0,0.30160493827160495,2
2444,0,0,0,0.3017283950617284,2
2445,0,0,0,0.30185185185185187,2
2446,0,0,0,0.3019753086419753,2
2447,0,0,0,0.3020987654320988,2
2448,0,0,0,0.3022222222222222,2
2449,0,0,0,0.30234567901234566,2
2450,0,0,0,0.30246913580246915,2
2451,0,0,0,0.3025925925925926,2
2452,0,0,0,0.30271604938271607,2
2453,0,0,0,0.3028395061728395,2
2454,0,0,0,0.302962962962963,2
2455,0,0,0,0.3030864197530864,2
2456,0,0,0,0.30320987654320986,2
2457,0,0,0,0.30333333333333334,2
2458,0,0,0,0.3034567901234568,2
2459,0,0,0,0.30358024691358027,2
2460,0,0,0,0.3037037037037037,2
2461,0,0,0,0.3038271604938272,2
2462,0,0,0,0.3039506172839506,2
2463,0,0,0,0.30407407407407405,2
2464,0,0,0,0.30419753086419754,2
2465,0,0,0,0.304320987654321,2
2466,0,0,0,0.30444444444444446,2
2467,0,0,0,0.3045679012345679,2
2468,0,0,0,0.3046913580246914,2
2469,0,0,0,0.3048148148148148,2
2470,0,0,0,0.30493827160493825,2
2471,0,0,0,0.30506172839506174,2
2472,0,0,0,0.30518518518518517,2
2473,0,0,0,0.30530864197530866,2
2474,0,0,0,0.3054320987654321,2
2475,0,0,0,0.3055555555555556,2
2476,0,0,0,0.305679012345679,2
2477,0,0,0,0.30580246913580245,2
2478,0,0,0,0.30592592592592593,2
2479,0,0,0,0.30604938271604937,2
2480,0,0,0,0.30617283950617286,2
2481,0,0,0,0.3062962962962963,2
2482,0,0,0,0.3064197530864198,2
2483,0,0,0,0.3065432098765432,2
2484,0,0,0,0.30666666666666664,2
2485,0,0,0,0.30679012345679013,2
2486,0,0,0,0.30691358024691356,2
2487,0,0,0,0.30703703703703705,2
2488,0,0,0,0.3071604938271605,2
2489,0,0,0,0.307283950617284,2
2490,0,0,0,0.3074074074074074,2
2491,0,0,0,0.30753086419753084,2
2492,0,0,0,0.30765432098765433,2
2493,0,0,0,0.30777777777777776,2
2494,0,0,0,0.30790123456790125,2
2495,0,0,0,0.3080246913580247,2
2496,0,0,0,0.30814814814814817,2
2497,0,0,0,0.3082716049382716,2
2498,0,0,0,0.30839506172839504,2
2499,0,0,0,0.3085185185185185,2
2500,0,0,0,0.30864197530864196,2
2501,0,0,0,0.30876543209876545,2
2502,0,0,0,0.3088888888888889,2
2503,0,0,0,0.30901234567901237,2
2504,0,0,0,0.3091358024691358,2
2505,0,0,0,0.30925925925925923,2
2506,0,0,0,0.3093827160493827,2
2507,0,0,0,0.30950617283950616,2
2508,0,0,0,0.30962962962962964,2
2509,0,0,0,0.3097530864197531,2
2510,0,0,0,0.30987654320987656,2
2511,0,0,0,0.31,2
2512,0,0,0,0.31012345679012343,2
2513,0,0,0,0.3102469135802469,2
2514,0,0,0,0.31037037037037035,2
2515,0,0,0,0.31049382716049384,2
2516,0,0,0,0.3106172839506173,2
2517,0,0,0,0.31074074074074076,2
2518,0,0,0,0.3108641975308642,2
2519,0,0,0,0.3109876543209876,2
2520,0,0,0,0.3111111111111111,2
2521,0,0,0,0.31123456790123455,2
2522,0,0,0,0.31135802469135804,2
2523,0,0,0,0.31148148148148147,2
2524,0,0,0,0.31160493827160496,2
2525,0,0,0,0.3117283950617284,2
2526,0,0,0,0.3118518518518518,2
2527,0,0,0,0.3119753086419753,2
2528,0,0,0,0.31209876543209875,2
2529,0,0,0,0.31222222222222223,2
2530,0,0,0,0.31234567901234567,2
2531,0,0,0,0.31246913580246916,2
2532,0,0,0,0.3125925925925926,2
2533,0,0,0,0.3127160493827161,2
2534,0,0,0,0.3128395061728395,2
2535,0,0,0,0.31296296296296294,2
2536,0,0,0,0.31308641975308643,2
2537,0,0,0,0.31320987654320986,2
2538,0,0,0,0.31333333333333335,2
2539,0,0,0,0.3134567901234568,2
2540,0,0,0,0.3135802469135803,2
2541,0,0,0,0.3137037037037037,2
2542,0,0,0,0.31382716049382714,2
2543,0,0,0,0.31395061728395063,2
2544,0,0,0,0.31407407407407406,2
2545,0,0,0,0.31419753086419755,2
2546,0,0,0,0.314320987654321,2
2547,0,0,0,0.31444444444444447,2
2548,0,0,0,0.3145679012345679,2
2549,0,0,0,0.31469135802469134,2
2550,0,0,0,0.3148148148148148,2
2551,0,0,0,0.31493827160493826,2
2552,0,0,0,0.31506172839506175,2
2553,0,0,0,0.3151851851851852,2
2554,0,0,0,0.31530864197530867,2
2555,0,0,0,0.3154320987654321,2
2556,0,0,0,0.31555555555555553,2
2557,0,0,0,0.315679012345679,2
2558,0,0,0,0.31580246913580245,2
2559,0,0,0,0.31592592592592594,2
2560,0,0,0,0.3160493827160494,2
2561,0,0,0,0.31617283950617286,2
2562,0,0,0,0.3162962962962963,2
2563,0,0,0,0.31641975308641973,2
2564,0,0,0,0.3165432098765432,2
2565,0,0,0,0.31666666666666665,2
2566,0,0,0,0.31679012345679014,2
2567,0,0,0,0.3169135802469136,2
2568,0,0,0,0.31703703703703706,2
2569,0,0,0,0.3171604938271605,2
2570,0,0,0,0.3172839506172839,2
2571,0,0,0,0.3174074074074074,2
2572,0,0,0,0.31753086419753085,2
2573,0,0,0,0.31765432098765434,2
2574,0,0,0,0.31777777777777777,2
2575,0,0,0,0.31790123456790126,2
2576,0,0,0,0.3180246913580247,2
2577,0,0,0,0.3181481481481481,2
2578,0,0,0,0.3182716049382716,2
2579,0,0,0,0.31839506172839505,2
2580,0,0,0,0.31851851851851853,2
2581,0,0,0,0.31864197530864197,2
2582,0,0,0,0.31876543209876546,2
2583,0,0,0,0.3188888888888889,2
2584,0,0,0,0.3190123456790123,2
2585,0,0,0,0.3191358024691358,2
2586,0,0,0,0.31925925925925924,2
2587,0,0,0,0.31938271604938273,2
2588,0,0,0,0.31950617283950616,2
2589,0,0,0,0.31962962962962965,2
2590,0,0,0,0.3197530864197531,2
2591,0,0,0,0.3198765432098765,2
2592,0,0,0,0.32,2
2593,0,0,0,0.32012345679012344,2
2594,0,0,0,0.32024691358024693,2
2595,0,0,0,0.32037037037037036,2
2596,0,0,0,0.32049382716049385,2
2597,0,0,0,0.3206172839506173,2
2598,0,0,0,0.3207407407407407,2
2599,0,0,0,0.3208641975308642,2
2600,0,0,0,0.32098765432098764,2
2601,0,0,0,0.3211111111111111,2
2602,0,0,0,0.32123456790123456,2
2603,0,0,0,0.32135802469135805,2
2604,0,0,0,0.3214814814814815,2
2605,0,0,0,0.3216049382716049,2
2606,0,0,0,0.3217283950617284,2
2607,0,0,0,0.32185185185185183,2
2608,0,0,0,0.3219753086419753,2
2609,0,0,0,0.32209876543209875,2
2610,0,0,0,0.32222222222222224,2
2611,0,0,0,0.3223456790123457,2
2612,0,0,0,0.3224691358024691,2
2613,0,0,0,0.3225925925925926,2
2614,0,0,0,0.32271604938271603,2
2615,0,0,0,0.3228395061728395,2
2616,0,0,0,0.32296296296296295,2
2617,0,0,0,0.32308641975308644,2
2618,0,0,0,0.3232098765432099,2
2619,0,0,0,0.3233333333333333,2
2620,0,0,0,0.3234567901234568,2
2621,0,0,0,0.3235802469135802,2
2622,0,0,0,0.3237037037037037,2
2623,0,0,0,0.32382716049382715,2
2624,0,0,0,0.32395061728395064,2
2625,0,0,0,0.32407407407407407,2
2626,0,0,0,0.32419753086419756,2
2627,0,0,0,0.324320987654321,2
2628,0,0,0,0.3244444444444444,2
2629,0,0,0,0.3245679012345679,2
2630,0,0,0,0.32469135802469135,2
2631,0,0,0,0.32481481481481483,2
2632,0,0,0,0.32493827160493827,2
2633,0,0,0,0.32506172839506176,2
2634,0,0,0,0.3251851851851852,2
2635,0,0,0,0.3253086419753086,2
2636,0,0,0,0.3254320987654321,2
2637,0,0,0,0.32555555555555554,2
2638,0,0,0,0.32567901234567903,2
2639,0,0,0,0.32580246913580246,2
2640,0,0,0,0.32592592592592595,2
2641,0,0,0,0.3260493827160494,2
2642,0,0,0,0.3261728395061728,2
2643,0,0,0,0.3262962962962963,2
2644,0,0,0,0.32641975308641974,2
2645,0,0,0,0.32654320987654323,2
2646,0,0,0,0.32666666666666666,2
2647,0,0,0,0.32679012345679015,2
2648,0,0,0,0.3269135802469136,2
2649,0,0,0,0.327037037037037,2
2650,0,0,0,0.3271604938271605,2
2651,0,0,0,0.32728395061728394,2
2652,0,0,0,0.3274074074074074,2
2653,0,0,0,0.32753086419753086,2
2654,0,0,0,0.32765432098765435,2
2655,0,0,0,0.3277777777777778,2
2656,0,0,0,0.3279012345679012,2
2657,0,0,0,0.3280246913580247,2
2658,0,0,0,0.32814814814814813,2
2659,0,0,0,0.3282716049382716,2
2660,0,0,0,0.32839506172839505,2
2661,0,0,0,0.32851851851851854,2
2662,0,0,0,0.328641975308642,2
2663,0,0,0,0.3287654320987654,2
2664,0,0,0,0.3288888888888889,2
2665,0,0,0,0.32901234567901233,2
2666,0,0,0,0.3291358024691358,2
2667,0,0,0,0.32925925925925925,2
2668,0,0,0,0.32938271604938274,2
2669,0,0,0,0.3295061728395062,2
2670,0,0,0,0.3296296296296296,2
2671,0,0,0,0.3297530864197531,2
2672,0,0,0,0.3298765432098765,2
2673,0,0,0,0.33,2
2674,0,0,0,0.33012345679012345,2
2675,0,0,0,0.33024691358024694,2
2676,0,0,0,0.33037037037037037,2
2677,0,0,0,0.3304938271604938,2
2678,0,0,0,0.3306172839506173,2
2679,0,0,0,0.3307407407407407,2
2680,0,0,0,0.3308641975308642,2
2681,0,0,0,0.33098765432098765,2
2682,0,0,0,0.33111111111111113,2
2683,0,0,0,0.33123456790123457,2
2684,0,0,0,0.331358024691358,2
2685,0,0,0,0.3314814814814815,2
2686,0,0,0,0.3316049382716049,2
2687,0,0,0,0.3317283950617284,2
2688,0,0,0,0.33185185185185184,2
2689,0,0,0,0.33197530864197533,2
2690,0,0,0,0.33209876543209876,2
2691,0,0,0,0.3322222222222222,2
2692,0,0,0,0.3323456790123457,2
2693,0,0,0,0.3324691358024691,2
2694,0,0,0,0.3325925925925926,2
2695,0,0,0,0.33271604938271604,2
2696,0,0,0,0.3328395061728395,2
2697,0,0,0,0.33296296296296296,2
2698,0,0,0,0.3330864197530864,2
2699,0,0,0,0.3332098765432099,2
2700,0,0,0,0.3333333333333333,2
2701,0,0,0,0.3334567901234568,2
2702,0,0,0,0.33358024691358024,2
2703,0,0,0,0.3337037037037037,2
2704,0,0,0,0.33382716049382716,2
2705,0,0,0,0.3339506172839506,2
2706,0,0,0,0.3340740740740741,2
2707,0,0,0,0.3341975308641975,2
2708,0,0,0,0.334320987654321,2
2709,0,0,0,0.33444444444444443,2
2710,0,0,0,0.3345679012345679,2
2711,0,0,0,0.33469135802469135,2
2712,0,0,0,0.3348148148148148,2
2713,0,0,0,0.3349382716049383,2
2714,0,0,0,0.3350617283950617,2
2715,0,0,0,0.3351851851851852,2
2716,0,0,0,0.33530864197530863,2
2717,0,0,0,0.3354320987654321,2
2718,0,0,0,0.33555555555555555,2
2719,0,0,0,0.33567901234567904,2
2720,0,0,0,0.3358024691358025,2
2721,0,0,0,0.3359259259259259,2
2722,0,0,0,0.3360493827160494,2
2723,0,0,0,0.3361728395061728,2
2724,0,0,0,0.3362962962962963,2
2725,0,0,0,0.33641975308641975,2
2726,0,0,0,0.33654320987654324,2
2727,0,0,0,0.33666666666666667,2
2728,0,0,0,0.3367901234567901,2
2729,0,0,0,0.3369135802469136,2
2730,0,0,0,0.337037037037037,2
2731,0,0,0,0.3371604938271605,2
2732,0,0,0,0.33728395061728395,2
2733,0,0,0,0.33740740740740743,2
2734,0,0,0,0.33753086419753087,2
2735,0,0,0,0.3376543209876543,2
2736,0,0,0,0.3377777777777778,2
2737,0,0,0,0.3379012345679012,2
2738,0,0,0,0.3380246913580247,2
2739,0,0,0,0.33814814814814814,2
2740,0,0,0,0.33827160493827163,2
2741,0,0,0,0.33839506172839506,2
2742,0,0,0,0.3385185185185185,2
2743,0,0,0,0.338641975308642,2
2744,0,0,0,0.3387654320987654,2
2745,0,0,0,0.3388888888888889,2
2746,0,0,0,0.33901234567901234,2
2747,0,0,0,0.3391358024691358,2
2748,0,0,0,0.33925925925925926,2
2749,0,0,0,0.3393827160493827,2
2750,0,0,0,0.3395061728395062,2
2751,0,0,0,0.3396296296296296,2
2752,0,0,0,0.3397530864197531,2
2753,0,0,0,0.33987654320987654,2
2754,0,0,0,0.34,2
2755,0,0,0,0.34012345679012346,2
2756,0,0,0,0.3402469135802469,2
2757,0,0,0,0.3403703703703704,2
2758,0,0,0,0.3404938271604938,2
2759,0,0,0,0.3406172839506173,2
2760,0,0,0,0.34074074074074073,2
2761,0,0,0,0.3408641975308642,2
2762,0,0,0,0.34098765432098765,2
2763,0,0,0,0.3411111111111111,2
2764,0,0,0,0.3412345679012346,2
2765,0,0,0,0.341358024691358,2
2766,0,0,0,0.3414814814814815,2
2767,0,0,0,0.34160493827160493,2
2768,0,0,0,0.3417283950617284,2
2769,0,0,0,0.34185185185185185,2
2770,0,0,0,0.3419753086419753,2
2771,0,0,0,0.3420987654320988,2
2772,0,0,0,0.3422222222222222,2
2773,0,0,0,0.3423456790123457,2
2774,0,0,0,0.3424691358024691,2
2775,0,0,0,0.3425925925925926,2
2776,0,0,0,0.34271604938271605,2
2777,0,0,0,0.3428395061728395,2
2778,0,0,0,0.34296296296296297,2
2779,0,0,0,0.3430864197530864,2
2780,0,0,0,0.3432098765432099,2
2781,0,0,0,0.3433333333333333,2
2782,0,0,0,0.3434567901234568,2
2783,0,0,0,0.34358024691358025,2
2784,0,0,0,0.3437037037037037,2
2785,0,0,0,0.34382716049382717,2
2786,0,0,0,0.3439506172839506,2
2787,0,0,0,0.3440740740740741,2
2788,0,0,0,0.3441975308641975,2
2789,0,0,0,0.344320987654321,2
2790,0,0,0,0.34444444444444444,2
2791,0,0,0,0.3445679012345679,2
2792,0,0,0,0.34469135802469136,2
2793,0,0,0,0.3448148148148148,2
2794,0,0,0,0.3449382716049383,2
2795,0,0,0,0.3450617283950617,2
2796,0,0,0,0.3451851851851852,2
2797,0,0,0,0.34530864197530864,2
2798,0,0,0,0.34543209876543207,2
2799,0,0,0,0.34555555555555556,2
2800,0,0,0,0.345679012345679,2
2801,0,0,0,0.3458024691358025,2
2802,0,0,0,0.3459259259259259,2
2803,0,0,0,0.3460493827160494,2
2804,0,0,0,0.34617283950617284,2
2805,0,0,0,0.34629629629629627,2
2806,0,0,0,0.34641975308641976,2
2807,0,0,0,0.3465432098765432,2
2808,0,0,0,0.3466666666666667,2
2809,0,0,0,0.3467901234567901,2
2810,0,0,0,0.3469135802469136,2
2811,0,0,0,0.34703703703703703,2
2812,0,0,0,0.3471604938271605,2
2813,0,0,0,0.34728395061728395,2
2814,0,0,0,0.3474074074074074,2
2815,0,0,0,0.3475308641975309,2
2816,0,0,0,0.3476543209876543,2
2817,0,0,0,0.3477777777777778,2
2818,0,0,0,0.34790123456790123,2
2819,0,0,0,0.3480246913580247,2
2820,0,0,0,0.34814814814814815,2
2821,0,0,0,0.3482716049382716,2
2822,1,1,0,0.3483950617283951,3
2823,0,0,0,0.3485185185185185,3
2824,0,0,0,0.348641975308642,3
2825,0,0,0,0.3487654320987654,3
2826,0,0,0,0.3488888888888889,3
2827,0,0,0,0.34901234567901235,3
2828,0,0,0,0.3491358024691358,3
2829,0,0,0,0.34925925925925927,3
2830,0,0,0,0.3493827160493827,3
2831,0,0,0,0.3495061728395062,3
2832,0,0,0,0.3496296296296296,3
2833,0,0,0,0.3497530864197531,3
2834,0,0,0,0.34987654320987654,3
2835,1,1,0,0.35,4
2836,0,0,0,0.35012345679012347,4
2837,0,0,0,0.3502469135802469,4
2838,0,0,0,0.3503703703703704,4
2839,0,0,0,0.3504938271604938,4
2840,0,0,0,0.3506172839506173,4
2841,0,0,0,0.35074074074074074,4
2842,0,0,0,0.3508641975308642,4
2843,0,0,0,0.35098765432098766,4
2844,0,0,0,0.3511111111111111,4
2845,0,0,0,0.3512345679012346,4
2846,0,0,0,0.351358024691358,4
2847,0,0,0,0.3514814814814815,4
2848,0,0,0,0.35160493827160494,4
2849,0,0,0,0.35172839506172837,4
2850,0,0,0,0.35185185185185186,4
2851,0,0,0,0.3519753086419753,4
2852,0,0,0,0.3520987654320988,4
2853,0,0,0,0.3522222222222222,4
2854,0,0,0,0.3523456790123457,4
2855,0,0,0,0.35246913580246914,4
2856,0,0,0,0.35259259259259257,4
2857,0,0,0,0.35271604938271606,4
2858,0,0,0,0.3528395061728395,4
2859,0,0,0,0.352962962962963,4
2860,0,0,0,0.3530864197530864,4
2861,0,0,0,0.3532098765432099,4
2862,0,0,0,0.35333333333333333,4
2863,0,0,0,0.35345679012345677,4
2864,0,0,0,0.35358024691358025,4
2865,0,0,0,0.3537037037037037,4
2866,0,0,0,0.3538271604938272,4
2867,0,0,0,0.3539506172839506,4
2868,0,0,0,0.3540740740740741,4
2869,0,0,0,0.35419753086419753,4
2870,0,0,0,0.35432098765432096,4
2871,0,0,0,0.35444444444444445,4
2872,0,0,0,0.3545679012345679,4
2873,0,0,0,0.35469135802469137,4
2874,0,0,0,0.3548148148148148,4
2875,0,0,0,0.3549382716049383,4
2876,0,0,0,0.3550617283950617,4
2877,0,0,0,0.35518518518518516,4
2878,0,0,0,0.35530864197530865,4
2879,0,0,0,0.3554320987654321,4
2880,0,0,0,0.35555555555555557,4
2881,0,0,0,0.355679012345679,4
2882,0,0,0,0.3558024691358025,4
2883,0,0,0,0.3559259259259259,4
2884,0,0,0,0.35604938271604936,4
2885,0,0,0,0.35617283950617284,4
2886,0,0,0,0.3562962962962963,4
2887,0,0,0,0.35641975308641977,4
2888,0,0,0,0.3565432098765432,4
2889,0,0,0,0.3566666666666667,4
2890,0,0,0,0.3567901234567901,4
2891,0,0,0,0.35691358024691355,4
2892,0,0,0,0.35703703703703704,4
2893,0,0,0,0.3571604938271605,4
2894,0,0,0,0.35728395061728396,4
2895,0,0,0,0.3574074074074074,4
2896,0,0,0,0.3575308641975309,4
2897,0,0,0,0.3576543209876543,4
2898,0,0,0,0.35777777777777775,4
2899,0,0,0,0.35790123456790124,4
2900,0,0,0,0.35802469135802467,4
2901,0,0,0,0.35814814814814816,4
2902,0,0,0,0.3582716049382716,4
2903,0,0,0,0.3583950617283951,4
2904,0,0,0,0.3585185185185185,4
2905,0,0,0,0.358641975308642,4
2906,0,0,0,0.35876543209876544,4
2907,0,0,0,0.35888888888888887,4
2908,0,0,0,0.35901234567901236,4
2909,0,0,0,0.3591358024691358,4
2910,0,0,0,0.3592592592592593,4
2911,0,0,0,0.3593827160493827,4
2912,0,0,0,0.3595061728395062,4
2913,0,0,0,0.35962962962962963,4
2914,0,0,0,0.35975308641975307,4
2915,0,0,0,0.35987654320987655,4
2916,0,0,0,0.36,4
2917,0,0,0,0.3601234567901235,4
2918,0,0,0,0.3602469135802469,4
2919,0,0,0,0.3603703703703704,4
2920,0,0,0,0.36049382716049383,4
2921,0,0,0,0.36061728395061726,4
2922,0,0,0,0.36074074074074075,4
2923,0,0,0,0.3608641975308642,4
2924,0,0,0,0.36098765432098767,4
2925,0,0,0,0.3611111111111111,4
2926,0,0,0,0.3612345679012346,4
2927,0,0,0,0.361358024691358,4
2928,0,0,0,0.36148148148148146,4
2929,0,0,0,0.36160493827160495,4
2930,0,0,0,0.3617283950617284,4
2931,0,0,0,0.36185185185185187,4
2932,0,0,0,0.3619753086419753,4
2933,0,0,0,0.3620987654320988,4
2934,0,0,0,0.3622222222222222,4
2935,0,0,0,0.36234567901234566,4
2936,0,0,0,0.36246913580246914,4
2937,0,0,0,0.3625925925925926,4
2938,0,0,0,0.36271604938271607,4
2939,0,0,0,0.3628395061728395,4
2940,0,0,0,0.362962962962963,4
2941,0,0,0,0.3630864197530864,4
2942,0,0,0,0.36320987654320985,4
2943,0,0,0,0.36333333333333334,4
2944,0,0,0,0.3634567901234568,4
2945,0,0,0,0.36358024691358026,4
2946,0,0,0,0.3637037037037037,4
2947,0,0,0,0.3638271604938272,4
2948,0,0,0,0.3639506172839506,4
2949,0,0,0,0.36407407407407405,4
2950,0,0,0,0.36419753086419754,4
2951,0,0,0,0.36432098765432097,4
2952,0,0,0,0.36444444444444446,4
2953,0,0,0,0.3645679012345679,4
2954,0,0,0,0.3646913580246914,4
2955,0,0,0,0.3648148148148148,4
2956,0,0,0,0.36493827160493825,4
2957,0,0,0,0.36506172839506174,4
2958,0,0,0,0.36518518518518517,4
2959,0,0,0,0.36530864197530866,4
2960,0,0,0,0.3654320987654321,4
2961,0,0,0,0.3655555555555556,4
2962,0,0,0,0.365679012345679,4
2963,0,0,0,0.36580246913580244,4
2964,0,0,0,0.36592592592592593,4
2965,0,0,0,0.36604938271604937,4
2966,0,0,0,0.36617283950617285,4
2967,0,0,0,0.3662962962962963,4
2968,0,0,0,0.3664197530864198,4
2969,0,0,0,0.3665432098765432,4
2970,1,1,0,0.36666666666666664,5
2971,0,0,0,0.36679012345679013,5
2972,0,0,0,0.36691358024691356,5
2973,0,0,0,0.36703703703703705,5
2974,0,0,0,0.3671604938271605,5
2975,0,0,0,0.36728395061728397,5
2976,0,0,0,0.3674074074074074,5
2977,0,0,0,0.36753086419753084,5
2978,0,0,0,0.3676543209876543,5
2979,0,0,0,0.36777777777777776,5
2980,0,0,0,0.36790123456790125,5
2981,0,0,0,0.3680246913580247,5
2982,0,0,0,0.36814814814814817,5
2983,0,0,0,0.3682716049382716,5
2984,0,0,0,0.36839506172839503,5
2985,0,0,0,0.3685185185185185,5
2986,0,0,0,0.36864197530864196,5
2987,0,0,0,0.36876543209876544,5
2988,0,0,0,0.3688888888888889,5
2989,0,0,0,0.36901234567901237,5
2990,0,0,0,0.3691358024691358,5
2991,0,0,0,0.36925925925925923,5
2992,0,0,0,0.3693827160493827,5
2993,0,0,0,0.36950617283950615,5
2994,0,0,0,0.36962962962962964,5
2995,0,0,0,0.3697530864197531,5
2996,0,0,0,0.36987654320987656,5
2997,0,0,0,0.37,5
2998,0,0,0,0.3701234567901235,5
2999,0,0,0,0.3702469135802469,5
3000,0,0,0,0.37037037037037035,5
3001,0,0,0,0.37049382716049384,5
3002,0,0,0,0.37061728395061727,5
3003,0,0,0,0.37074074074074076,5
3004,0,0,0,0.3708641975308642,5
3005,0,0,0,0.3709876543209877,5
3006,0,0,0,0.3711111111111111,5
3007,0,0,0,0.37123456790123455,5
3008,0,0,0,0.37135802469135804,5
3009,0,0,0,0.37148148148148147,5
3010,0,0,0,0.37160493827160496,5
3011,0,0,0,0.3717283950617284,5
3012,0,0,0,0.3718518518518519,5
3013,0,0,0,0.3719753086419753,5
3014,0,0,0,0.37209876543209874,5
3015,0,0,0,0.37222222222222223,5
3016,0,0,0,0.37234567901234567,5
3017,0,0,0,0.37246913580246915,5
3018,0,0,0,0.3725925925925926,5
3019,0,0,0,0.3727160493827161,5
3020,0,0,0,0.3728395061728395,5
3021,0,0,0,0.37296296296296294,5
3022,0,0,0,0.37308641975308643,5
3023,0,0,0,0.37320987654320986,5
3024,0,0,0,0.37333333333333335,5
3025,0,0,0,0.3734567901234568,5
3026,0,0,0,0.37358024691358027,5
3027,0,0,0,0.3737037037037037,5
3028,0,0,0,0.37382716049382714,5
3029,0,0,0,0.3739506172839506,5
3030,0,0,0,0.37407407407407406,5
3031,0,0,0,0.37419753086419755,5
3032,0,0,0,0.374320987654321,5
3033,0,0,0,0.37444444444444447,5
3034,0,0,0,0.3745679012345679,5
3035,0,0,0,0.37469135802469133,5
3036,0,0,0,0.3748148148148148,5
3037,0,0,0,0.37493827160493826,5
3038,0,0,0,0.37506172839506174,5
3039,0,0,0,0.3751851851851852,5
3040,0,0,0,0.37530864197530867,5
3041,0,0,0,0.3754320987654321,5
3042,0,0,0,0.37555555555555553,5
3043,0,0,0,0.375679012345679,5
3044,0,0,0,0.37580246913580245,5
3045,0,0,0,0.37592592592592594,5
3046,0,0,0,0.3760493827160494,5
3047,0,0,0,0.37617283950617286,5
3048,0,0,0,0.3762962962962963,5
3049,0,0,0,0.37641975308641973,5
3050,0,0,0,0.3765432098765432,5
3051,0,0,0,0.37666666666666665,5
3052,0,0,0,0.37679012345679014,5
3053,0,0,0,0.37691358024691357,5
3054,0,0,0,0.37703703703703706,5
3055,0,0,0,0.3771604938271605,5
3056,0,0,0,0.3772839506172839,5
3057,0,0,0,0.3774074074074074,5
3058,0,0,0,0.37753086419753085,5
3059,0,0,0,0.37765432098765433,5
3060,0,0,0,0.37777777777777777,5
3061,0,0,0,0.37790123456790126,5
3062,0,0,0,0.3780246913580247,5
3063,0,0,0,0.3781481481481481,5
3064,0,0,0,0.3782716049382716,5
3065,0,0,0,0.37839506172839504,5
3066,0,0,0,0.37851851851851853,5
3067,0,0,0,0.37864197530864196,5
3068,0,0,0,0.37876543209876545,5
3069,0,0,0,0.3788888888888889,5
3070,0,0,0,0.3790123456790123,5
3071,0,0,0,0.3791358024691358,5
3072,0,0,0,0.37925925925925924,5
3073,0,0,0,0.37938271604938273,5
3074,0,0,0,0.37950617283950616,5
3075,0,0,0,0.37962962962962965,5
3076,0,0,0,0.3797530864197531,5
3077,0,0,0,0.3798765432098765,5
3078,0,0,0,0.38,5
3079,0,0,0,0.38012345679012344,5
3080,0,0,0,0.3802469135802469,5
3081,0,0,0,0.38037037037037036,5
3082,0,0,0,0.38049382716049385,5
3083,0,0,0,0.3806172839506173,5
3084,0,0,0,0.38074074074074077,5
3085,0,0,0,0.3808641975308642,5
3086,0,0,0,0.38098765432098763,5
3087,0,0,0,0.3811111111111111,5
3088,0,0,0,0.38123456790123456,5
3089,0,0,0,0.38135802469135804,5
3090,0,0,0,0.3814814814814815,5
3091,0,0,0,0.38160493827160497,5
3092,0,0,0,0.3817283950617284,5
3093,0,0,0,0.38185185185185183,5
3094,0,0,0,0.3819753086419753,5
3095,0,0,0,0.38209876543209875,5
3096,0,0,0,0.38222222222222224,5
3097,0,0,0,0.3823456790123457,5
3098,0,0,0,0.38246913580246916,5
3099,0,0,0,0.3825925925925926,5
3100,0,0,0,0.38271604938271603,5
3101,0,0,0,0.3828395061728395,5
3102,0,0,0,0.38296296296296295,5
3103,0,0,0,0.38308641975308644,5
3104,0,0,0,0.38320987654320987,5
3105,0,0,0,0.38333333333333336,5
3106,0,0,0,0.3834567901234568,5
3107,0,0,0,0.3835802469135802,5
3108,0,0,0,0.3837037037037037,5
3109,0,0,0,0.38382716049382715,5
3110,0,0,0,0.38395061728395063,5
3111,0,0,0,0.38407407407407407,5
3112,0,0,0,0.38419753086419756,5
3113,0,0,0,0.384320987654321,5
3114,0,0,0,0.3844444444444444,5
3115,0,0,0,0.3845679012345679,5
3116,0,0,0,0.38469135802469134,5
3117,0,0,0,0.38481481481481483,5
3118,0,0,0,0.38493827160493826,5
3119,0,0,0,0.38506172839506175,5
3120,0,0,0,0.3851851851851852,5
3121,0,0,0,0.3853086419753086,5
3122,0,0,0,0.3854320987654321,5
3123,0,0,0,0.38555555555555554,5
3124,0,0,0,0.38567901234567903,5
3125,0,0,0,0.38580246913580246,5
3126,0,0,0,0.38592592592592595,5
3127,0,0,0,0.3860493827160494,5
3128,0,0,0,0.3861728395061728,5
3129,0,0,0,0.3862962962962963,5
3130,0,0,0,0.38641975308641974,5
3131,0,0,0,0.3865432098765432,5
3132,0,0,0,0.38666666666666666,5
3133,0,0,0,0.38679012345679015,5
3134,0,0,0,0.3869135802469136,5
3135,0,0,0,0.387037037037037,5
3136,0,0,0,0.3871604938271605,5
3137,0,0,0,0.38728395061728393,5
3138,0,0,0,0.3874074074074074,5
3139,0,0,0,0.38753086419753086,5
3140,0,0,0,0.38765432098765434,5
3141,0,0,0,0.3877777777777778,5
3142,0,0,0,0.3879012345679012,5
3143,0,0,0,0.3880246913580247,5
3144,0,0,0,0.38814814814814813,5
3145,0,0,0,0.3882716049382716,5
3146,0,0,0,0.38839506172839505,5
3147,1,1,0,0.38851851851851854,6
3148,0,0,0,0.388641975308642,6
3149,0,0,0,0.3887654320987654,6
3150,0,0,0,0.3888888888888889,6
3151,0,0,0,0.38901234567901233,6
3152,0,0,0,0.3891358024691358,6
3153,0,0,0,0.38925925925925925,6
3154,0,0,0,0.38938271604938274,6
3155,0,0,0,0.38950617283950617,6
3156,0,0,0,0.3896296296296296,6
3157,0,0,0,0.3897530864197531,6
3158,0,0,0,0.3898765432098765,6
3159,0,0,0,0.39,6
3160,0,0,0,0.39012345679012345,6
3161,0,0,0,0.39024691358024693,6
3162,0,0,0,0.39037037037037037,6
3163,0,0,0,0.3904938271604938,6
3164,0,0,0,0.3906172839506173,6
3165,0,0,0,0.3907407407407407,6
3166,0,0,0,0.3908641975308642,6
3167,0,0,0,0.39098765432098764,6
3168,0,0,0,0.39111111111111113,6
3169,0,0,0,0.39123456790123456,6
3170,0,0,0,0.391358024691358,6
3171,0,0,0,0.3914814814814815,6
3172,0,0,0,0.3916049382716049,6
3173,0,0,0,0.3917283950617284,6
3174,0,0,0,0.39185185185185184,6
3175,0,0,0,0.39197530864197533,6
3176,0,0,0,0.39209876543209876,6
3177,0,0,0,0.39222222222222225,6
3178,0,0,0,0.3923456790123457,6
3179,0,0,0,0.3924691358024691,6
3180,0,0,0,0.3925925925925926,6
3181,0,0,0,0.39271604938271604,6
3182,0,0,0,0.3928395061728395,6
3183,0,0,0,0.39296296296296296,6
3184,0,0,0,0.39308641975308645,6
3185,0,0,0,0.3932098765432099,6
3186,0,0,0,0.3933333333333333,6
3187,0,0,0,0.3934567901234568,6
3188,0,0,0,0.39358024691358023,6
3189,0,0,0,0.3937037037037037,6
3190,0,0,0,0.39382716049382716,6
3191,0,0,0,0.39395061728395064,6
3192,0,0,0,0.3940740740740741,6
3193,0,0,0,0.3941975308641975,6
3194,0,0,0,0.394320987654321,6
3195,0,0,0,0.39444444444444443,6
3196,0,0,0,0.3945679012345679,6
3197,0,0,0,0.39469135802469135,6
3198,0,0,0,0.39481481481481484,6
3199,0,0,0,0.3949382716049383,6
3200,0,0,0,0.3950617283950617,6
3201,0,0,0,0.3951851851851852,6
3202,0,0,0,0.39530864197530863,6
3203,0,0,0,0.3954320987654321,6
3204,0,0,0,0.39555555555555555,6
3205,0,0,0,0.39567901234567904,6
3206,0,0,0,0.39580246913580247,6
3207,0,0,0,0.3959259259259259,6
3208,0,0,0,0.3960493827160494,6
3209,0,0,0,0.3961728395061728,6
3210,0,0,0,0.3962962962962963,6
3211,0,0,0,0.39641975308641975,6
3212,0,0,0,0.39654320987654323,6
3213,0,0,0,0.39666666666666667,6
3214,0,0,0,0.3967901234567901,6
3215,0,0,0,0.3969135802469136,6
3216,0,0,0,0.397037037037037,6
3217,0,0,0,0.3971604938271605,6
3218,0,0,0,0.39728395061728394,6
3219,0,0,0,0.39740740740740743,6
3220,0,0,0,0.39753086419753086,6
3221,0,0,0,0.3976543209876543,6
3222,0,0,0,0.3977777777777778,6
3223,0,0,0,0.3979012345679012,6
3224,0,0,0,0.3980246913580247,6
3225,0,0,0,0.39814814814814814,6
3226,0,0,0,0.39827160493827163,6
3227,0,0,0,0.39839506172839506,6
3228,0,0,0,0.3985185185185185,6
3229,0,0,0,0.398641975308642,6
3230,0,0,0,0.3987654320987654,6
3231,0,0,0,0.3988888888888889,6
3232,0,0,0,0.39901234567901234,6
3233,0,0,0,0.3991358024691358,6
3234,0,0,0,0.39925925925925926,6
3235,0,0,0,0.3993827160493827,6
3236,0,0,0,0.3995061728395062,6
3237,0,0,0,0.3996296296296296,6
3238,0,0,0,0.3997530864197531,6
3239,0,0,0,0.39987654320987653,6
3240,0,0,0,0.4,6
3241,1,1,0,0.40012345679012346,7
3242,0,0,0,0.4002469135802469,7
3243,0,0,0,0.4003703703703704,7
3244,0,0,0,0.4004938271604938,7
3245,0,0,0,0.4006172839506173,7
3246,0,0,0,0.40074074074074073,7
3247,0,0,0,0.4008641975308642,7
3248,0,0,0,0.40098765432098765,7
3249,0,0,0,0.4011111111111111,7
3250,0,0,0,0.4012345679012346,7
3251,0,0,0,0.401358024691358,7
3252,0,0,0,0.4014814814814815,7
3253,0,0,0,0.4016049382716049,7
3254,0,0,0,0.4017283950617284,7
3255,0,0,0,0.40185185185185185,7
3256,0,0,0,0.4019753086419753,7
3257,0,0,0,0.40209876543209877,7
3258,0,0,0,0.4022222222222222,7
3259,0,0,0,0.4023456790123457,7
3260,0,0,0,0.4024691358024691,7
3261,0,0,0,0.4025925925925926,7
3262,0,0,0,0.40271604938271605,7
3263,0,0,0,0.4028395061728395,7
3264,0,0,0,0.40296296296296297,7
3265,0,0,0,0.4030864197530864,7
3266,0,0,0,0.4032098765432099,7
3267,0,0,0,0.4033333333333333,7
3268,0,0,0,0.4034567901234568,7
3269,0,0,0,0.40358024691358024,7
3270,0,0,0,0.40370370370370373,7
3271,0,0,0,0.40382716049382716,7
3272,1,1,0,0.4039506172839506,8
3273,0,0,0,0.4040740740740741,8
3274,0,0,0,0.4041975308641975,8
3275,0,0,0,0.404320987654321,8
3276,0,0,0,0.40444444444444444,8
3277,0,0,0,0.40456790123456793,8
3278,0,0,0,0.40469135802469136,8
3279,0,0,0,0.4048148148148148,8
3280,0,0,0,0.4049382716049383,8
3281,0,0,0,0.4050617283950617,8
3282,0,0,0,0.4051851851851852,8
3283,0,0,0,0.40530864197530864,8
3284,0,0,0,0.4054320987654321,8
3285,0,0,0,0.40555555555555556,8
3286,0,0,0,0.405679012345679,8
3287,0,0,0,0.4058024691358025,8
3288,0,0,0,0.4059259259259259,8
3289,0,0,0,0.4060493827160494,8
3290,0,0,0,0.40617283950617283,8
3291,0,0,0,0.4062962962962963,8
3292,0,0,0,0.40641975308641975,8
3293,0,0,0,0.4065432098765432,8
3294,0,0,0,0.4066666666666667,8
3295,0,0,0,0.4067901234567901,8
3296,0,0,0,0.4069135802469136,8
3297,0,0,0,0.40703703703703703,8
3298,0,0,0,0.4071604938271605,8
3299,0,0,0,0.40728395061728395,8
3300,0,0,0,0.4074074074074074,8
3301,0,0,0,0.4075308641975309,8
3302,0,0,0,0.4076543209876543,8
3303,0,0,0,0.4077777777777778,8
3304,0,0,0,0.4079012345679012,8
3305,0,0,0,0.4080246913580247,8
3306,0,0,0,0.40814814814814815,8
3307,0,0,0,0.4082716049382716,8
3308,0,0,0,0.40839506172839507,8
3309,0,0,0,0.4085185185185185,8
3310,0,0,0,0.408641975308642,8
3311,0,0,0,0.4087654320987654,8
3312,0,0,0,0.4088888888888889,8
3313,0,0,0,0.40901234567901235,8
3314,0,0,0,0.4091358024691358,8
3315,0,0,0,0.40925925925925927,8
3316,0,0,0,0.4093827160493827,8
3317,0,0,0,0.4095061728395062,8
3318,0,0,0,0.4096296296296296,8
3319,0,0,0,0.4097530864197531,8
3320,0,0,0,0.40987654320987654,8
3321,0,0,0,0.41,8
3322,0,0,0,0.41012345679012346,8
3323,0,0,0,0.4102469135802469,8
3324,0,0,0,0.4103703703703704,8
3325,0,0,0,0.4104938271604938,8
3326,0,0,0,0.4106172839506173,8
3327,0,0,0,0.41074074074074074,8
3328,0,0,0,0.4108641975308642,8
3329,0,0,0,0.41098765432098766,8
3330,0,0,0,0.4111111111111111,8
3331,0,0,0,0.4112345679012346,8
3332,0,0,0,0.411358024691358,8
3333,0,0,0,0.4114814814814815,8
3334,0,0,0,0.41160493827160494,8
3335,0,0,0,0.41172839506172837,8
3336,0,0,0,0.41185185185185186,8
3337,0,0,0,0.4119753086419753,8
3338,0,0,0,0.4120987654320988,8
3339,0,0,0,0.4122222222222222,8
3340,0,0,0,0.4123456790123457,8
3341,0,0,0,0.41246913580246913,8
3342,0,0,0,0.41259259259259257,8
3343,0,0,0,0.41271604938271605,8
3344,0,0,0,0.4128395061728395,8
3345,0,0,0,0.412962962962963,8
3346,0,0,0,0.4130864197530864,8
3347,0,0,0,0.4132098765432099,8
3348,0,0,0,0.41333333333333333,8
3349,0,0,0,0.41345679012345676,8
3350,0,0,0,0.41358024691358025,8
3351,0,0,0,0.4137037037037037,8
3352,0,0,0,0.4138271604938272,8
3353,0,0,0,0.4139506172839506,8
3354,0,0,0,0.4140740740740741,8
3355,0,0,0,0.4141975308641975,8
3356,0,0,0,0.41432098765432096,8
3357,0,0,0,0.41444444444444445,8
3358,0,0,0,0.4145679012345679,8
3359,0,0,0,0.41469135802469137,8
3360,0,0,0,0.4148148148148148,8
3361,0,0,0,0.4149382716049383,8
3362,0,0,0,0.4150617283950617,8
3363,0,0,0,0.4151851851851852,8
3364,0,0,0,0.41530864197530865,8
3365,0,0,0,0.4154320987654321,8
3366,0,0,0,0.41555555555555557,8
3367,0,0,0,0.415679012345679,8
3368,0,0,0,0.4158024691358025,8
3369,0,0,0,0.4159259259259259,8
3370,0,0,0,0.4160493827160494,8
3371,0,0,0,0.41617283950617284,8
3372,0,0,0,0.4162962962962963,8
3373,0,0,0,0.41641975308641976,8
3374,0,0,0,0.4165432098765432,8
3375,0,0,0,0.4166666666666667,8
3376,0,0,0,0.4167901234567901,8
3377,0,0,0,0.4169135802469136,8
3378,0,0,0,0.41703703703703704,8
3379,0,0,0,0.4171604938271605,8
3380,0,0,0,0.41728395061728396,8
3381,0,0,0,0.4174074074074074,8
3382,0,0,0,0.4175308641975309,8
3383,0,0,0,0.4176543209876543,8
3384,0,0,0,0.4177777777777778,8
3385,0,0,0,0.41790123456790124,8
3386,0,0,0,0.41802469135802467,8
3387,0,0,0,0.41814814814814816,8
3388,0,0,0,0.4182716049382716,8
3389,0,0,0,0.4183950617283951,8
3390,0,0,0,0.4185185185185185,8
3391,0,0,0,0.418641975308642,8
3392,0,0,0,0.41876543209876543,8
3393,0,0,0,0.41888888888888887,8
3394,0,0,0,0.41901234567901235,8
3395,0,0,0,0.4191358024691358,8
3396,0,0,0,0.4192592592592593,8
3397,0,0,0,0.4193827160493827,8
3398,0,0,0,0.4195061728395062,8
3399,0,0,0,0.41962962962962963,8
3400,0,0,0,0.41975308641975306,8
3401,0,0,0,0.41987654320987655,8
3402,0,0,0,0.42,8
3403,0,0,0,0.4201234567901235,8
3404,0,0,0,0.4202469135802469,8
3405,0,0,0,0.4203703703703704,8
3406,0,0,0,0.4204938271604938,8
3407,0,0,0,0.42061728395061726,8
3408,0,0,0,0.42074074074074075,8
3409,0,0,0,0.4208641975308642,8
3410,0,0,0,0.42098765432098767,8
3411,0,0,0,0.4211111111111111,8
3412,0,0,0,0.4212345679012346,8
3413,0,0,0,0.421358024691358,8
3414,0,0,0,0.42148148148148146,8
3415,0,0,0,0.42160493827160495,8
3416,0,0,0,0.4217283950617284,8
3417,0,0,0,0.42185185185185187,8
3418,0,0,0,0.4219753086419753,8
3419,0,0,0,0.4220987654320988,8
3420,0,0,0,0.4222222222222222,8
3421,0,0,0,0.42234567901234565,8
3422,0,0,0,0.42246913580246914,8
3423,0,0,0,0.4225925925925926,8
3424,0,0,0,0.42271604938271606,8
3425,0,0,0,0.4228395061728395,8
3426,0,0,0,0.422962962962963,8
3427,0,0,0,0.4230864197530864,8
3428,0,0,0,0.42320987654320985,8
3429,0,0,0,0.42333333333333334,8
3430,0,0,0,0.42345679012345677,8
3431,0,0,0,0.42358024691358026,8
3432,0,0,0,0.4237037037037037,8
3433,0,0,0,0.4238271604938272,8
3434,0,0,0,0.4239506172839506,8
3435,0,0,0,0.42407407407407405,8
3436,0,0,0,0.42419753086419754,8
3437,0,0,0,0.42432098765432097,8
3438,0,0,0,0.42444444444444446,8
3439,0,0,0,0.4245679012345679,8
3440,0,0,0,0.4246913580246914,8
3441,0,0,0,0.4248148148148148,8
3442,0,0,0,0.42493827160493824,8
3443,0,0,0,0.42506172839506173,8
3444,0,0,0,0.42518518518518517,8
3445,0,0,0,0.42530864197530865,8
3446,0,0,0,0.4254320987654321,8
3447,0,0,0,0.4255555555555556,8
3448,0,0,0,0.425679012345679,8
3449,0,0,0,0.42580246913580244,8
3450,0,0,0,0.42592592592592593,8
3451,0,0,0,0.42604938271604936,8
3452,0,0,0,0.42617283950617285,8
3453,0,0,0,0.4262962962962963,8
3454,0,0,0,0.4264197530864198,8
3455,0,0,0,0.4265432098765432,8
3456,0,0,0,0.4266666666666667,8
3457,0,0,0,0.4267901234567901,8
3458,0,0,0,0.42691358024691356,8
3459,0,0,0,0.42703703703703705,8
3460,0,0,0,0.4271604938271605,8
3461,0,0,0,0.42728395061728397,8
3462,0,0,0,0.4274074074074074,8
3463,0,0,0,0.4275308641975309,8
3464,0,0,0,0.4276543209876543,8
3465,0,0,0,0.42777777777777776,8
3466,0,0,0,0.42790123456790125,8
3467,0,0,0,0.4280246913580247,8
3468,0,0,0,0.42814814814814817,8
3469,0,0,0,0.4282716049382716,8
3470,0,0,0,0.4283950617283951,8
3471,0,0,0,0.4285185185185185,8
3472,0,0,0,0.42864197530864195,8
3473,0,0,0,0.42876543209876544,8
3474,0,0,0,0.4288888888888889,8
3475,0,0,0,0.42901234567901236,8
3476,0,0,0,0.4291358024691358,8
3477,0,0,0,0.4292592592592593,8
3478,0,0,0,0.4293827160493827,8
3479,0,0,0,0.42950617283950615,8
3480,0,0,0,0.42962962962962964,8
3481,0,0,0,0.42975308641975307,8
3482,0,0,0,0.42987654320987656,8
3483,0,0,0,0.43,8
3484,0,0,0,0.4301234567901235,8
3485,0,0,0,0.4302469135802469,8
3486,0,0,0,0.43037037037037035,8
3487,0,0,0,0.43049382716049384,8
3488,0,0,0,0.43061728395061727,8
3489,0,0,0,0.43074074074074076,8
3490,0,0,0,0.4308641975308642,8
3491,0,0,0,0.4309876543209877,8
3492,0,0,0,0.4311111111111111,8
3493,0,0,0,0.43123456790123454,8
3494,0,0,0,0.43135802469135803,8
3495,0,0,0,0.43148148148148147,8
3496,0,0,0,0.43160493827160495,8
3497,0,0,0,0.4317283950617284,8
3498,0,0,0,0.4318518518518519,8
3499,0,0,0,0.4319753086419753,8
3500,0,0,0,0.43209876543209874,8
3501,0,0,0,0.43222222222222223,8
3502,0,0,0,0.43234567901234566,8
3503,0,0,0,0.43246913580246915,8
3504,0,0,0,0.4325925925925926,8
3505,0,0,0,0.4327160493827161,8
3506,0,0,0,0.4328395061728395,8
3507,0,0,0,0.43296296296296294,8
3508,0,0,0,0.4330864197530864,8
3509,0,0,0,0.43320987654320986,8
3510,0,0,0,0.43333333333333335,8
3511,0,0,0,0.4334567901234568,8
3512,0,0,0,0.43358024691358027,8
3513,0,0,0,0.4337037037037037,8
3514,0,0,0,0.43382716049382714,8
3515,0,0,0,0.4339506172839506,8
3516,0,0,0,0.43407407407407406,8
3517,0,0,0,0.43419753086419755,8
3518,0,0,0,0.434320987654321,8
3519,0,0,0,0.43444444444444447,8
3520,0,0,0,0.4345679012345679,8
3521,0,0,0,0.43469135802469133,8
3522,0,0,0,0.4348148148148148,8
3523,0,0,0,0.43493827160493825,8
3524,0,0,0,0.43506172839506174,8
3525,0,0,0,0.4351851851851852,8
3526,0,0,0,0.43530864197530866,8
3527,0,0,0,0.4354320987654321,8
3528,0,0,0,0.43555555555555553,8
3529,0,0,0,0.435679012345679,8
3530,0,0,0,0.43580246913580245,8
3531,0,0,0,0.43592592592592594,8
3532,0,0,0,0.43604938271604937,8
3533,0,0,0,0.43617283950617286,8
3534,0,0,0,0.4362962962962963,8
3535,0,0,0,0.4364197530864197,8
3536,0,0,0,0.4365432098765432,8
3537,0,0,0,0.43666666666666665,8
3538,0,0,0,0.43679012345679014,8
3539,0,0,0,0.43691358024691357,8
3540,0,0,0,0.43703703703703706,8
3541,0,0,0,0.4371604938271605,8
3542,0,0,0,0.4372839506172839,8
3543,0,0,0,0.4374074074074074,8
3544,1,1,0,0.43753086419753084,9
3545,0,0,0,0.43765432098765433,9
3546,0,0,0,0.43777777777777777,9
3547,0,0,0,0.43790123456790125,9
3548,0,0,0,0.4380246913580247,9
3549,0,0,0,0.4381481481481482,9
3550,0,0,0,0.4382716049382716,9
3551,0,0,0,0.43839506172839504,9
3552,0,0,0,0.43851851851851853,9
3553,0,0,0,0.43864197530864196,9
3554,0,0,0,0.43876543209876545,9
3555,0,0,0,0.4388888888888889,9
3556,0,0,0,0.4390123456790124,9
3557,0,0,0,0.4391358024691358,9
3558,0,0,0,0.43925925925925924,9
3559,0,0,0,0.4393827160493827,9
3560,0,0,0,0.43950617283950616,9
3561,0,0,0,0.43962962962962965,9
3562,0,0,0,0.4397530864197531,9
3563,0,0,0,0.43987654320987657,9
3564,0,0,0,0.44,9
3565,0,0,0,0.44012345679012344,9
3566,0,0,0,0.4402469135802469,9
3567,0,0,0,0.44037037037037036,9
3568,0,0,0,0.44049382716049384,9
3569,0,0,0,0.4406172839506173,9
3570,0,0,0,0.44074074074074077,9
3571,0,0,0,0.4408641975308642,9
3572,0,0,0,0.44098765432098763,9
3573,0,0,0,0.4411111111111111,9
3574,0,0,0,0.44123456790123455,9
3575,0,0,0,0.44135802469135804,9
3576,1,1,0,0.4414814814814815,10
3577,0,0,0,0.44160493827160496,10
3578,0,0,0,0.4417283950617284,10
3579,0,0,0,0.44185185185185183,10
3580,0,0,0,0.4419753086419753,10
3581,0,0,0,0.44209876543209875,10
3582,0,0,0,0.44222222222222224,10
3583,0,0,0,0.44234567901234567,10
3584,0,0,0,0.44246913580246916,10
3585,0,0,0,0.4425925925925926,10
3586,0,0,0,0.442716049382716,10
3587,0,0,0,0.4428395061728395,10
3588,0,0,0,0.44296296296296295,10
3589,0,0,0,0.44308641975308644,10
3590,0,0,0,0.44320987654320987,10
3591,0,0,0,0.44333333333333336,10
3592,0,0,0,0.4434567901234568,10
3593,0,0,0,0.4435802469135802,10
3594,0,0,0,0.4437037037037037,10
3595,0,0,0,0.44382716049382714,10
3596,0,0,0,0.44395061728395063,10
3597,0,0,0,0.44407407407407407,10
3598,0,0,0,0.44419753086419755,10
3599,0,0,0,0.444320987654321,10
3600,0,0,0,0.4444444444444444,10
3601,0,0,0,0.4445679012345679,10
3602,0,0,0,0.44469135802469134,10
3603,0,0,0,0.44481481481481483,10
3604,0,0,0,0.44493827160493826,10
3605,0,0,0,0.44506172839506175,10
3606,0,0,0,0.4451851851851852,10
3607,0,0,0,0.4453086419753086,10
3608,0,0,0,0.4454320987654321,10
3609,0,0,0,0.44555555555555554,10
3610,0,0,0,0.445679012345679,10
3611,0,0,0,0.44580246913580246,10
3612,0,0,0,0.44592592592592595,10
3613,0,0,0,0.4460493827160494,10
3614,0,0,0,0.4461728395061728,10
3615,0,0,0,0.4462962962962963,10
3616,0,0,0,0.44641975308641973,10
3617,0,0,0,0.4465432098765432,10
3618,0,0,0,0.44666666666666666,10
3619,0,0,0,0.44679012345679014,10
3620,0,0,0,0.4469135802469136,10
3621,0,0,0,0.447037037037037,10
3622,0,0,0,0.4471604938271605,10
3623,0,0,0,0.44728395061728393,10
3624,0,0,0,0.4474074074074074,10
3625,0,0,0,0.44753086419753085,10
3626,0,0,0,0.44765432098765434,10
3627,0,0,0,0.4477777777777778,10
3628,0,0,0,0.4479012345679012,10
3629,0,0,0,0.4480246913580247,10
3630,0,0,0,0.44814814814814813,10
3631,0,0,0,0.4482716049382716,10
3632,0,0,0,0.44839506172839505,10
3633,0,0,0,0.44851851851851854,10
3634,0,0,0,0.44864197530864197,10
3635,0,0,0,0.4487654320987654,10
3636,0,0,0,0.4488888888888889,10
3637,0,0,0,0.4490123456790123,10
3638,0,0,0,0.4491358024691358,10
3639,0,0,0,0.44925925925925925,10
3640,0,0,0,0.44938271604938274,10
3641,0,0,0,0.44950617283950617,10
3642,0,0,0,0.44962962962962966,10
3643,0,0,0,0.4497530864197531,10
3644,0,0,0,0.4498765432098765,10
3645,0,0,0,0.45,10
3646,0,0,0,0.45012345679012344,10
3647,0,0,0,0.45024691358024693,10
3648,0,0,0,0.45037037037037037,10
3649,0,0,0,0.45049382716049385,10
3650,0,0,0,0.4506172839506173,10
3651,0,0,0,0.4507407407407407,10
3652,0,0,0,0.4508641975308642,10
3653,0,0,0,0.45098765432098764,10
3654,0,0,0,0.45111111111111113,10
3655,0,0,0,0.45123456790123456,10
3656,0,0,0,0.45135802469135805,10
3657,0,0,0,0.4514814814814815,10
3658,0,0,0,0.4516049382716049,10
3659,0,0,0,0.4517283950617284,10
3660,0,0,0,0.45185185185185184,10
3661,0,0,0,0.4519753086419753,10
3662,0,0,0,0.45209876543209876,10
3663,0,0,0,0.45222222222222225,10
3664,0,0,0,0.4523456790123457,10
3665,0,0,0,0.4524691358024691,10
3666,0,0,0,0.4525925925925926,10
3667,0,0,0,0.45271604938271603,10
3668,0,0,0,0.4528395061728395,10
3669,0,0,0,0.45296296296296296,10
3670,0,0,0,0.45308641975308644,10
3671,0,0,0,0.4532098765432099,10
3672,0,0,0,0.4533333333333333,10
3673,0,0,0,0.4534567901234568,10
3674,0,0,0,0.45358024691358023,10
3675,0,0,0,0.4537037037037037,10
3676,0,0,0,0.45382716049382715,10
3677,0,0,0,0.45395061728395064,10
3678,0,0,0,0.4540740740740741,10
3679,0,0,0,0.4541975308641975,10
3680,0,0,0,0.454320987654321,10
3681,0,0,0,0.45444444444444443,10
3682,0,0,0,0.4545679012345679,10
3683,0,0,0,0.45469135802469135,10
3684,0,0,0,0.45481481481481484,10
3685,0,0,0,0.45493827160493827,10
3686,0,0,0,0.4550617283950617,10
3687,0,0,0,0.4551851851851852,10
3688,0,0,0,0.4553086419753086,10
3689,0,0,0,0.4554320987654321,10
3690,0,0,0,0.45555555555555555,10
3691,0,0,0,0.45567901234567904,10
3692,0,0,0,0.45580246913580247,10
3693,0,0,0,0.4559259259259259,10
3694,0,0,0,0.4560493827160494,10
3695,0,0,0,0.4561728395061728,10
3696,0,0,0,0.4562962962962963,10
3697,0,0,0,0.45641975308641974,10
3698,0,0,0,0.45654320987654323,10
3699,0,0,0,0.45666666666666667,10
3700,0,0,0,0.4567901234567901,10
3701,0,0,0,0.4569135802469136,10
3702,0,0,0,0.457037037037037,10
3703,0,0,0,0.4571604938271605,10
3704,0,0,0,0.45728395061728394,10
3705,0,0,0,0.45740740740740743,10
3706,0,0,0,0.45753086419753086,10
3707,0,0,0,0.4576543209876543,10
3708,0,0,0,0.4577777777777778,10
3709,0,0,0,0.4579012345679012,10
3710,0,0,0,0.4580246913580247,10
3711,0,0,0,0.45814814814814814,10
3712,0,0,0,0.4582716049382716,10
3713,0,0,0,0.45839506172839506,10
3714,0,0,0,0.4585185185185185,10
3715,0,0,0,0.458641975308642,10
3716,0,0,0,0.4587654320987654,10
3717,0,0,0,0.4588888888888889,10
3718,0,0,0,0.45901234567901233,10
3719,0,0,0,0.4591358024691358,10
3720,0,0,0,0.45925925925925926,10
3721,0,0,0,0.4593827160493827,10
3722,0,0,0,0.4595061728395062,10
3723,0,0,0,0.4596296296296296,10
3724,0,0,0,0.4597530864197531,10
3725,0,0,0,0.45987654320987653,10
3726,0,0,0,0.46,10
3727,0,0,0,0.46012345679012345,10
3728,0,0,0,0.46024691358024694,10
3729,0,0,0,0.4603703703703704,10
3730,0,0,0,0.4604938271604938,10
3731,0,0,0,0.4606172839506173,10
3732,0,0,0,0.46074074074074073,10
3733,0,0,0,0.4608641975308642,10
3734,0,0,0,0.46098765432098765,10
3735,0,0,0,0.46111111111111114,10
3736,0,0,0,0.46123456790123457,10
3737,0,0,0,0.461358024691358,10
3738,0,0,0,0.4614814814814815,10
3739,0,0,0,0.4616049382716049,10
3740,0,0,0,0.4617283950617284,10
3741,0,0,0,0.46185185185185185,10
3742,0,0,0,0.46197530864197534,10
3743,0,0,0,0.46209876543209877,10
3744,0,0,0,0.4622222222222222,10
3745,0,0,0,0.4623456790123457,10
3746,0,0,0,0.4624691358024691,10
3747,0,0,0,0.4625925925925926,10
3748,0,0,0,0.46271604938271604,10
3749,0,0,0,0.46283950617283953,10
3750,0,0,0,0.46296296296296297,10
3751,0,0,0,0.4630864197530864,10
3752,0,0,0,0.4632098765432099,10
3753,0,0,0,0.4633333333333333,10
3754,0,0,0,0.4634567901234568,10
3755,0,0,0,0.46358024691358024,10
3756,0,0,0,0.46370370370370373,10
3757,0,0,0,0.46382716049382716,10
3758,0,0,0,0.4639506172839506,10
3759,0,0,0,0.4640740740740741,10
3760,0,0,0,0.4641975308641975,10
3761,0,0,0,0.464320987654321,10
3762,0,0,0,0.46444444444444444,10
3763,0,0,0,0.4645679012345679,10
3764,0,0,0,0.46469135802469136,10
3765,0,0,0,0.4648148148148148,10
3766,0,0,0,0.4649382716049383,10
3767,0,0,0,0.4650617283950617,10
3768,0,0,0,0.4651851851851852,10
3769,0,0,0,0.46530864197530863,10
3770,0,0,0,0.4654320987654321,10
3771,0,0,0,0.46555555555555556,10
3772,0,0,0,0.465679012345679,10
3773,0,0,0,0.4658024691358025,10
3774,0,0,0,0.4659259259259259,10
3775,0,0,0,0.4660493827160494,10
3776,0,0,0,0.46617283950617283,10
3777,0,0,0,0.4662962962962963,10
3778,0,0,0,0.46641975308641975,10
3779,0,0,0,0.4665432098765432,10
3780,0,0,0,0.4666666666666667,10
3781,0,0,0,0.4667901234567901,10
3782,0,0,0,0.4669135802469136,10
3783,0,0,0,0.46703703703703703,10
3784,0,0,0,0.4671604938271605,10
3785,0,0,0,0.46728395061728395,10
3786,0,0,0,0.4674074074074074,10
3787,0,0,0,0.46753086419753087,10
3788,0,0,0,0.4676543209876543,10
3789,0,0,0,0.4677777777777778,10
3790,0,0,0,0.4679012345679012,10
3791,0,0,0,0.4680246913580247,10
3792,0,0,0,0.46814814814814815,10
3793,0,0,0,0.4682716049382716,10
3794,0,0,0,0.46839506172839507,10
3795,0,0,0,0.4685185185185185,10
3796,0,0,0,0.468641975308642,10
3797,0,0,0,0.4687654320987654,10
3798,0,0,0,0.4688888888888889,10
3799,0,0,0,0.46901234567901234,10
3800,0,0,0,0.4691358024691358,10
3801,0,0,0,0.46925925925925926,10
3802,0,0,0,0.4693827160493827,10
3803,0,0,0,0.4695061728395062,10
3804,0,0,0,0.4696296296296296,10
3805,0,0,0,0.4697530864197531,10
3806,0,0,0,0.46987654320987654,10
3807,0,0,0,0.47,10
3808,0,0,0,0.47012345679012346,10
3809,0,0,0,0.4702469135802469,10
3810,0,0,0,0.4703703703703704,10
3811,0,0,0,0.4704938271604938,10
3812,0,0,0,0.4706172839506173,10
3813,0,0,0,0.47074074074074074,10
3814,0,0,0,0.47086419753086417,10
3815,0,0,0,0.47098765432098766,10
3816,0,0,0,0.4711111111111111,10
3817,0,0,0,0.4712345679012346,10
3818,0,0,0,0.471358024691358,10
3819,0,0,0,0.4714814814814815,10
3820,0,0,0,0.47160493827160493,10
3821,0,0,0,0.4717283950617284,10
3822,0,0,0,0.47185185185185186,10
3823,0,0,0,0.4719753086419753,10
3824,0,0,0,0.4720987654320988,10
3825,0,0,0,0.4722222222222222,10
3826,0,0,0,0.4723456790123457,10
3827,0,0,0,0.47246913580246913,10
3828,0,0,0,0.4725925925925926,10
3829,0,0,0,0.47271604938271605,10
3830,0,0,0,0.4728395061728395,10
3831,0,0,0,0.472962962962963,10
3832,0,0,0,0.4730864197530864,10
3833,0,0,0,0.4732098765432099,10
3834,0,0,0,0.47333333333333333,10
3835,0,0,0,0.4734567901234568,10
3836,1,1,1,0.4734567901234568,11
3837,0,0,0,0.47358024691358025,11
3838,0,0,0,0.4737037037037037,11
3839,0,0,0,0.47382716049382717,11
3840,0,0,0,0.4739506172839506,11
3841,0,0,0,0.4740740740740741,11
3842,0,0,0,0.4741975308641975,11
3843,0,0,0,0.474320987654321,11
3844,0,0,0,0.47444444444444445,11
3845,0,0,0,0.4745679012345679,11
3846,1,1,0,0.47469135802469137,12
3847,1,1,0,0.4748148148148148,13
3848,0,0,0,0.4749382716049383,13
3849,0,0,0,0.4750617283950617,13
3850,0,0,0,0.4751851851851852,13
3851,0,0,0,0.47530864197530864,13
3852,0,0,0,0.4754320987654321,13
3853,0,0,0,0.47555555555555556,13
3854,0,0,0,0.475679012345679,13
3855,0,0,0,0.4758024691358025,13
3856,0,0,0,0.4759259259259259,13
3857,0,0,0,0.4760493827160494,13
3858,0,0,0,0.47617283950617284,13
3859,0,0,0,0.4762962962962963,13
3860,0,0,0,0.47641975308641976,13
3861,0,0,0,0.4765432098765432,13
3862,0,0,0,0.4766666666666667,13
3863,0,0,0,0.4767901234567901,13
3864,0,0,0,0.4769135802469136,13
3865,0,0,0,0.47703703703703704,13
3866,0,0,0,0.47716049382716047,13
3867,0,0,0,0.47728395061728396,13
3868,0,0,0,0.4774074074074074,13
3869,0,0,0,0.4775308641975309,13
3870,0,0,0,0.4776543209876543,13
3871,0,0,0,0.4777777777777778,13
3872,0,0,0,0.47790123456790123,13
3873,0,0,0,0.47802469135802467,13
3874,0,0,0,0.47814814814814816,13
3875,0,0,0,0.4782716049382716,13
3876,0,0,0,0.4783950617283951,13
3877,0,0,0,0.4785185185185185,13
3878,0,0,0,0.478641975308642,13
3879,0,0,0,0.47876543209876543,13
3880,0,0,0,0.47888888888888886,13
3881,0,0,0,0.47901234567901235,13
3882,0,0,0,0.4791358024691358,13
3883,0,0,0,0.4792592592592593,13
3884,0,0,0,0.4793827160493827,13
3885,0,0,0,0.4795061728395062,13
3886,0,0,0,0.47962962962962963,13
3887,0,0,0,0.47975308641975306,13
3888,0,0,0,0.47987654320987655,13
3889,0,0,0,0.48,13
3890,0,0,0,0.48012345679012347,13
3891,0,0,0,0.4802469135802469,13
3892,0,0,0,0.4803703703703704,13
3893,0,0,0,0.4804938271604938,13
3894,0,0,0,0.48061728395061726,13
3895,0,0,0,0.48074074074074075,13
3896,0,0,0,0.4808641975308642,13
3897,0,0,0,0.48098765432098767,13
3898,0,0,0,0.4811111111111111,13
3899,0,0,0,0.4812345679012346,13
3900,0,0,0,0.481358024691358,13
3901,0,0,0,0.48148148148148145,13
3902,0,0,0,0.48160493827160494,13
3903,0,0,0,0.4817283950617284,13
3904,0,0,0,0.48185185185185186,13
3905,0,0,0,0.4819753086419753,13
3906,0,0,0,0.4820987654320988,13
3907,0,0,0,0.4822222222222222,13
3908,0,0,0,0.48234567901234565,13
3909,0,0,0,0.48246913580246914,13
3910,0,0,0,0.4825925925925926,13
3911,0,0,0,0.48271604938271606,13
3912,0,0,0,0.4828395061728395,13
3913,0,0,0,0.482962962962963,13
3914,0,0,0,0.4830864197530864,13
3915,0,0,0,0.4832098765432099,13
3916,0,0,0,0.48333333333333334,13
3917,0,0,0,0.48345679012345677,13
3918,0,0,0,0.48358024691358026,13
3919,0,0,0,0.4837037037037037,13
3920,0,0,0,0.4838271604938272,13
3921,0,0,0,0.4839506172839506,13
3922,0,0,0,0.4840740740740741,13
3923,0,0,0,0.48419753086419753,13
3924,0,0,0,0.48432098765432097,13
3925,0,0,0,0.48444444444444446,13
3926,0,0,0,0.4845679012345679,13
3927,0,0,0,0.4846913580246914,13
3928,0,0,0,0.4848148148148148,13
3929,0,0,0,0.4849382716049383,13
3930,0,0,0,0.48506172839506173,13
3931,0,0,0,0.48518518518518516,13
3932,0,0,0,0.48530864197530865,13
3933,0,0,0,0.4854320987654321,13
3934,0,0,0,0.4855555555555556,13
3935,0,0,0,0.485679012345679,13
3936,0,0,0,0.4858024691358025,13
3937,0,0,0,0.48592592592592593,13
3938,0,0,0,0.48604938271604936,13
3939,0,0,0,0.48617283950617285,13
3940,0,0,0,0.4862962962962963,13
3941,0,0,0,0.48641975308641977,13
3942,0,0,0,0.4865432098765432,13
3943,0,0,0,0.4866666666666667,13
3944,0,0,0,0.4867901234567901,13
3945,0,0,0,0.48691358024691356,13
3946,0,0,0,0.48703703703703705,13
3947,0,0,0,0.4871604938271605,13
3948,0,0,0,0.48728395061728397,13
3949,0,0,0,0.4874074074074074,13
3950,0,0,0,0.4875308641975309,13
3951,0,0,0,0.4876543209876543,13
3952,0,0,0,0.48777777777777775,13
3953,0,0,0,0.48790123456790124,13
3954,0,0,0,0.4880246913580247,13
3955,0,0,0,0.48814814814814816,13
3956,0,0,0,0.4882716049382716,13
3957,0,0,0,0.4883950617283951,13
3958,0,0,0,0.4885185185185185,13
3959,0,0,0,0.48864197530864195,13
3960,0,0,0,0.48876543209876544,13
3961,0,0,0,0.4888888888888889,13
3962,0,0,0,0.48901234567901236,13
3963,0,0,0,0.4891358024691358,13
3964,0,0,0,0.4892592592592593,13
3965,0,0,0,0.4893827160493827,13
3966,0,0,0,0.48950617283950615,13
3967,0,0,0,0.48962962962962964,13
3968,0,0,0,0.48975308641975307,13
3969,0,0,0,0.48987654320987656,13
3970,0,0,0,0.49,13
3971,0,0,0,0.4901234567901235,13
3972,0,0,0,0.4902469135802469,13
3973,0,0,0,0.49037037037037035,13
3974,0,0,0,0.49049382716049383,13
3975,0,0,0,0.49061728395061727,13
3976,0,0,0,0.49074074074074076,13
3977,0,0,0,0.4908641975308642,13
3978,0,0,0,0.4909876543209877,13
3979,0,0,0,0.4911111111111111,13
3980,0,0,0,0.49123456790123454,13
3981,0,0,0,0.49135802469135803,13
3982,0,0,0,0.49148148148148146,13
3983,0,0,0,0.49160493827160495,13
3984,0,0,0,0.4917283950617284,13
3985,0,0,0,0.4918518518518519,13
3986,0,0,0,0.4919753086419753,13
3987,0,0,0,0.49209876543209874,13
3988,0,0,0,0.4922222222222222,13
3989,0,0,0,0.49234567901234566,13
3990,0,0,0,0.49246913580246915,13
3991,0,0,0,0.4925925925925926,13
3992,0,0,0,0.49271604938271607,13
3993,0,0,0,0.4928395061728395,13
3994,0,0,0,0.49296296296296294,13
3995,0,0,0,0.4930864197530864,13
3996,0,0,0,0.49320987654320986,13
3997,0,0,0,0.49333333333333335,13
3998,0,0,0,0.4934567901234568,13
3999,0,0,0,0.49358024691358027,13
4000,0,0,0,0.4937037037037037,13
4001,0,0,0,0.49382716049382713,13
4002,0,0,0,0.4939506172839506,13
4003,0,0,0,0.49407407407407405,13
4004,0,0,0,0.49419753086419754,13
4005,0,0,0,0.494320987654321,13
4006,0,0,0,0.49444444444444446,13
4007,0,0,0,0.4945679012345679,13
4008,0,0,0,0.4946913580246914,13
4009,0,0,0,0.4948148148148148,13
4010,0,0,0,0.49493827160493825,13
4011,0,0,0,0.49506172839506174,13
4012,0,0,0,0.4951851851851852,13
4013,0,0,0,0.49530864197530866,13
4014,0,0,0,0.4954320987654321,13
4015,0,0,0,0.4955555555555556,13
4016,0,0,0,0.495679012345679,13
4017,0,0,0,0.49580246913580245,13
4018,0,0,0,0.49592592592592594,13
4019,0,0,0,0.49604938271604937,13
4020,0,0,0,0.49617283950617286,13
4021,0,0,0,0.4962962962962963,13
4022,0,0,0,0.4964197530864198,13
4023,0,0,0,0.4965432098765432,13
4024,0,0,0,0.49666666666666665,13
4025,0,0,0,0.49679012345679013,13
4026,0,0,0,0.49691358024691357,13
4027,0,0,0,0.49703703703703705,13
4028,0,0,0,0.4971604938271605,13
4029,0,0,0,0.497283950617284,13
4030,0,0,0,0.4974074074074074,13
4031,0,0,0,0.49753086419753084,13
4032,0,0,0,0.49765432098765433,13
4033,0,0,0,0.49777777777777776,13
4034,0,0,0,0.49790123456790125,13
4035,0,0,0,0.4980246913580247,13
4036,0,0,0,0.4981481481481482,13
4037,0,0,0,0.4982716049382716,13
4038,0,0,0,0.49839506172839504,13
4039,0,0,0,0.4985185185185185,13
4040,0,0,0,0.49864197530864196,13
4041,0,0,0,0.49876543209876545,13
4042,0,0,0,0.4988888888888889,13
4043,0,0,0,0.49901234567901237,13
4044,0,0,0,0.4991358024691358,13
4045,0,0,0,0.49925925925925924,13
4046,0,0,0,0.4993827160493827,13
4047,0,0,0,0.49950617283950616,13
4048,0,0,0,0.49962962962962965,13
4049,0,0,0,0.4997530864197531,13
4050,0,0,0,0.49987654320987657,13
4051,0,0,0,0.5,13
4052,0,0,0,0.5001234567901235,13
4053,0,0,0,0.5002469135802469,13
4054,0,0,0,0.5003703703703704,13
4055,0,0,0,0.5004938271604938,13
4056,0,0,0,0.5006172839506173,13
4057,0,0,0,0.5007407407407407,13
4058,0,0,0,0.5008641975308642,13
4059,0,0,0,0.5009876543209877,13
4060,0,0,0,0.5011111111111111,13
4061,0,0,0,0.5012345679012346,13
4062,0,0,0,0.501358024691358,13
4063,0,0,0,0.5014814814814815,13
4064,0,0,0,0.5016049382716049,13
4065,0,0,0,0.5017283950617284,13
4066,0,0,0,0.5018518518518519,13
4067,0,0,0,0.5019753086419753,13
4068,0,0,0,0.5020987654320987,13
4069,0,0,0,0.5022222222222222,13
4070,0,0,0,0.5023456790123457,13
4071,0,0,0,0.5024691358024691,13
4072,0,0,0,0.5025925925925926,13
4073,0,0,0,0.5027160493827161,13
4074,0,0,0,0.5028395061728395,13
4075,0,0,0,0.502962962962963,13
4076,0,0,0,0.5030864197530864,13
4077,0,0,0,0.5032098765432099,13
4078,0,0,0,0.5033333333333333,13
4079,0,0,0,0.5034567901234568,13
4080,0,0,0,0.5035802469135803,13
4081,0,0,0,0.5037037037037037,13
4082,0,0,0,0.5038271604938271,13
4083,0,0,0,0.5039506172839506,13
4084,0,0,0,0.5040740740740741,13
4085,0,0,0,0.5041975308641975,13
4086,0,0,0,0.504320987654321,13
4087,0,0,0,0.5044444444444445,13
4088,0,0,0,0.5045679012345679,13
4089,0,0,0,0.5046913580246913,13
4090,0,0,0,0.5048148148148148,13
4091,0,0,0,0.5049382716049383,13
4092,0,0,0,0.5050617283950617,13
4093,0,0,0,0.5051851851851852,13
4094,0,0,0,0.5053086419753087,13
4095,0,0,0,0.505432098765432,13
4096,0,0,0,0.5055555555555555,13
4097,0,0,0,0.505679012345679,13
4098,0,0,0,0.5058024691358025,13
4099,0,0,0,0.5059259259259259,13
4100,0,0,0,0.5060493827160494,13
4101,0,0,0,0.5061728395061729,13
4102,0,0,0,0.5062962962962962,13
4103,0,0,0,0.5064197530864197,13
4104,0,0,0,0.5065432098765432,13
4105,0,0,0,0.5066666666666667,13
4106,0,0,0,0.5067901234567901,13
4107,0,0,0,0.5069135802469136,13
4108,0,0,0,0.5070370370370371,13
4109,0,0,0,0.5071604938271604,13
4110,0,0,0,0.5072839506172839,13
4111,0,0,0,0.5074074074074074,13
4112,0,0,0,0.5075308641975309,13
4113,0,0,0,0.5076543209876543,13
4114,0,0,0,0.5077777777777778,13
4115,0,0,0,0.5079012345679013,13
4116,0,0,0,0.5080246913580246,13
4117,0,0,0,0.5081481481481481,13
4118,0,0,0,0.5082716049382716,13
4119,0,0,0,0.5083950617283951,13
4120,0,0,0,0.5085185185185185,13
4121,0,0,0,0.508641975308642,13
4122,0,0,0,0.5087654320987655,13
4123,0,0,0,0.5088888888888888,13
4124,0,0,0,0.5090123456790123,13
4125,0,0,0,0.5091358024691358,13
4126,0,0,0,0.5092592592592593,13
4127,0,0,0,0.5093827160493827,13
4128,0,0,0,0.5095061728395062,13
4129,0,0,0,0.5096296296296297,13
4130,0,0,0,0.509753086419753,13
4131,0,0,0,0.5098765432098765,13
4132,0,0,0,0.51,13
4133,0,0,0,0.5101234567901235,13
4134,0,0,0,0.5102469135802469,13
4135,0,0,0,0.5103703703703704,13
4136,0,0,0,0.5104938271604939,13
4137,0,0,0,0.5106172839506172,13
4138,0,0,0,0.5107407407407407,13
4139,0,0,0,0.5108641975308642,13
4140,0,0,0,0.5109876543209877,13
4141,0,0,0,0.5111111111111111,13
4142,0,0,0,0.5112345679012346,13
4143,0,0,0,0.511358024691358,13
4144,0,0,0,0.5114814814814815,13
4145,0,0,0,0.5116049382716049,13
4146,0,0,0,0.5117283950617284,13
4147,0,0,0,0.5118518518518519,13
4148,0,0,0,0.5119753086419753,13
4149,0,0,0,0.5120987654320988,13
4150,0,0,0,0.5122222222222222,13
4151,0,0,0,0.5123456790123457,13
4152,0,0,0,0.5124691358024691,13
4153,0,0,0,0.5125925925925926,13
4154,0,0,0,0.5127160493827161,13
4155,0,0,0,0.5128395061728395,13
4156,0,0,0,0.512962962962963,13
4157,0,0,0,0.5130864197530864,13
4158,0,0,0,0.5132098765432099,13
4159,0,0,0,0.5133333333333333,13
4160,0,0,0,0.5134567901234568,13
4161,0,0,0,0.5135802469135803,13
4162,0,0,0,0.5137037037037037,13
4163,0,0,0,0.5138271604938272,13
4164,0,0,0,0.5139506172839506,13
4165,0,0,0,0.5140740740740741,13
4166,1,1,0,0.5141975308641975,14
4167,0,0,0,0.514320987654321,14
4168,0,0,0,0.5144444444444445,14
4169,0,0,0,0.5145679012345679,14
4170,0,0,0,0.5146913580246913,14
4171,0,0,0,0.5148148148148148,14
4172,0,0,0,0.5149382716049383,14
4173,0,0,0,0.5150617283950617,14
4174,0,0,0,0.5151851851851852,14
4175,0,0,0,0.5153086419753087,14
4176,0,0,0,0.5154320987654321,14
4177,0,0,0,0.5155555555555555,14
4178,0,0,0,0.515679012345679,14
4179,0,0,0,0.5158024691358025,14
4180,0,0,0,0.5159259259259259,14
4181,0,0,0,0.5160493827160494,14
4182,0,0,0,0.5161728395061729,14
4183,0,0,0,0.5162962962962963,14
4184,0,0,0,0.5164197530864197,14
4185,0,0,0,0.5165432098765432,14
4186,0,0,0,0.5166666666666667,14
4187,0,0,0,0.5167901234567901,14
4188,0,0,0,0.5169135802469136,14
4189,0,0,0,0.5170370370370371,14
4190,0,0,0,0.5171604938271605,14
4191,0,0,0,0.5172839506172839,14
4192,0,0,0,0.5174074074074074,14
4193,0,0,0,0.5175308641975309,14
4194,0,0,0,0.5176543209876543,14
4195,0,0,0,0.5177777777777778,14
4196,0,0,0,0.5179012345679013,14
4197,0,0,0,0.5180246913580246,14
4198,0,0,0,0.5181481481481481,14
4199,0,0,0,0.5182716049382716,14
4200,0,0,0,0.5183950617283951,14
4201,0,0,0,0.5185185185185185,14
4202,0,0,0,0.518641975308642,14
4203,0,0,0,0.5187654320987655,14
4204,0,0,0,0.5188888888888888,14
4205,0,0,0,0.5190123456790123,14
4206,0,0,0,0.5191358024691358,14
4207,0,0,0,0.5192592592592593,14
4208,0,0,0,0.5193827160493827,14
4209,0,0,0,0.5195061728395062,14
4210,0,0,0,0.5196296296296297,14
4211,0,0,0,0.519753086419753,14
4212,0,0,0,0.5198765432098765,14
4213,0,0,0,0.52,14
4214,0,0,0,0.5201234567901235,14
4215,0,0,0,0.5202469135802469,14
4216,0,0,0,0.5203703703703704,14
4217,0,0,0,0.5204938271604939,14
4218,0,0,0,0.5206172839506172,14
4219,0,0,0,0.5207407407407407,14
4220,0,0,0,0.5208641975308642,14
4221,0,0,0,0.5209876543209877,14
4222,0,0,0,0.5211111111111111,14
4223,0,0,0,0.5212345679012346,14
4224,0,0,0,0.5213580246913581,14
4225,0,0,0,0.5214814814814814,14
4226,0,0,0,0.5216049382716049,14
4227,0,0,0,0.5217283950617284,14
4228,0,0,0,0.5218518518518519,14
4229,0,0,0,0.5219753086419753,14
4230,0,0,0,0.5220987654320988,14
4231,0,0,0,0.5222222222222223,14
4232,0,0,0,0.5223456790123456,14
4233,0,0,0,0.5224691358024691,14
4234,0,0,0,0.5225925925925926,14
4235,0,0,0,0.5227160493827161,14
4236,0,0,0,0.5228395061728395,14
4237,0,0,0,0.522962962962963,14
4238,0,0,0,0.5230864197530865,14
4239,0,0,0,0.5232098765432098,14
4240,0,0,0,0.5233333333333333,14
4241,0,0,0,0.5234567901234568,14
4242,0,0,0,0.5235802469135803,14
4243,0,0,0,0.5237037037037037,14
4244,0,0,0,0.5238271604938272,14
4245,0,0,0,0.5239506172839506,14
4246,0,0,0,0.524074074074074,14
4247,0,0,0,0.5241975308641975,14
4248,0,0,0,0.524320987654321,14
4249,0,0,0,0.5244444444444445,14
4250,0,0,0,0.5245679012345679,14
4251,0,0,0,0.5246913580246914,14
4252,0,0,0,0.5248148148148148,14
4253,0,0,0,0.5249382716049382,14
4254,0,0,0,0.5250617283950617,14
4255,0,0,0,0.5251851851851852,14
4256,0,0,0,0.5253086419753087,14
4257,0,0,0,0.5254320987654321,14
4258,0,0,0,0.5255555555555556,14
4259,0,0,0,0.525679012345679,14
4260,0,0,0,0.5258024691358024,14
4261,0,0,0,0.5259259259259259,14
4262,0,0,0,0.5260493827160494,14
4263,0,0,0,0.5261728395061729,14
4264,0,0,0,0.5262962962962963,14
4265,0,0,0,0.5264197530864198,14
4266,0,0,0,0.5265432098765432,14
4267,0,0,0,0.5266666666666666,14
4268,0,0,0,0.5267901234567901,14
4269,0,0,0,0.5269135802469136,14
4270,0,0,0,0.5270370370370371,14
4271,0,0,0,0.5271604938271605,14
4272,0,0,0,0.527283950617284,14
4273,0,0,0,0.5274074074074074,14
4274,0,0,0,0.5275308641975308,14
4275,0,0,0,0.5276543209876543,14
4276,0,0,0,0.5277777777777778,14
4277,0,0,0,0.5279012345679013,14
4278,0,0,0,0.5280246913580247,14
4279,0,0,0,0.5281481481481481,14
4280,0,0,0,0.5282716049382716,14
4281,0,0,0,0.528395061728395,14
4282,0,0,0,0.5285185185185185,14
4283,0,0,0,0.528641975308642,14
4284,0,0,0,0.5287654320987655,14
4285,0,0,0,0.5288888888888889,14
4286,0,0,0,0.5290123456790123,14
4287,0,0,0,0.5291358024691358,14
4288,0,0,0,0.5292592592592592,14
4289,0,0,0,0.5293827160493827,14
4290,0,0,0,0.5295061728395062,14
4291,0,0,0,0.5296296296296297,14
4292,0,0,0,0.529753086419753,14
4293,0,0,0,0.5298765432098765,14
4294,0,0,0,0.53,14
4295,0,0,0,0.5301234567901234,14
4296,0,0,0,0.5302469135802469,14
4297,0,0,0,0.5303703703703704,14
4298,0,0,0,0.5304938271604939,14
4299,0,0,0,0.5306172839506172,14
4300,0,0,0,0.5307407407407407,14
4301,0,0,0,0.5308641975308642,14
4302,1,1,0,0.5309876543209876,15
4303,0,0,0,0.5311111111111111,15
4304,0,0,0,0.5312345679012346,15
4305,0,0,0,0.5313580246913581,15
4306,0,0,0,0.5314814814814814,15
4307,0,0,0,0.5316049382716049,15
4308,0,0,0,0.5317283950617284,15
4309,0,0,0,0.5318518518518518,15
4310,0,0,0,0.5319753086419753,15
4311,0,0,0,0.5320987654320988,15
4312,0,0,0,0.5322222222222223,15
4313,0,0,0,0.5323456790123456,15
4314,0,0,0,0.5324691358024691,15
4315,0,0,0,0.5325925925925926,15
4316,0,0,0,0.532716049382716,15
4317,0,0,0,0.5328395061728395,15
4318,0,0,0,0.532962962962963,15
4319,0,0,0,0.5330864197530865,15
4320,0,0,0,0.5332098765432098,15
4321,0,0,0,0.5333333333333333,15
4322,0,0,0,0.5334567901234568,15
4323,0,0,0,0.5335802469135802,15
4324,0,0,0,0.5337037037037037,15
4325,0,0,0,0.5338271604938272,15
4326,0,0,0,0.5339506172839507,15
4327,0,0,0,0.534074074074074,15
4328,0,0,0,0.5341975308641975,15
4329,0,0,0,0.534320987654321,15
4330,0,0,0,0.5344444444444445,15
4331,0,0,0,0.5345679012345679,15
4332,0,0,0,0.5346913580246914,15
4333,0,0,0,0.5348148148148149,15
4334,0,0,0,0.5349382716049382,15
4335,0,0,0,0.5350617283950617,15
4336,0,0,0,0.5351851851851852,15
4337,0,0,0,0.5353086419753087,15
4338,0,0,0,0.5354320987654321,15
4339,0,0,0,0.5355555555555556,15
4340,0,0,0,0.535679012345679,15
4341,0,0,0,0.5358024691358024,15
4342,0,0,0,0.5359259259259259,15
4343,0,0,0,0.5360493827160494,15
4344,0,0,0,0.5361728395061729,15
4345,0,0,0,0.5362962962962963,15
4346,0,0,0,0.5364197530864198,15
4347,0,0,0,0.5365432098765432,15
4348,0,0,0,0.5366666666666666,15
4349,0,0,0,0.5367901234567901,15
4350,0,0,0,0.5369135802469136,15
4351,0,0,0,0.5370370370370371,15
4352,0,0,0,0.5371604938271605,15
4353,0,0,0,0.537283950617284,15
4354,0,0,0,0.5374074074074074,15
4355,0,0,0,0.5375308641975308,15
4356,0,0,0,0.5376543209876543,15
4357,0,0,0,0.5377777777777778,15
4358,0,0,0,0.5379012345679013,15
4359,0,0,0,0.5380246913580247,15
4360,0,0,0,0.5381481481481482,15
4361,0,0,0,0.5382716049382716,15
4362,0,0,0,0.538395061728395,15
4363,0,0,0,0.5385185185185185,15
4364,0,0,0,0.538641975308642,15
4365,0,0,0,0.5387654320987655,15
4366,0,0,0,0.5388888888888889,15
4367,0,0,0,0.5390123456790124,15
4368,0,0,0,0.5391358024691358,15
4369,0,0,0,0.5392592592592592,15
4370,0,0,0,0.5393827160493827,15
4371,0,0,0,0.5395061728395062,15
4372,0,0,0,0.5396296296296297,15
4373,0,0,0,0.5397530864197531,15
4374,0,0,0,0.5398765432098765,15
4375,0,0,0,0.54,15
4376,0,0,0,0.5401234567901234,15
4377,0,0,0,0.5402469135802469,15
4378,0,0,0,0.5403703703703704,15
4379,0,0,0,0.5404938271604939,15
4380,0,0,0,0.5406172839506173,15
4381,0,0,0,0.5407407407407407,15
4382,0,0,0,0.5408641975308642,15
4383,0,0,0,0.5409876543209876,15
4384,0,0,0,0.5411111111111111,15
4385,0,0,0,0.5412345679012346,15
4386,0,0,0,0.5413580246913581,15
4387,0,0,0,0.5414814814814815,15
4388,0,0,0,0.5416049382716049,15
4389,0,0,0,0.5417283950617284,15
4390,0,0,0,0.5418518518518518,15
4391,0,0,0,0.5419753086419753,15
4392,0,0,0,0.5420987654320988,15
4393,0,0,0,0.5422222222222223,15
4394,0,0,0,0.5423456790123456,15
4395,0,0,0,0.5424691358024691,15
4396,0,0,0,0.5425925925925926,15
4397,0,0,0,0.542716049382716,15
4398,0,0,0,0.5428395061728395,15
4399,0,0,0,0.542962962962963,15
4400,0,0,0,0.5430864197530865,15
4401,0,0,0,0.5432098765432098,15
4402,0,0,0,0.5433333333333333,15
4403,0,0,0,0.5434567901234568,15
4404,0,0,0,0.5435802469135802,15
4405,0,0,0,0.5437037037037037,15
4406,0,0,0,0.5438271604938272,15
4407,0,0,0,0.5439506172839507,15
4408,0,0,0,0.544074074074074,15
4409,0,0,0,0.5441975308641975,15
4410,0,0,0,0.544320987654321,15
4411,0,0,0,0.5444444444444444,15
4412,0,0,0,0.5445679012345679,15
4413,0,0,0,0.5446913580246914,15
4414,0,0,0,0.5448148148148149,15
4415,0,0,0,0.5449382716049382,15
4416,0,0,0,0.5450617283950617,15
4417,0,0,0,0.5451851851851852,15
4418,0,0,0,0.5453086419753086,15
4419,0,0,0,0.5454320987654321,15
4420,0,0,0,0.5455555555555556,15
4421,0,0,0,0.5456790123456791,15
4422,0,0,0,0.5458024691358024,15
4423,0,0,0,0.5459259259259259,15
4424,0,0,0,0.5460493827160494,15
4425,0,0,0,0.5461728395061728,15
4426,0,0,0,0.5462962962962963,15
4427,0,0,0,0.5464197530864198,15
4428,0,0,0,0.5465432098765433,15
4429,0,0,0,0.5466666666666666,15
4430,0,0,0,0.5467901234567901,15
4431,0,0,0,0.5469135802469136,15
4432,0,0,0,0.547037037037037,15
4433,0,0,0,0.5471604938271605,15
4434,0,0,0,0.547283950617284,15
4435,0,0,0,0.5474074074074075,15
4436,0,0,0,0.5475308641975308,15
4437,0,0,0,0.5476543209876543,15
4438,0,0,0,0.5477777777777778,15
4439,0,0,0,0.5479012345679012,15
4440,0,0,0,0.5480246913580247,15
4441,0,0,0,0.5481481481481482,15
4442,0,0,0,0.5482716049382717,15
4443,0,0,0,0.548395061728395,15
4444,0,0,0,0.5485185185185185,15
4445,0,0,0,0.548641975308642,15
4446,0,0,0,0.5487654320987654,15
4447,0,0,0,0.5488888888888889,15
4448,0,0,0,0.5490123456790124,15
4449,0,0,0,0.5491358024691358,15
4450,0,0,0,0.5492592592592592,15
4451,0,0,0,0.5493827160493827,15
4452,0,0,0,0.5495061728395062,15
4453,0,0,0,0.5496296296296296,15
4454,0,0,0,0.5497530864197531,15
4455,0,0,0,0.5498765432098766,15
4456,0,0,0,0.55,15
4457,0,0,0,0.5501234567901234,15
4458,0,0,0,0.5502469135802469,15
4459,0,0,0,0.5503703703703704,15
4460,0,0,0,0.5504938271604938,15
4461,0,0,0,0.5506172839506173,15
4462,0,0,0,0.5507407407407408,15
4463,0,0,0,0.5508641975308642,15
4464,0,0,0,0.5509876543209876,15
4465,0,0,0,0.5511111111111111,15
4466,0,0,0,0.5512345679012346,15
4467,0,0,0,0.551358024691358,15
4468,0,0,0,0.5514814814814815,15
4469,0,0,0,0.551604938271605,15
4470,0,0,0,0.5517283950617284,15
4471,0,0,0,0.5518518518518518,15
4472,0,0,0,0.5519753086419753,15
4473,0,0,0,0.5520987654320988,15
4474,0,0,0,0.5522222222222222,15
4475,0,0,0,0.5523456790123457,15
4476,0,0,0,0.5524691358024691,15
4477,0,0,0,0.5525925925925926,15
4478,0,0,0,0.552716049382716,15
4479,0,0,0,0.5528395061728395,15
4480,0,0,0,0.552962962962963,15
4481,0,0,0,0.5530864197530864,15
4482,0,0,0,0.5532098765432099,15
4483,0,0,0,0.5533333333333333,15
4484,0,0,0,0.5534567901234568,15
4485,0,0,0,0.5535802469135802,15
4486,0,0,0,0.5537037037037037,15
4487,0,0,0,0.5538271604938272,15
4488,0,0,0,0.5539506172839506,15
4489,0,0,0,0.554074074074074,15
4490,0,0,0,0.5541975308641975,15
4491,0,0,0,0.554320987654321,15
4492,0,0,0,0.5544444444444444,15
4493,0,0,0,0.5545679012345679,15
4494,0,0,0,0.5546913580246914,15
4495,0,0,0,0.5548148148148148,15
4496,0,0,0,0.5549382716049382,15
4497,0,0,0,0.5550617283950617,15
4498,0,0,0,0.5551851851851852,15
4499,0,0,0,0.5553086419753086,15
4500,0,0,0,0.5554320987654321,15
4501,0,0,0,0.5555555555555556,15
4502,1,1,0,0.555679012345679,16
4503,0,0,0,0.5558024691358024,16
4504,0,0,0,0.5559259259259259,16
4505,0,0,0,0.5560493827160494,16
4506,0,0,0,0.5561728395061728,16
4507,0,0,0,0.5562962962962963,16
4508,0,0,0,0.5564197530864198,16
4509,0,0,0,0.5565432098765432,16
4510,0,0,0,0.5566666666666666,16
4511,0,0,0,0.5567901234567901,16
4512,0,0,0,0.5569135802469136,16
4513,0,0,0,0.557037037037037,16
4514,0,0,0,0.5571604938271605,16
4515,0,0,0,0.557283950617284,16
4516,0,0,0,0.5574074074074075,16
4517,0,0,0,0.5575308641975308,16
4518,0,0,0,0.5576543209876543,16
4519,0,0,0,0.5577777777777778,16
4520,0,0,0,0.5579012345679012,16
4521,0,0,0,0.5580246913580247,16
4522,0,0,0,0.5581481481481482,16
4523,0,0,0,0.5582716049382717,16
4524,0,0,0,0.558395061728395,16
4525,0,0,0,0.5585185185185185,16
4526,0,0,0,0.558641975308642,16
4527,0,0,0,0.5587654320987654,16
4528,1,1,0,0.5588888888888889,17
4529,0,0,0,0.5590123456790124,17
4530,0,0,0,0.5591358024691359,17
4531,0,0,0,0.5592592592592592,17
4532,1,1,0,0.5593827160493827,18
4533,0,0,0,0.5595061728395062,18
4534,0,0,0,0.5596296296296296,18
4535,0,0,0,0.5597530864197531,18
4536,0,0,0,0.5598765432098766,18
4537,0,0,0,0.56,18
4538,0,0,0,0.5601234567901234,18
4539,0,0,0,0.5602469135802469,18
4540,0,0,0,0.5603703703703704,18
4541,0,0,0,0.5604938271604938,18
4542,0,0,0,0.5606172839506173,18
4543,0,0,0,0.5607407407407408,18
4544,0,0,0,0.5608641975308643,18
4545,0,0,0,0.5609876543209876,18
4546,0,0,0,0.5611111111111111,18
4547,0,0,0,0.5612345679012346,18
4548,0,0,0,0.561358024691358,18
4549,0,0,0,0.5614814814814815,18
4550,0,0,0,0.561604938271605,18
4551,0,0,0,0.5617283950617284,18
4552,0,0,0,0.5618518518518518,18
4553,0,0,0,0.5619753086419753,18
4554,0,0,0,0.5620987654320988,18
4555,0,0,0,0.5622222222222222,18
4556,0,0,0,0.5623456790123457,18
4557,0,0,0,0.5624691358024692,18
4558,0,0,0,0.5625925925925926,18
4559,1,1,0,0.562716049382716,19
4560,0,0,0,0.5628395061728395,19
4561,0,0,0,0.562962962962963,19
4562,0,0,0,0.5630864197530864,19
4563,0,0,0,0.5632098765432099,19
4564,0,0,0,0.5633333333333334,19
4565,0,0,0,0.5634567901234568,19
4566,0,0,0,0.5635802469135802,19
4567,0,0,0,0.5637037037037037,19
4568,0,0,0,0.5638271604938272,19
4569,0,0,0,0.5639506172839506,19
4570,0,0,0,0.5640740740740741,19
4571,0,0,0,0.5641975308641975,19
4572,0,0,0,0.564320987654321,19
4573,0,0,0,0.5644444444444444,19
4574,0,0,0,0.5645679012345679,19
4575,0,0,0,0.5646913580246914,19
4576,0,0,0,0.5648148148148148,19
4577,0,0,0,0.5649382716049383,19
4578,0,0,0,0.5650617283950617,19
4579,0,0,0,0.5651851851851852,19
4580,0,0,0,0.5653086419753086,19
4581,0,0,0,0.5654320987654321,19
4582,0,0,0,0.5655555555555556,19
4583,0,0,0,0.565679012345679,19
4584,0,0,0,0.5658024691358025,19
4585,0,0,0,0.5659259259259259,19
4586,0,0,0,0.5660493827160494,19
4587,0,0,0,0.5661728395061728,19
4588,0,0,0,0.5662962962962963,19
4589,0,0,0,0.5664197530864198,19
4590,0,0,0,0.5665432098765432,19
4591,0,0,0,0.5666666666666667,19
4592,0,0,0,0.5667901234567901,19
4593,0,0,0,0.5669135802469136,19
4594,0,0,0,0.567037037037037,19
4595,0,0,0,0.5671604938271605,19
4596,0,0,0,0.567283950617284,19
4597,0,0,0,0.5674074074074074,19
4598,0,0,0,0.5675308641975308,19
4599,0,0,0,0.5676543209876543,19
4600,0,0,0,0.5677777777777778,19
4601,0,0,0,0.5679012345679012,19
4602,0,0,0,0.5680246913580247,19
4603,0,0,0,0.5681481481481482,19
4604,0,0,0,0.5682716049382716,19
4605,0,0,0,0.568395061728395,19
4606,0,0,0,0.5685185185185185,19
4607,0,0,0,0.568641975308642,19
4608,0,0,0,0.5687654320987654,19
4609,0,0,0,0.5688888888888889,19
4610,0,0,0,0.5690123456790124,19
4611,0,0,0,0.5691358024691358,19
4612,0,0,0,0.5692592592592592,19
4613,0,0,0,0.5693827160493827,19
4614,0,0,0,0.5695061728395062,19
4615,0,0,0,0.5696296296296296,19
4616,0,0,0,0.5697530864197531,19
4617,0,0,0,0.5698765432098766,19
4618,0,0,0,0.57,19
4619,0,0,0,0.5701234567901234,19
4620,0,0,0,0.5702469135802469,19
4621,0,0,0,0.5703703703703704,19
4622,0,0,0,0.5704938271604938,19
4623,0,0,0,0.5706172839506173,19
4624,0,0,0,0.5707407407407408,19
4625,0,0,0,0.5708641975308641,19
4626,0,0,0,0.5709876543209876,19
4627,0,0,0,0.5711111111111111,19
4628,0,0,0,0.5712345679012346,19
4629,0,0,0,0.571358024691358,19
4630,0,0,0,0.5714814814814815,19
4631,0,0,0,0.571604938271605,19
4632,0,0,0,0.5717283950617283,19
4633,0,0,0,0.5718518518518518,19
4634,0,0,0,0.5719753086419753,19
4635,0,0,0,0.5720987654320988,19
4636,0,0,0,0.5722222222222222,19
4637,0,0,0,0.5723456790123457,19
4638,0,0,0,0.5724691358024692,19
4639,0,0,0,0.5725925925925925,19
4640,0,0,0,0.572716049382716,19
4641,0,0,0,0.5728395061728395,19
4642,0,0,0,0.572962962962963,19
4643,0,0,0,0.5730864197530864,19
4644,0,0,0,0.5732098765432099,19
4645,0,0,0,0.5733333333333334,19
4646,0,0,0,0.5734567901234567,19
4647,0,0,0,0.5735802469135802,19
4648,0,0,0,0.5737037037037037,19
4649,0,0,0,0.5738271604938272,19
4650,0,0,0,0.5739506172839506,19
4651,0,0,0,0.5740740740740741,19
4652,0,0,0,0.5741975308641976,19
4653,0,0,0,0.5743209876543209,19
4654,0,0,0,0.5744444444444444,19
4655,0,0,0,0.5745679012345679,19
4656,0,0,0,0.5746913580246914,19
4657,0,0,0,0.5748148148148148,19
4658,0,0,0,0.5749382716049383,19
4659,0,0,0,0.5750617283950618,19
4660,0,0,0,0.5751851851851851,19
4661,0,0,0,0.5753086419753086,19
4662,0,0,0,0.5754320987654321,19
4663,0,0,0,0.5755555555555556,19
4664,0,0,0,0.575679012345679,19
4665,0,0,0,0.5758024691358025,19
4666,0,0,0,0.575925925925926,19
4667,0,0,0,0.5760493827160493,19
4668,0,0,0,0.5761728395061728,19
4669,0,0,0,0.5762962962962963,19
4670,0,0,0,0.5764197530864198,19
4671,0,0,0,0.5765432098765432,19
4672,0,0,0,0.5766666666666667,19
4673,0,0,0,0.5767901234567901,19
4674,0,0,0,0.5769135802469135,19
4675,0,0,0,0.577037037037037,19
4676,0,0,0,0.5771604938271605,19
4677,0,0,0,0.577283950617284,19
4678,0,0,0,0.5774074074074074,19
4679,0,0,0,0.5775308641975309,19
4680,0,0,0,0.5776543209876543,19
4681,0,0,0,0.5777777777777777,19
4682,0,0,0,0.5779012345679012,19
4683,0,0,0,0.5780246913580247,19
4684,0,0,0,0.5781481481481482,19
4685,0,0,0,0.5782716049382716,19
4686,0,0,0,0.578395061728395,19
4687,0,0,0,0.5785185185185185,19
4688,0,0,0,0.5786419753086419,19
4689,0,0,0,0.5787654320987654,19
4690,0,0,0,0.5788888888888889,19
4691,0,0,0,0.5790123456790124,19
4692,0,0,0,0.5791358024691358,19
4693,0,0,0,0.5792592592592593,19
4694,0,0,0,0.5793827160493827,19
4695,0,0,0,0.5795061728395061,19
4696,0,0,0,0.5796296296296296,19
4697,0,0,0,0.5797530864197531,19
4698,1,1,0,0.5798765432098766,20
4699,0,0,0,0.58,20
4700,0,0,0,0.5801234567901234,20
4701,0,0,0,0.5802469135802469,20
4702,0,0,0,0.5803703703703704,20
4703,0,0,0,0.5804938271604938,20
4704,0,0,0,0.5806172839506173,20
4705,0,0,0,0.5807407407407408,20
4706,0,0,0,0.5808641975308642,20
4707,0,0,0,0.5809876543209876,20
4708,0,0,0,0.5811111111111111,20
4709,0,0,0,0.5812345679012346,20
4710,0,0,0,0.581358024691358,20
4711,0,0,0,0.5814814814814815,20
4712,0,0,0,0.581604938271605,20
4713,0,0,0,0.5817283950617284,20
4714,0,0,0,0.5818518518518518,20
4715,0,0,0,0.5819753086419753,20
4716,0,0,0,0.5820987654320988,20
4717,0,0,0,0.5822222222222222,20
4718,0,0,0,0.5823456790123457,20
4719,0,0,0,0.5824691358024692,20
4720,0,0,0,0.5825925925925926,20
4721,0,0,0,0.582716049382716,20
4722,0,0,0,0.5828395061728395,20
4723,0,0,0,0.582962962962963,20
4724,0,0,0,0.5830864197530864,20
4725,0,0,0,0.5832098765432099,20
4726,0,0,0,0.5833333333333334,20
4727,0,0,0,0.5834567901234567,20
4728,0,0,0,0.5835802469135802,20
4729,0,0,0,0.5837037037037037,20
4730,0,0,0,0.5838271604938272,20
4731,0,0,0,0.5839506172839506,20
4732,0,0,0,0.5840740740740741,20
4733,0,0,0,0.5841975308641976,20
4734,0,0,0,0.584320987654321,20
4735,0,0,0,0.5844444444444444,20
4736,0,0,0,0.5845679012345679,20
4737,0,0,0,0.5846913580246914,20
4738,0,0,0,0.5848148148148148,20
4739,0,0,0,0.5849382716049383,20
4740,0,0,0,0.5850617283950618,20
4741,0,0,0,0.5851851851851851,20
4742,0,0,0,0.5853086419753086,20
4743,0,0,0,0.5854320987654321,20
4744,0,0,0,0.5855555555555556,20
4745,0,0,0,0.585679012345679,20
4746,0,0,0,0.5858024691358025,20
4747,0,0,0,0.585925925925926,20
4748,0,0,0,0.5860493827160493,20
4749,0,0,0,0.5861728395061728,20
4750,0,0,0,0.5862962962962963,20
4751,0,0,0,0.5864197530864198,20
4752,0,0,0,0.5865432098765432,20
4753,0,0,0,0.5866666666666667,20
4754,0,0,0,0.5867901234567902,20
4755,0,0,0,0.5869135802469135,20
4756,0,0,0,0.587037037037037,20
4757,0,0,0,0.5871604938271605,20
4758,0,0,0,0.587283950617284,20
4759,0,0,0,0.5874074074074074,20
4760,0,0,0,0.5875308641975309,20
4761,0,0,0,0.5876543209876544,20
4762,0,0,0,0.5877777777777777,20
4763,0,0,0,0.5879012345679012,20
4764,0,0,0,0.5880246913580247,20
4765,0,0,0,0.5881481481481482,20
4766,0,0,0,0.5882716049382716,20
4767,0,0,0,0.5883950617283951,20
4768,0,0,0,0.5885185185185186,20
4769,0,0,0,0.5886419753086419,20
4770,0,0,0,0.5887654320987654,20
4771,0,0,0,0.5888888888888889,20
4772,0,0,0,0.5890123456790124,20
4773,0,0,0,0.5891358024691358,20
4774,0,0,0,0.5892592592592593,20
4775,0,0,0,0.5893827160493827,20
4776,0,0,0,0.5895061728395061,20
4777,0,0,0,0.5896296296296296,20
4778,0,0,0,0.5897530864197531,20
4779,0,0,0,0.5898765432098766,20
4780,0,0,0,0.59,20
4781,0,0,0,0.5901234567901235,20
4782,0,0,0,0.590246913580247,20
4783,0,0,0,0.5903703703703703,20
4784,0,0,0,0.5904938271604938,20
4785,0,0,0,0.5906172839506173,20
4786,0,0,0,0.5907407407407408,20
4787,0,0,0,0.5908641975308642,20
4788,0,0,0,0.5909876543209877,20
4789,0,0,0,0.5911111111111111,20
4790,0,0,0,0.5912345679012345,20
4791,0,0,0,0.591358024691358,20
4792,0,0,0,0.5914814814814815,20
4793,0,0,0,0.591604938271605,20
4794,0,0,0,0.5917283950617284,20
4795,0,0,0,0.5918518518518519,20
4796,0,0,0,0.5919753086419753,20
4797,0,0,0,0.5920987654320987,20
4798,0,0,0,0.5922222222222222,20
4799,0,0,0,0.5923456790123457,20
4800,0,0,0,0.5924691358024692,20
4801,0,0,0,0.5925925925925926,20
4802,0,0,0,0.592716049382716,20
4803,0,0,0,0.5928395061728395,20
4804,0,0,0,0.5929629629629629,20
4805,0,0,0,0.5930864197530864,20
4806,0,0,0,0.5932098765432099,20
4807,0,0,0,0.5933333333333334,20
4808,0,0,0,0.5934567901234568,20
4809,0,0,0,0.5935802469135802,20
4810,0,0,0,0.5937037037037037,20
4811,0,0,0,0.5938271604938271,20
4812,0,0,0,0.5939506172839506,20
4813,0,0,0,0.5940740740740741,20
4814,0,0,0,0.5941975308641976,20
4815,0,0,0,0.594320987654321,20
4816,0,0,0,0.5944444444444444,20
4817,0,0,0,0.5945679012345679,20
4818,0,0,0,0.5946913580246913,20
4819,0,0,0,0.5948148148148148,20
4820,0,0,0,0.5949382716049383,20
4821,0,0,0,0.5950617283950618,20
4822,0,0,0,0.5951851851851852,20
4823,0,0,0,0.5953086419753086,20
4824,0,0,0,0.5954320987654321,20
4825,0,0,0,0.5955555555555555,20
4826,0,0,0,0.595679012345679,20
4827,0,0,0,0.5958024691358025,20
4828,0,0,0,0.595925925925926,20
4829,0,0,0,0.5960493827160493,20
4830,0,0,0,0.5961728395061728,20
4831,0,0,0,0.5962962962962963,20
4832,0,0,0,0.5964197530864197,20
4833,0,0,0,0.5965432098765432,20
4834,0,0,0,0.5966666666666667,20
4835,0,0,0,0.5967901234567902,20
4836,0,0,0,0.5969135802469135,20
4837,0,0,0,0.597037037037037,20
4838,0,0,0,0.5971604938271605,20
4839,0,0,0,0.5972839506172839,20
4840,0,0,0,0.5974074074074074,20
4841,0,0,0,0.5975308641975309,20
4842,0,0,0,0.5976543209876544,20
4843,0,0,0,0.5977777777777777,20
4844,0,0,0,0.5979012345679012,20
4845,0,0,0,0.5980246913580247,20
4846,0,0,0,0.5981481481481481,20
4847,0,0,0,0.5982716049382716,20
4848,0,0,0,0.5983950617283951,20
4849,0,0,0,0.5985185185185186,20
4850,0,0,0,0.5986419753086419,20
4851,0,0,0,0.5987654320987654,20
4852,1,1,0,0.5988888888888889,21
4853,0,0,0,0.5990123456790123,21
4854,0,0,0,0.5991358024691358,21
4855,0,0,0,0.5992592592592593,21
4856,0,0,0,0.5993827160493828,21
4857,0,0,0,0.5995061728395061,21
4858,0,0,0,0.5996296296296296,21
4859,0,0,0,0.5997530864197531,21
4860,0,0,0,0.5998765432098765,21
4861,0,0,0,0.6,21
4862,0,0,0,0.6001234567901235,21
4863,0,0,0,0.600246913580247,21
4864,0,0,0,0.6003703703703703,21
4865,0,0,0,0.6004938271604938,21
4866,0,0,0,0.6006172839506173,21
4867,0,0,0,0.6007407407407407,21
4868,0,0,0,0.6008641975308642,21
4869,0,0,0,0.6009876543209877,21
4870,0,0,0,0.6011111111111112,21
4871,0,0,0,0.6012345679012345,21
4872,0,0,0,0.601358024691358,21
4873,0,0,0,0.6014814814814815,21
4874,0,0,0,0.6016049382716049,21
4875,0,0,0,0.6017283950617284,21
4876,0,0,0,0.6018518518518519,21
4877,0,0,0,0.6019753086419753,21
4878,0,0,0,0.6020987654320987,21
4879,0,0,0,0.6022222222222222,21
4880,0,0,0,0.6023456790123457,21
4881,0,0,0,0.6024691358024692,21
4882,0,0,0,0.6025925925925926,21
4883,0,0,0,0.6027160493827161,21
4884,0,0,0,0.6028395061728395,21
4885,0,0,0,0.6029629629629629,21
4886,0,0,0,0.6030864197530864,21
4887,0,0,0,0.6032098765432099,21
4888,0,0,0,0.6033333333333334,21
4889,0,0,0,0.6034567901234568,21
4890,0,0,0,0.6035802469135803,21
4891,0,0,0,0.6037037037037037,21
4892,0,0,0,0.6038271604938271,21
4893,0,0,0,0.6039506172839506,21
4894,0,0,0,0.6040740740740741,21
4895,0,0,0,0.6041975308641976,21
4896,0,0,0,0.604320987654321,21
4897,0,0,0,0.6044444444444445,21
4898,0,0,0,0.6045679012345679,21
4899,0,0,0,0.6046913580246913,21
4900,0,0,0,0.6048148148148148,21
4901,0,0,0,0.6049382716049383,21
4902,0,0,0,0.6050617283950618,21
4903,0,0,0,0.6051851851851852,21
4904,0,0,0,0.6053086419753086,21
4905,0,0,0,0.6054320987654321,21
4906,0,0,0,0.6055555555555555,21
4907,0,0,0,0.605679012345679,21
4908,0,0,0,0.6058024691358025,21
4909,0,0,0,0.605925925925926,21
4910,0,0,0,0.6060493827160494,21
4911,0,0,0,0.6061728395061728,21
4912,0,0,0,0.6062962962962963,21
4913,0,0,0,0.6064197530864197,21
4914,0,0,0,0.6065432098765432,21
4915,0,0,0,0.6066666666666667,21
4916,0,0,0,0.6067901234567902,21
4917,0,0,0,0.6069135802469136,21
4918,0,0,0,0.607037037037037,21
4919,0,0,0,0.6071604938271605,21
4920,0,0,0,0.6072839506172839,21
4921,0,0,0,0.6074074074074074,21
4922,0,0,0,0.6075308641975309,21
4923,0,0,0,0.6076543209876544,21
4924,0,0,0,0.6077777777777778,21
4925,0,0,0,0.6079012345679012,21
4926,0,0,0,0.6080246913580247,21
4927,0,0,0,0.6081481481481481,21
4928,0,0,0,0.6082716049382716,21
4929,0,0,0,0.6083950617283951,21
4930,1,1,0,0.6085185185185186,22
4931,0,0,0,0.608641975308642,22
4932,0,0,0,0.6087654320987654,22
4933,0,0,0,0.6088888888888889,22
4934,0,0,0,0.6090123456790123,22
4935,0,0,0,0.6091358024691358,22
4936,0,0,0,0.6092592592592593,22
4937,0,0,0,0.6093827160493828,22
4938,0,0,0,0.6095061728395061,22
4939,0,0,0,0.6096296296296296,22
4940,0,0,0,0.6097530864197531,22
4941,0,0,0,0.6098765432098765,22
4942,0,0,0,0.61,22
4943,0,0,0,0.6101234567901235,22
4944,0,0,0,0.610246913580247,22
4945,0,0,0,0.6103703703703703,22
4946,0,0,0,0.6104938271604938,22
4947,0,0,0,0.6106172839506173,22
4948,0,0,0,0.6107407407407407,22
4949,0,0,0,0.6108641975308642,22
4950,0,0,0,0.6109876543209877,22
4951,0,0,0,0.6111111111111112,22
4952,0,0,0,0.6112345679012345,22
4953,0,0,0,0.611358024691358,22
4954,0,0,0,0.6114814814814815,22
4955,0,0,0,0.6116049382716049,22
4956,1,1,0,0.6117283950617284,23
4957,0,0,0,0.6118518518518519,23
4958,0,0,0,0.6119753086419754,23
4959,0,0,0,0.6120987654320987,23
4960,0,0,0,0.6122222222222222,23
4961,0,0,0,0.6123456790123457,23
4962,0,0,0,0.6124691358024691,23
4963,0,0,0,0.6125925925925926,23
4964,0,0,0,0.6127160493827161,23
4965,0,0,0,0.6128395061728396,23
4966,0,0,0,0.6129629629629629,23
4967,0,0,0,0.6130864197530864,23
4968,0,0,0,0.6132098765432099,23
4969,0,0,0,0.6133333333333333,23
4970,0,0,0,0.6134567901234568,23
4971,0,0,0,0.6135802469135803,23
4972,0,0,0,0.6137037037037038,23
4973,0,0,0,0.6138271604938271,23
4974,0,0,0,0.6139506172839506,23
4975,0,0,0,0.6140740740740741,23
4976,0,0,0,0.6141975308641975,23
4977,0,0,0,0.614320987654321,23
4978,0,0,0,0.6144444444444445,23
4979,0,0,0,0.614567901234568,23
4980,0,0,0,0.6146913580246913,23
4981,0,0,0,0.6148148148148148,23
4982,0,0,0,0.6149382716049383,23
4983,0,0,0,0.6150617283950617,23
4984,0,0,0,0.6151851851851852,23
4985,1,1,0,0.6153086419753087,24
4986,0,0,0,0.6154320987654321,24
4987,0,0,0,0.6155555555555555,24
4988,0,0,0,0.615679012345679,24
4989,0,0,0,0.6158024691358025,24
4990,0,0,0,0.6159259259259259,24
4991,0,0,0,0.6160493827160494,24
4992,0,0,0,0.6161728395061729,24
4993,0,0,0,0.6162962962962963,24
4994,0,0,0,0.6164197530864197,24
4995,0,0,0,0.6165432098765432,24
4996,0,0,0,0.6166666666666667,24
4997,0,0,0,0.6167901234567901,24
4998,0,0,0,0.6169135802469136,24
4999,0,0,0,0.617037037037037,24
5000,0,0,0,0.6171604938271605,24
5001,0,0,0,0.6172839506172839,24
5002,0,0,0,0.6174074074074074,24
5003,0,0,0,0.6175308641975309,24
5004,0,0,0,0.6176543209876543,24
5005,0,0,0,0.6177777777777778,24
5006,0,0,0,0.6179012345679012,24
5007,0,0,0,0.6180246913580247,24
5008,0,0,0,0.6181481481481481,24
5009,0,0,0,0.6182716049382716,24
5010,0,0,0,0.6183950617283951,24
5011,0,0,0,0.6185185185185185,24
5012,0,0,0,0.618641975308642,24
5013,0,0,0,0.6187654320987654,24
5014,0,0,0,0.6188888888888889,24
5015,0,0,0,0.6190123456790123,24
5016,0,0,0,0.6191358024691358,24
5017,0,0,0,0.6192592592592593,24
5018,0,0,0,0.6193827160493827,24
5019,0,0,0,0.6195061728395062,24
5020,0,0,0,0.6196296296296296,24
5021,0,0,0,0.6197530864197531,24
5022,0,0,0,0.6198765432098765,24
5023,0,0,0,0.62,24
5024,0,0,0,0.6201234567901235,24
5025,0,0,0,0.6202469135802469,24
5026,0,0,0,0.6203703703703703,24
5027,0,0,0,0.6204938271604938,24
5028,0,0,0,0.6206172839506173,24
5029,0,0,0,0.6207407407407407,24
5030,0,0,0,0.6208641975308642,24
5031,0,0,0,0.6209876543209877,24
5032,0,0,0,0.6211111111111111,24
5033,0,0,0,0.6212345679012345,24
5034,0,0,0,0.621358024691358,24
5035,0,0,0,0.6214814814814815,24
5036,0,0,0,0.6216049382716049,24
5037,0,0,0,0.6217283950617284,24
5038,0,0,0,0.6218518518518519,24
5039,0,0,0,0.6219753086419753,24
5040,0,0,0,0.6220987654320987,24
5041,1,1,0,0.6222222222222222,25
5042,0,0,0,0.6223456790123457,25
5043,0,0,0,0.6224691358024691,25
5044,0,0,0,0.6225925925925926,25
5045,0,0,0,0.6227160493827161,25
5046,0,0,0,0.6228395061728395,25
5047,0,0,0,0.6229629629629629,25
5048,0,0,0,0.6230864197530864,25
5049,0,0,0,0.6232098765432099,25
5050,0,0,0,0.6233333333333333,25
5051,0,0,0,0.6234567901234568,25
5052,0,0,0,0.6235802469135803,25
5053,0,0,0,0.6237037037037036,25
5054,0,0,0,0.6238271604938271,25
5055,0,0,0,0.6239506172839506,25
5056,0,0,0,0.6240740740740741,25
5057,0,0,0,0.6241975308641975,25
5058,0,0,0,0.624320987654321,25
5059,0,0,0,0.6244444444444445,25
5060,0,0,0,0.6245679012345678,25
5061,0,0,0,0.6246913580246913,25
5062,0,0,0,0.6248148148148148,25
5063,0,0,0,0.6249382716049383,25
5064,0,0,0,0.6250617283950617,25
5065,0,0,0,0.6251851851851852,25
5066,0,0,0,0.6253086419753087,25
5067,0,0,0,0.6254320987654322,25
5068,0,0,0,0.6255555555555555,25
5069,0,0,0,0.625679012345679,25
5070,1,1,0,0.6258024691358025,26
5071,0,0,0,0.6259259259259259,26
5072,0,0,0,0.6260493827160494,26
5073,0,0,0,0.6261728395061729,26
5074,0,0,0,0.6262962962962964,26
5075,0,0,0,0.6264197530864197,26
5076,0,0,0,0.6265432098765432,26
5077,0,0,0,0.6266666666666667,26
5078,0,0,0,0.6267901234567901,26
5079,0,0,0,0.6269135802469136,26
5080,0,0,0,0.6270370370370371,26
5081,0,0,0,0.6271604938271605,26
5082,0,0,0,0.6272839506172839,26
5083,0,0,0,0.6274074074074074,26
5084,0,0,0,0.6275308641975309,26
5085,0,0,0,0.6276543209876543,26
5086,0,0,0,0.6277777777777778,26
5087,0,0,0,0.6279012345679013,26
5088,0,0,0,0.6280246913580247,26
5089,0,0,0,0.6281481481481481,26
5090,0,0,0,0.6282716049382716,26
5091,0,0,0,0.6283950617283951,26
5092,0,0,0,0.6285185185185185,26
5093,0,0,0,0.628641975308642,26
5094,0,0,0,0.6287654320987655,26
5095,0,0,0,0.6288888888888889,26
5096,1,1,0,0.6290123456790123,27
5097,0,0,0,0.6291358024691358,27
5098,0,0,0,0.6292592592592593,27
5099,0,0,0,0.6293827160493827,27
5100,0,0,0,0.6295061728395062,27
5101,0,0,0,0.6296296296296297,27
5102,0,0,0,0.6297530864197531,27
5103,0,0,0,0.6298765432098765,27
5104,0,0,0,0.63,27
5105,0,0,0,0.6301234567901235,27
5106,0,0,0,0.6302469135802469,27
5107,0,0,0,0.6303703703703704,27
5108,0,0,0,0.6304938271604938,27
5109,0,0,0,0.6306172839506173,27
5110,0,0,0,0.6307407407407407,27
5111,0,0,0,0.6308641975308642,27
5112,0,0,0,0.6309876543209877,27
5113,0,0,0,0.6311111111111111,27
5114,0,0,0,0.6312345679012346,27
5115,0,0,0,0.631358024691358,27
5116,0,0,0,0.6314814814814815,27
5117,0,0,0,0.6316049382716049,27
5118,0,0,0,0.6317283950617284,27
5119,0,0,0,0.6318518518518519,27
5120,2,2,0,0.6319753086419753,29
5121,0,0,0,0.6320987654320988,29
5122,0,0,0,0.6322222222222222,29
5123,0,0,0,0.6323456790123457,29
5124,0,0,0,0.6324691358024691,29
5125,0,0,0,0.6325925925925926,29
5126,0,0,0,0.6327160493827161,29
5127,0,0,0,0.6328395061728395,29
5128,1,1,0,0.632962962962963,30
5129,0,0,0,0.6330864197530864,30
5130,0,0,0,0.6332098765432099,30
5131,0,0,0,0.6333333333333333,30
5132,0,0,0,0.6334567901234568,30
5133,0,0,0,0.6335802469135803,30
5134,1,1,0,0.6337037037037037,31
5135,0,0,0,0.6338271604938271,31
5136,0,0,0,0.6339506172839506,31
5137,0,0,0,0.6340740740740741,31
5138,0,0,0,0.6341975308641975,31
5139,0,0,0,0.634320987654321,31
5140,0,0,0,0.6344444444444445,31
5141,0,0,0,0.6345679012345679,31
5142,0,0,0,0.6346913580246913,31
5143,0,0,0,0.6348148148148148,31
5144,0,0,0,0.6349382716049383,31
5145,0,0,0,0.6350617283950617,31
5146,0,0,0,0.6351851851851852,31
5147,0,0,0,0.6353086419753087,31
5148,0,0,0,0.635432098765432,31
5149,0,0,0,0.6355555555555555,31
5150,0,0,0,0.635679012345679,31
5151,0,0,0,0.6358024691358025,31
5152,1,1,0,0.6359259259259259,32
5153,0,0,0,0.6360493827160494,32
5154,0,0,0,0.6361728395061729,32
5155,0,0,0,0.6362962962962962,32
5156,0,0,0,0.6364197530864197,32
5157,0,0,0,0.6365432098765432,32
5158,0,0,0,0.6366666666666667,32
5159,0,0,0,0.6367901234567901,32
5160,0,0,0,0.6369135802469136,32
5161,0,0,0,0.6370370370370371,32
5162,0,0,0,0.6371604938271604,32
5163,0,0,0,0.6372839506172839,32
5164,0,0,0,0.6374074074074074,32
5165,0,0,0,0.6375308641975309,32
5166,0,0,0,0.6376543209876543,32
5167,0,0,0,0.6377777777777778,32
5168,1,1,1,0.6377777777777778,33
5169,0,0,0,0.6379012345679013,33
5170,0,0,0,0.6380246913580246,33
5171,0,0,0,0.6381481481481481,33
5172,0,0,0,0.6382716049382716,33
5173,0,0,0,0.6383950617283951,33
5174,0,0,0,0.6385185185185185,33
5175,0,0,0,0.638641975308642,33
5176,0,0,0,0.6387654320987655,33
5177,0,0,0,0.6388888888888888,33
5178,0,0,0,0.6390123456790123,33
5179,0,0,0,0.6391358024691358,33
5180,0,0,0,0.6392592592592593,33
5181,1,1,0,0.6393827160493827,34
5182,0,0,0,0.6395061728395062,34
5183,0,0,0,0.6396296296296297,34
5184,0,0,0,0.639753086419753,34
5185,0,0,0,0.6398765432098765,34
5186,0,0,0,0.64,34
5187,0,0,0,0.6401234567901235,34
5188,0,0,0,0.6402469135802469,34
5189,0,0,0,0.6403703703703704,34
5190,0,0,0,0.6404938271604939,34
5191,0,0,0,0.6406172839506172,34
5192,0,0,0,0.6407407407407407,34
5193,0,0,0,0.6408641975308642,34
5194,0,0,0,0.6409876543209877,34
5195,0,0,0,0.6411111111111111,34
5196,0,0,0,0.6412345679012346,34
5197,2,2,0,0.641358024691358,36
5198,0,0,0,0.6414814814814814,36
5199,0,0,0,0.6416049382716049,36
5200,0,0,0,0.6417283950617284,36
5201,0,0,0,0.6418518518518519,36
5202,0,0,0,0.6419753086419753,36
5203,0,0,0,0.6420987654320988,36
5204,0,0,0,0.6422222222222222,36
5205,0,0,0,0.6423456790123456,36
5206,0,0,0,0.6424691358024691,36
5207,0,0,0,0.6425925925925926,36
5208,0,0,0,0.6427160493827161,36
5209,0,0,0,0.6428395061728395,36
5210,0,0,0,0.642962962962963,36
5211,0,0,0,0.6430864197530864,36
5212,0,0,0,0.6432098765432098,36
5213,0,0,0,0.6433333333333333,36
5214,0,0,0,0.6434567901234568,36
5215,0,0,0,0.6435802469135803,36
5216,0,0,0,0.6437037037037037,36
5217,0,0,0,0.6438271604938272,36
5218,0,0,0,0.6439506172839506,36
5219,0,0,0,0.644074074074074,36
5220,0,0,0,0.6441975308641975,36
5221,0,0,0,0.644320987654321,36
5222,0,0,0,0.6444444444444445,36
5223,0,0,0,0.6445679012345679,36
5224,0,0,0,0.6446913580246914,36
5225,0,0,0,0.6448148148148148,36
5226,0,0,0,0.6449382716049382,36
5227,0,0,0,0.6450617283950617,36
5228,0,0,0,0.6451851851851852,36
5229,0,0,0,0.6453086419753087,36
5230,0,0,0,0.6454320987654321,36
5231,0,0,0,0.6455555555555555,36
5232,0,0,0,0.645679012345679,36
5233,0,0,0,0.6458024691358024,36
5234,0,0,0,0.6459259259259259,36
5235,0,0,0,0.6460493827160494,36
5236,0,0,0,0.6461728395061729,36
5237,0,0,0,0.6462962962962963,36
5238,0,0,0,0.6464197530864197,36
5239,0,0,0,0.6465432098765432,36
5240,0,0,0,0.6466666666666666,36
5241,0,0,0,0.6467901234567901,36
5242,0,0,0,0.6469135802469136,36
5243,0,0,0,0.6470370370370371,36
5244,0,0,0,0.6471604938271605,36
5245,0,0,0,0.6472839506172839,36
5246,0,0,0,0.6474074074074074,36
5247,0,0,0,0.6475308641975308,36
5248,0,0,0,0.6476543209876543,36
5249,0,0,0,0.6477777777777778,36
5250,0,0,0,0.6479012345679013,36
5251,0,0,0,0.6480246913580247,36
5252,0,0,0,0.6481481481481481,36
5253,0,0,0,0.6482716049382716,36
5254,0,0,0,0.6483950617283951,36
5255,0,0,0,0.6485185185185185,36
5256,0,0,0,0.648641975308642,36
5257,0,0,0,0.6487654320987655,36
5258,0,0,0,0.6488888888888888,36
5259,0,0,0,0.6490123456790123,36
5260,0,0,0,0.6491358024691358,36
5261,0,0,0,0.6492592592592593,36
5262,0,0,0,0.6493827160493827,36
5263,0,0,0,0.6495061728395062,36
5264,0,0,0,0.6496296296296297,36
5265,0,0,0,0.649753086419753,36
5266,0,0,0,0.6498765432098765,36
5267,0,0,0,0.65,36
5268,0,0,0,0.6501234567901235,36
5269,0,0,0,0.6502469135802469,36
5270,0,0,0,0.6503703703703704,36
5271,0,0,0,0.6504938271604939,36
5272,0,0,0,0.6506172839506172,36
5273,0,0,0,0.6507407407407407,36
5274,0,0,0,0.6508641975308642,36
5275,0,0,0,0.6509876543209877,36
5276,0,0,0,0.6511111111111111,36
5277,0,0,0,0.6512345679012346,36
5278,0,0,0,0.6513580246913581,36
5279,0,0,0,0.6514814814814814,36
5280,0,0,0,0.6516049382716049,36
5281,0,0,0,0.6517283950617284,36
5282,0,0,0,0.6518518518518519,36
5283,0,0,0,0.6519753086419753,36
5284,0,0,0,0.6520987654320988,36
5285,0,0,0,0.6522222222222223,36
5286,0,0,0,0.6523456790123456,36
5287,0,0,0,0.6524691358024691,36
5288,0,0,0,0.6525925925925926,36
5289,0,0,0,0.6527160493827161,36
5290,0,0,0,0.6528395061728395,36
5291,0,0,0,0.652962962962963,36
5292,0,0,0,0.6530864197530865,36
5293,0,0,0,0.6532098765432098,36
5294,0,0,0,0.6533333333333333,36
5295,0,0,0,0.6534567901234568,36
5296,0,0,0,0.6535802469135803,36
5297,0,0,0,0.6537037037037037,36
5298,0,0,0,0.6538271604938272,36
5299,0,0,0,0.6539506172839507,36
5300,0,0,0,0.654074074074074,36
5301,0,0,0,0.6541975308641975,36
5302,0,0,0,0.654320987654321,36
5303,0,0,0,0.6544444444444445,36
5304,0,0,0,0.6545679012345679,36
5305,0,0,0,0.6546913580246914,36
5306,0,0,0,0.6548148148148148,36
5307,0,0,0,0.6549382716049382,36
5308,0,0,0,0.6550617283950617,36
5309,0,0,0,0.6551851851851852,36
5310,0,0,0,0.6553086419753087,36
5311,0,0,0,0.6554320987654321,36
5312,0,0,0,0.6555555555555556,36
5313,0,0,0,0.655679012345679,36
5314,0,0,0,0.6558024691358024,36
5315,0,0,0,0.6559259259259259,36
5316,0,0,0,0.6560493827160494,36
5317,0,0,0,0.6561728395061729,36
5318,0,0,0,0.6562962962962963,36
5319,0,0,0,0.6564197530864198,36
5320,0,0,0,0.6565432098765432,36
5321,0,0,0,0.6566666666666666,36
5322,0,0,0,0.6567901234567901,36
5323,0,0,0,0.6569135802469136,36
5324,0,0,0,0.6570370370370371,36
5325,0,0,0,0.6571604938271605,36
5326,0,0,0,0.657283950617284,36
5327,0,0,0,0.6574074074074074,36
5328,0,0,0,0.6575308641975308,36
5329,0,0,0,0.6576543209876543,36
5330,0,0,0,0.6577777777777778,36
5331,0,0,0,0.6579012345679013,36
5332,0,0,0,0.6580246913580247,36
5333,0,0,0,0.6581481481481481,36
5334,0,0,0,0.6582716049382716,36
5335,1,1,0,0.658395061728395,37
5336,0,0,0,0.6585185185185185,37
5337,0,0,0,0.658641975308642,37
5338,0,0,0,0.6587654320987655,37
5339,0,0,0,0.6588888888888889,37
5340,0,0,0,0.6590123456790123,37
5341,0,0,0,0.6591358024691358,37
5342,0,0,0,0.6592592592592592,37
5343,0,0,0,0.6593827160493827,37
5344,0,0,0,0.6595061728395062,37
5345,0,0,0,0.6596296296296297,37
5346,0,0,0,0.659753086419753,37
5347,0,0,0,0.6598765432098765,37
5348,0,0,0,0.66,37
5349,0,0,0,0.6601234567901234,37
5350,0,0,0,0.6602469135802469,37
5351,0,0,0,0.6603703703703704,37
5352,0,0,0,0.6604938271604939,37
5353,0,0,0,0.6606172839506173,37
5354,0,0,0,0.6607407407407407,37
5355,0,0,0,0.6608641975308642,37
5356,0,0,0,0.6609876543209876,37
5357,0,0,0,0.6611111111111111,37
5358,0,0,0,0.6612345679012346,37
5359,0,0,0,0.6613580246913581,37
5360,0,0,0,0.6614814814814814,37
5361,0,0,0,0.6616049382716049,37
5362,0,0,0,0.6617283950617284,37
5363,0,0,0,0.6618518518518518,37
5364,0,0,0,0.6619753086419753,37
5365,0,0,0,0.6620987654320988,37
5366,0,0,0,0.6622222222222223,37
5367,0,0,0,0.6623456790123456,37
5368,0,0,0,0.6624691358024691,37
5369,0,0,0,0.6625925925925926,37
5370,0,0,0,0.662716049382716,37
5371,0,0,0,0.6628395061728395,37
5372,0,0,0,0.662962962962963,37
5373,0,0,0,0.6630864197530865,37
5374,0,0,0,0.6632098765432098,37
5375,0,0,0,0.6633333333333333,37
5376,0,0,0,0.6634567901234568,37
5377,0,0,0,0.6635802469135802,37
5378,0,0,0,0.6637037037037037,37
5379,0,0,0,0.6638271604938272,37
5380,0,0,0,0.6639506172839507,37
5381,0,0,0,0.664074074074074,37
5382,0,0,0,0.6641975308641975,37
5383,0,0,0,0.664320987654321,37
5384,0,0,0,0.6644444444444444,37
5385,0,0,0,0.6645679012345679,37
5386,0,0,0,0.6646913580246914,37
5387,0,0,0,0.6648148148148149,37
5388,0,0,0,0.6649382716049382,37
5389,0,0,0,0.6650617283950617,37
5390,0,0,0,0.6651851851851852,37
5391,1,1,0,0.6653086419753086,38
5392,1,1,0,0.6654320987654321,39
5393,0,0,0,0.6655555555555556,39
5394,0,0,0,0.665679012345679,39
5395,0,0,0,0.6658024691358024,39
5396,0,0,0,0.6659259259259259,39
5397,0,0,0,0.6660493827160494,39
5398,0,0,0,0.6661728395061728,39
5399,0,0,0,0.6662962962962963,39
5400,0,0,0,0.6664197530864198,39
5401,0,0,0,0.6665432098765433,39
5402,0,0,0,0.6666666666666666,39
5403,0,0,0,0.6667901234567901,39
5404,0,0,0,0.6669135802469136,39
5405,0,0,0,0.667037037037037,39
5406,0,0,0,0.6671604938271605,39
5407,0,0,0,0.667283950617284,39
5408,0,0,0,0.6674074074074074,39
5409,0,0,0,0.6675308641975308,39
5410,0,0,0,0.6676543209876543,39
5411,0,0,0,0.6677777777777778,39
5412,1,1,0,0.6679012345679012,40
5413,0,0,0,0.6680246913580247,40
5414,0,0,0,0.6681481481481482,40
5415,0,0,0,0.6682716049382716,40
5416,0,0,0,0.668395061728395,40
5417,0,0,0,0.6685185185185185,40
5418,0,0,0,0.668641975308642,40
5419,0,0,0,0.6687654320987654,40
5420,0,0,0,0.6688888888888889,40
5421,0,0,0,0.6690123456790124,40
5422,0,0,0,0.6691358024691358,40
5423,0,0,0,0.6692592592592592,40
5424,0,0,0,0.6693827160493827,40
5425,0,0,0,0.6695061728395062,40
5426,1,1,0,0.6696296296296296,41
5427,0,0,0,0.6697530864197531,41
5428,0,0,0,0.6698765432098766,41
5429,0,0,0,0.67,41
5430,0,0,0,0.6701234567901234,41
5431,0,0,0,0.6702469135802469,41
5432,0,0,0,0.6703703703703704,41
5433,0,0,0,0.6704938271604939,41
5434,0,0,0,0.6706172839506173,41
5435,0,0,0,0.6707407407407407,41
5436,0,0,0,0.6708641975308642,41
5437,0,0,0,0.6709876543209876,41
5438,0,0,0,0.6711111111111111,41
5439,0,0,0,0.6712345679012346,41
5440,0,0,0,0.6713580246913581,41
5441,0,0,0,0.6714814814814815,41
5442,0,0,0,0.671604938271605,41
5443,0,0,0,0.6717283950617284,41
5444,0,0,0,0.6718518518518518,41
5445,0,0,0,0.6719753086419753,41
5446,0,0,0,0.6720987654320988,41
5447,0,0,0,0.6722222222222223,41
5448,0,0,0,0.6723456790123457,41
5449,0,0,0,0.6724691358024691,41
5450,0,0,0,0.6725925925925926,41
5451,0,0,0,0.672716049382716,41
5452,0,0,0,0.6728395061728395,41
5453,0,0,0,0.672962962962963,41
5454,0,0,0,0.6730864197530865,41
5455,0,0,0,0.6732098765432099,41
5456,0,0,0,0.6733333333333333,41
5457,0,0,0,0.6734567901234568,41
5458,0,0,0,0.6735802469135802,41
5459,1,1,0,0.6737037037037037,42
5460,0,0,0,0.6738271604938272,42
5461,0,0,0,0.6739506172839507,42
5462,0,0,0,0.674074074074074,42
5463,0,0,0,0.6741975308641975,42
5464,0,0,0,0.674320987654321,42
5465,0,0,0,0.6744444444444444,42
5466,0,0,0,0.6745679012345679,42
5467,0,0,0,0.6746913580246914,42
5468,0,0,0,0.6748148148148149,42
5469,0,0,0,0.6749382716049382,42
5470,0,0,0,0.6750617283950617,42
5471,0,0,0,0.6751851851851852,42
5472,0,0,0,0.6753086419753086,42
5473,0,0,0,0.6754320987654321,42
5474,0,0,0,0.6755555555555556,42
5475,0,0,0,0.6756790123456791,42
5476,0,0,0,0.6758024691358024,42
5477,0,0,0,0.6759259259259259,42
5478,0,0,0,0.6760493827160494,42
5479,0,0,0,0.6761728395061728,42
5480,0,0,0,0.6762962962962963,42
5481,0,0,0,0.6764197530864198,42
5482,0,0,0,0.6765432098765433,42
5483,0,0,0,0.6766666666666666,42
5484,0,0,0,0.6767901234567901,42
5485,0,0,0,0.6769135802469136,42
5486,0,0,0,0.677037037037037,42
5487,0,0,0,0.6771604938271605,42
5488,0,0,0,0.677283950617284,42
5489,0,0,0,0.6774074074074075,42
5490,0,0,0,0.6775308641975308,42
5491,0,0,0,0.6776543209876543,42
5492,0,0,0,0.6777777777777778,42
5493,0,0,0,0.6779012345679012,42
5494,0,0,0,0.6780246913580247,42
5495,0,0,0,0.6781481481481482,42
5496,0,0,0,0.6782716049382717,42
5497,0,0,0,0.678395061728395,42
5498,0,0,0,0.6785185185185185,42
5499,0,0,0,0.678641975308642,42
5500,0,0,0,0.6787654320987654,42
5501,0,0,0,0.6788888888888889,42
5502,0,0,0,0.6790123456790124,42
5503,0,0,0,0.6791358024691359,42
5504,0,0,0,0.6792592592592592,42
5505,0,0,0,0.6793827160493827,42
5506,0,0,0,0.6795061728395062,42
5507,0,0,0,0.6796296296296296,42
5508,0,0,0,0.6797530864197531,42
5509,0,0,0,0.6798765432098766,42
5510,0,0,0,0.68,42
5511,1,1,1,0.68,43
5512,0,0,0,0.6801234567901234,43
5513,0,0,0,0.6802469135802469,43
5514,0,0,0,0.6803703703703704,43
5515,0,0,0,0.6804938271604938,43
5516,0,0,0,0.6806172839506173,43
5517,0,0,0,0.6807407407407408,43
5518,0,0,0,0.6808641975308642,43
5519,0,0,0,0.6809876543209876,43
5520,0,0,0,0.6811111111111111,43
5521,0,0,0,0.6812345679012346,43
5522,0,0,0,0.681358024691358,43
5523,0,0,0,0.6814814814814815,43
5524,0,0,0,0.681604938271605,43
5525,0,0,0,0.6817283950617284,43
5526,0,0,0,0.6818518518518518,43
5527,0,0,0,0.6819753086419753,43
5528,0,0,0,0.6820987654320988,43
5529,0,0,0,0.6822222222222222,43
5530,0,0,0,0.6823456790123457,43
5531,0,0,0,0.6824691358024692,43
5532,0,0,0,0.6825925925925926,43
5533,0,0,0,0.682716049382716,43
5534,0,0,0,0.6828395061728395,43
5535,0,0,0,0.682962962962963,43
5536,0,0,0,0.6830864197530864,43
5537,0,0,0,0.6832098765432099,43
5538,0,0,0,0.6833333333333333,43
5539,0,0,0,0.6834567901234568,43
5540,0,0,0,0.6835802469135802,43
5541,0,0,0,0.6837037037037037,43
5542,0,0,0,0.6838271604938272,43
5543,0,0,0,0.6839506172839506,43
5544,0,0,0,0.6840740740740741,43
5545,0,0,0,0.6841975308641975,43
5546,0,0,0,0.684320987654321,43
5547,0,0,0,0.6844444444444444,43
5548,0,0,0,0.6845679012345679,43
5549,0,0,0,0.6846913580246914,43
5550,0,0,0,0.6848148148148148,43
5551,0,0,0,0.6849382716049383,43
5552,0,0,0,0.6850617283950617,43
5553,0,0,0,0.6851851851851852,43
5554,0,0,0,0.6853086419753086,43
5555,1,1,0,0.6854320987654321,44
5556,0,0,0,0.6855555555555556,44
5557,0,0,0,0.685679012345679,44
5558,0,0,0,0.6858024691358025,44
5559,0,0,0,0.6859259259259259,44
5560,0,0,0,0.6860493827160494,44
5561,0,0,0,0.6861728395061728,44
5562,0,0,0,0.6862962962962963,44
5563,0,0,0,0.6864197530864198,44
5564,0,0,0,0.6865432098765432,44
5565,0,0,0,0.6866666666666666,44
5566,0,0,0,0.6867901234567901,44
5567,0,0,0,0.6869135802469136,44
5568,0,0,0,0.687037037037037,44
5569,0,0,0,0.6871604938271605,44
5570,0,0,0,0.687283950617284,44
5571,0,0,0,0.6874074074074074,44
5572,0,0,0,0.6875308641975308,44
5573,0,0,0,0.6876543209876543,44
5574,0,0,0,0.6877777777777778,44
5575,0,0,0,0.6879012345679012,44
5576,0,0,0,0.6880246913580247,44
5577,0,0,0,0.6881481481481482,44
5578,0,0,0,0.6882716049382716,44
5579,0,0,0,0.688395061728395,44
5580,0,0,0,0.6885185185185185,44
5581,0,0,0,0.688641975308642,44
5582,0,0,0,0.6887654320987654,44
5583,0,0,0,0.6888888888888889,44
5584,0,0,0,0.6890123456790124,44
5585,0,0,0,0.6891358024691357,44
5586,0,0,0,0.6892592592592592,44
5587,0,0,0,0.6893827160493827,44
5588,0,0,0,0.6895061728395062,44
5589,0,0,0,0.6896296296296296,44
5590,0,0,0,0.6897530864197531,44
5591,0,0,0,0.6898765432098766,44
5592,0,0,0,0.69,44
5593,0,0,0,0.6901234567901234,44
5594,0,0,0,0.6902469135802469,44
5595,0,0,0,0.6903703703703704,44
5596,0,0,0,0.6904938271604938,44
5597,0,0,0,0.6906172839506173,44
5598,0,0,0,0.6907407407407408,44
5599,0,0,0,0.6908641975308641,44
5600,0,0,0,0.6909876543209876,44
5601,0,0,0,0.6911111111111111,44
5602,0,0,0,0.6912345679012346,44
5603,0,0,0,0.691358024691358,44
5604,0,0,0,0.6914814814814815,44
5605,0,0,0,0.691604938271605,44
5606,0,0,0,0.6917283950617283,44
5607,0,0,0,0.6918518518518518,44
5608,0,0,0,0.6919753086419753,44
5609,0,0,0,0.6920987654320988,44
5610,0,0,0,0.6922222222222222,44
5611,0,0,0,0.6923456790123457,44
5612,0,0,0,0.6924691358024692,44
5613,0,0,0,0.6925925925925925,44
5614,0,0,0,0.692716049382716,44
5615,0,0,0,0.6928395061728395,44
5616,0,0,0,0.692962962962963,44
5617,0,0,0,0.6930864197530864,44
5618,0,0,0,0.6932098765432099,44
5619,0,0,0,0.6933333333333334,44
5620,0,0,0,0.6934567901234568,44
5621,0,0,0,0.6935802469135802,44
5622,0,0,0,0.6937037037037037,44
5623,0,0,0,0.6938271604938272,44
5624,0,0,0,0.6939506172839506,44
5625,0,0,0,0.6940740740740741,44
5626,0,0,0,0.6941975308641976,44
5627,0,0,0,0.694320987654321,44
5628,0,0,0,0.6944444444444444,44
5629,0,0,0,0.6945679012345679,44
5630,0,0,0,0.6946913580246914,44
5631,0,0,0,0.6948148148148148,44
5632,0,0,0,0.6949382716049383,44
5633,0,0,0,0.6950617283950618,44
5634,0,0,0,0.6951851851851852,44
5635,0,0,0,0.6953086419753086,44
5636,0,0,0,0.6954320987654321,44
5637,0,0,0,0.6955555555555556,44
5638,0,0,0,0.695679012345679,44
5639,0,0,0,0.6958024691358025,44
5640,0,0,0,0.695925925925926,44
5641,0,0,0,0.6960493827160494,44
5642,0,0,0,0.6961728395061728,44
5643,0,0,0,0.6962962962962963,44
5644,0,0,0,0.6964197530864198,44
5645,0,0,0,0.6965432098765432,44
5646,1,1,0,0.6966666666666667,45
5647,0,0,0,0.6967901234567901,45
5648,0,0,0,0.6969135802469136,45
5649,0,0,0,0.697037037037037,45
5650,0,0,0,0.6971604938271605,45
5651,0,0,0,0.697283950617284,45
5652,0,0,0,0.6974074074074074,45
5653,0,0,0,0.6975308641975309,45
5654,0,0,0,0.6976543209876543,45
5655,0,0,0,0.6977777777777778,45
5656,0,0,0,0.6979012345679012,45
5657,0,0,0,0.6980246913580247,45
5658,0,0,0,0.6981481481481482,45
5659,0,0,0,0.6982716049382716,45
5660,1,1,0,0.698395061728395,46
5661,0,0,0,0.6985185185185185,46
5662,0,0,0,0.698641975308642,46
5663,0,0,0,0.6987654320987654,46
5664,0,0,0,0.6988888888888889,46
5665,0,0,0,0.6990123456790124,46
5666,0,0,0,0.6991358024691358,46
5667,0,0,0,0.6992592592592592,46
5668,0,0,0,0.6993827160493827,46
5669,1,1,0,0.6995061728395062,47
5670,0,0,0,0.6996296296296296,47
5671,0,0,0,0.6997530864197531,47
5672,0,0,0,0.6998765432098766,47
5673,0,0,0,0.7,47
5674,0,0,0,0.7001234567901234,47
5675,0,0,0,0.7002469135802469,47
5676,0,0,0,0.7003703703703704,47
5677,1,1,0,0.7004938271604938,48
5678,0,0,0,0.7006172839506173,48
5679,0,0,0,0.7007407407407408,48
5680,0,0,0,0.7008641975308642,48
5681,0,0,0,0.7009876543209876,48
5682,0,0,0,0.7011111111111111,48
5683,0,0,0,0.7012345679012346,48
5684,0,0,0,0.701358024691358,48
5685,0,0,0,0.7014814814814815,48
5686,0,0,0,0.701604938271605,48
5687,0,0,0,0.7017283950617283,48
5688,1,1,0,0.7018518518518518,49
5689,0,0,0,0.7019753086419753,49
5690,0,0,0,0.7020987654320988,49
5691,0,0,0,0.7022222222222222,49
5692,1,1,0,0.7023456790123457,50
5693,0,0,0,0.7024691358024692,50
5694,0,0,0,0.7025925925925925,50
5695,0,0,0,0.702716049382716,50
5696,0,0,0,0.7028395061728395,50
5697,0,0,0,0.702962962962963,50
5698,0,0,0,0.7030864197530864,50
5699,0,0,0,0.7032098765432099,50
5700,0,0,0,0.7033333333333334,50
5701,0,0,0,0.7034567901234567,50
5702,0,0,0,0.7035802469135802,50
5703,0,0,0,0.7037037037037037,50
5704,0,0,0,0.7038271604938272,50
5705,0,0,0,0.7039506172839506,50
5706,0,0,0,0.7040740740740741,50
5707,0,0,0,0.7041975308641976,50
5708,0,0,0,0.7043209876543209,50
5709,0,0,0,0.7044444444444444,50
5710,1,1,0,0.7045679012345679,51
5711,0,0,0,0.7046913580246914,51
5712,0,0,0,0.7048148148148148,51
5713,0,0,0,0.7049382716049383,51
5714,0,0,0,0.7050617283950618,51
5715,0,0,0,0.7051851851851851,51
5716,0,0,0,0.7053086419753086,51
5717,0,0,0,0.7054320987654321,51
5718,0,0,0,0.7055555555555556,51
5719,0,0,0,0.705679012345679,51
5720,0,0,0,0.7058024691358025,51
5721,0,0,0,0.705925925925926,51
5722,0,0,0,0.7060493827160493,51
5723,0,0,0,0.7061728395061728,51
5724,0,0,0,0.7062962962962963,51
5725,0,0,0,0.7064197530864198,51
5726,0,0,0,0.7065432098765432,51
5727,0,0,0,0.7066666666666667,51
5728,0,0,0,0.7067901234567902,51
5729,0,0,0,0.7069135802469135,51
5730,0,0,0,0.707037037037037,51
5731,0,0,0,0.7071604938271605,51
5732,0,0,0,0.707283950617284,51
5733,0,0,0,0.7074074074074074,51
5734,0,0,0,0.7075308641975309,51
5735,0,0,0,0.7076543209876544,51
5736,0,0,0,0.7077777777777777,51
5737,0,0,0,0.7079012345679012,51
5738,0,0,0,0.7080246913580247,51
5739,0,0,0,0.7081481481481482,51
5740,0,0,0,0.7082716049382716,51
5741,0,0,0,0.7083950617283951,51
5742,0,0,0,0.7085185185185185,51
5743,0,0,0,0.7086419753086419,51
5744,0,0,0,0.7087654320987654,51
5745,0,0,0,0.7088888888888889,51
5746,0,0,0,0.7090123456790124,51
5747,0,0,0,0.7091358024691358,51
5748,2,2,0,0.7092592592592593,53
5749,0,0,0,0.7093827160493827,53
5750,0,0,0,0.7095061728395061,53
5751,0,0,0,0.7096296296296296,53
5752,0,0,0,0.7097530864197531,53
5753,1,1,0,0.7098765432098766,54
5754,0,0,0,0.71,54
5755,0,0,0,0.7101234567901235,54
5756,0,0,0,0.7102469135802469,54
5757,0,0,0,0.7103703703703703,54
5758,0,0,0,0.7104938271604938,54
5759,0,0,0,0.7106172839506173,54
5760,0,0,0,0.7107407407407408,54
5761,0,0,0,0.7108641975308642,54
5762,0,0,0,0.7109876543209876,54
5763,0,0,0,0.7111111111111111,54
5764,0,0,0,0.7112345679012345,54
5765,0,0,0,0.711358024691358,54
5766,0,0,0,0.7114814814814815,54
5767,0,0,0,0.711604938271605,54
5768,0,0,0,0.7117283950617284,54
5769,0,0,0,0.7118518518518518,54
5770,0,0,0,0.7119753086419753,54
5771,0,0,0,0.7120987654320987,54
5772,0,0,0,0.7122222222222222,54
5773,0,0,0,0.7123456790123457,54
5774,0,0,0,0.7124691358024692,54
5775,0,0,0,0.7125925925925926,54
5776,0,0,0,0.712716049382716,54
5777,0,0,0,0.7128395061728395,54
5778,0,0,0,0.7129629629629629,54
5779,0,0,0,0.7130864197530864,54
5780,0,0,0,0.7132098765432099,54
5781,0,0,0,0.7133333333333334,54
5782,0,0,0,0.7134567901234568,54
5783,0,0,0,0.7135802469135802,54
5784,0,0,0,0.7137037037037037,54
5785,0,0,0,0.7138271604938271,54
5786,0,0,0,0.7139506172839506,54
5787,0,0,0,0.7140740740740741,54
5788,0,0,0,0.7141975308641976,54
5789,1,1,0,0.714320987654321,55
5790,0,0,0,0.7144444444444444,55
5791,0,0,0,0.7145679012345679,55
5792,0,0,0,0.7146913580246913,55
5793,0,0,0,0.7148148148148148,55
5794,0,0,0,0.7149382716049383,55
5795,0,0,0,0.7150617283950618,55
5796,0,0,0,0.7151851851851851,55
5797,0,0,0,0.7153086419753086,55
5798,0,0,0,0.7154320987654321,55
5799,0,0,0,0.7155555555555555,55
5800,0,0,0,0.715679012345679,55
5801,0,0,0,0.7158024691358025,55
5802,0,0,0,0.715925925925926,55
5803,0,0,0,0.7160493827160493,55
5804,0,0,0,0.7161728395061728,55
5805,0,0,0,0.7162962962962963,55
5806,0,0,0,0.7164197530864198,55
5807,0,0,0,0.7165432098765432,55
5808,0,0,0,0.7166666666666667,55
5809,0,0,0,0.7167901234567902,55
5810,0,0,0,0.7169135802469135,55
5811,0,0,0,0.717037037037037,55
5812,0,0,0,0.7171604938271605,55
5813,0,0,0,0.717283950617284,55
5814,0,0,0,0.7174074074074074,55
5815,0,0,0,0.7175308641975309,55
5816,0,0,0,0.7176543209876544,55
5817,0,0,0,0.7177777777777777,55
5818,0,0,0,0.7179012345679012,55
5819,0,0,0,0.7180246913580247,55
5820,0,0,0,0.7181481481481482,55
5821,0,0,0,0.7182716049382716,55
5822,0,0,0,0.7183950617283951,55
5823,0,0,0,0.7185185185185186,55
5824,0,0,0,0.7186419753086419,55
5825,0,0,0,0.7187654320987654,55
5826,0,0,0,0.7188888888888889,55
5827,0,0,0,0.7190123456790124,55
5828,0,0,0,0.7191358024691358,55
5829,0,0,0,0.7192592592592593,55
5830,0,0,0,0.7193827160493828,55
5831,0,0,0,0.7195061728395061,55
5832,0,0,0,0.7196296296296296,55
5833,0,0,0,0.7197530864197531,55
5834,0,0,0,0.7198765432098766,55
5835,0,0,0,0.72,55
5836,0,0,0,0.7201234567901235,55
5837,0,0,0,0.720246913580247,55
5838,0,0,0,0.7203703703703703,55
5839,0,0,0,0.7204938271604938,55
5840,0,0,0,0.7206172839506173,55
5841,0,0,0,0.7207407407407408,55
5842,0,0,0,0.7208641975308642,55
5843,0,0,0,0.7209876543209877,55
5844,0,0,0,0.7211111111111111,55
5845,0,0,0,0.7212345679012345,55
5846,0,0,0,0.721358024691358,55
5847,0,0,0,0.7214814814814815,55
5848,0,0,0,0.721604938271605,55
5849,0,0,0,0.7217283950617284,55
5850,0,0,0,0.7218518518518519,55
5851,0,0,0,0.7219753086419753,55
5852,0,0,0,0.7220987654320987,55
5853,0,0,0,0.7222222222222222,55
5854,0,0,0,0.7223456790123457,55
5855,0,0,0,0.7224691358024692,55
5856,0,0,0,0.7225925925925926,55
5857,0,0,0,0.722716049382716,55
5858,0,0,0,0.7228395061728395,55
5859,0,0,0,0.7229629629629629,55
5860,0,0,0,0.7230864197530864,55
5861,0,0,0,0.7232098765432099,55
5862,0,0,0,0.7233333333333334,55
5863,0,0,0,0.7234567901234568,55
5864,0,0,0,0.7235802469135802,55
5865,0,0,0,0.7237037037037037,55
5866,0,0,0,0.7238271604938271,55
5867,0,0,0,0.7239506172839506,55
5868,0,0,0,0.7240740740740741,55
5869,0,0,0,0.7241975308641976,55
5870,0,0,0,0.724320987654321,55
5871,0,0,0,0.7244444444444444,55
5872,0,0,0,0.7245679012345679,55
5873,3,3,0,0.7246913580246913,58
5874,0,0,0,0.7248148148148148,58
5875,0,0,0,0.7249382716049383,58
5876,0,0,0,0.7250617283950618,58
5877,0,0,0,0.7251851851851852,58
5878,0,0,0,0.7253086419753086,58
5879,0,0,0,0.7254320987654321,58
5880,0,0,0,0.7255555555555555,58
5881,0,0,0,0.725679012345679,58
5882,0,0,0,0.7258024691358025,58
5883,0,0,0,0.725925925925926,58
5884,0,0,0,0.7260493827160494,58
5885,0,0,0,0.7261728395061728,58
5886,0,0,0,0.7262962962962963,58
5887,0,0,0,0.7264197530864197,58
5888,0,0,0,0.7265432098765432,58
5889,0,0,0,0.7266666666666667,58
5890,0,0,0,0.7267901234567902,58
5891,0,0,0,0.7269135802469135,58
5892,0,0,0,0.727037037037037,58
5893,0,0,0,0.7271604938271605,58
5894,0,0,0,0.7272839506172839,58
5895,0,0,0,0.7274074074074074,58
5896,0,0,0,0.7275308641975309,58
5897,0,0,0,0.7276543209876544,58
5898,0,0,0,0.7277777777777777,58
5899,0,0,0,0.7279012345679012,58
5900,0,0,0,0.7280246913580247,58
5901,1,1,0,0.7281481481481481,59
5902,0,0,0,0.7282716049382716,59
5903,0,0,0,0.7283950617283951,59
5904,0,0,0,0.7285185185185186,59
5905,0,0,0,0.7286419753086419,59
5906,0,0,0,0.7287654320987654,59
5907,0,0,0,0.7288888888888889,59
5908,0,0,0,0.7290123456790123,59
5909,0,0,0,0.7291358024691358,59
5910,0,0,0,0.7292592592592593,59
5911,0,0,0,0.7293827160493828,59
5912,0,0,0,0.7295061728395061,59
5913,0,0,0,0.7296296296296296,59
5914,0,0,0,0.7297530864197531,59
5915,0,0,0,0.7298765432098765,59
5916,0,0,0,0.73,59
5917,0,0,0,0.7301234567901235,59
5918,0,0,0,0.730246913580247,59
5919,0,0,0,0.7303703703703703,59
5920,0,0,0,0.7304938271604938,59
5921,0,0,0,0.7306172839506173,59
5922,0,0,0,0.7307407407407407,59
5923,0,0,0,0.7308641975308642,59
5924,0,0,0,0.7309876543209877,59
5925,0,0,0,0.7311111111111112,59
5926,0,0,0,0.7312345679012345,59
5927,0,0,0,0.731358024691358,59
5928,0,0,0,0.7314814814814815,59
5929,0,0,0,0.7316049382716049,59
5930,0,0,0,0.7317283950617284,59
5931,0,0,0,0.7318518518518519,59
5932,0,0,0,0.7319753086419754,59
5933,0,0,0,0.7320987654320987,59
5934,0,0,0,0.7322222222222222,59
5935,0,0,0,0.7323456790123457,59
5936,0,0,0,0.7324691358024691,59
5937,0,0,0,0.7325925925925926,59
5938,0,0,0,0.7327160493827161,59
5939,0,0,0,0.7328395061728395,59
5940,0,0,0,0.7329629629629629,59
5941,0,0,0,0.7330864197530864,59
5942,0,0,0,0.7332098765432099,59
5943,0,0,0,0.7333333333333333,59
5944,0,0,0,0.7334567901234568,59
5945,0,0,0,0.7335802469135803,59
5946,0,0,0,0.7337037037037037,59
5947,0,0,0,0.7338271604938271,59
5948,0,0,0,0.7339506172839506,59
5949,0,0,0,0.7340740740740741,59
5950,0,0,0,0.7341975308641975,59
5951,0,0,0,0.734320987654321,59
5952,0,0,0,0.7344444444444445,59
5953,0,0,0,0.7345679012345679,59
5954,0,0,0,0.7346913580246913,59
5955,1,1,0,0.7348148148148148,60
5956,0,0,0,0.7349382716049383,60
5957,1,1,0,0.7350617283950617,61
5958,0,0,0,0.7351851851851852,61
5959,0,0,0,0.7353086419753087,61
5960,0,0,0,0.7354320987654321,61
5961,0,0,0,0.7355555555555555,61
5962,0,0,0,0.735679012345679,61
5963,0,0,0,0.7358024691358025,61
5964,0,0,0,0.7359259259259259,61
5965,0,0,0,0.7360493827160494,61
5966,0,0,0,0.7361728395061728,61
5967,1,1,0,0.7362962962962963,62
5968,0,0,0,0.7364197530864197,62
5969,0,0,0,0.7365432098765432,62
5970,0,0,0,0.7366666666666667,62
5971,0,0,0,0.7367901234567901,62
5972,0,0,0,0.7369135802469136,62
5973,0,0,0,0.737037037037037,62
5974,0,0,0,0.7371604938271605,62
5975,0,0,0,0.7372839506172839,62
5976,0,0,0,0.7374074074074074,62
5977,0,0,0,0.7375308641975309,62
5978,0,0,0,0.7376543209876543,62
5979,0,0,0,0.7377777777777778,62
5980,0,0,0,0.7379012345679012,62
5981,0,0,0,0.7380246913580247,62
5982,0,0,0,0.7381481481481481,62
5983,0,0,0,0.7382716049382716,62
5984,0,0,0,0.7383950617283951,62
5985,0,0,0,0.7385185185185185,62
5986,0,0,0,0.738641975308642,62
5987,0,0,0,0.7387654320987654,62
5988,0,0,0,0.7388888888888889,62
5989,0,0,0,0.7390123456790123,62
5990,0,0,0,0.7391358024691358,62
5991,0,0,0,0.7392592592592593,62
5992,0,0,0,0.7393827160493828,62
5993,0,0,0,0.7395061728395061,62
5994,0,0,0,0.7396296296296296,62
5995,0,0,0,0.7397530864197531,62
5996,0,0,0,0.7398765432098765,62
5997,0,0,0,0.74,62
5998,0,0,0,0.7401234567901235,62
5999,0,0,0,0.740246913580247,62
6000,0,0,0,0.7403703703703703,62
6001,0,0,0,0.7404938271604938,62
6002,0,0,0,0.7406172839506173,62
6003,0,0,0,0.7407407407407407,62
6004,0,0,0,0.7408641975308642,62
6005,0,0,0,0.7409876543209877,62
6006,0,0,0,0.7411111111111112,62
6007,0,0,0,0.7412345679012345,62
6008,0,0,0,0.741358024691358,62
6009,0,0,0,0.7414814814814815,62
6010,0,0,0,0.7416049382716049,62
6011,0,0,0,0.7417283950617284,62
6012,0,0,0,0.7418518518518519,62
6013,0,0,0,0.7419753086419754,62
6014,0,0,0,0.7420987654320987,62
6015,0,0,0,0.7422222222222222,62
6016,0,0,0,0.7423456790123457,62
6017,0,0,0,0.7424691358024691,62
6018,0,0,0,0.7425925925925926,62
6019,0,0,0,0.7427160493827161,62
6020,0,0,0,0.7428395061728396,62
6021,0,0,0,0.7429629629629629,62
6022,0,0,0,0.7430864197530864,62
6023,0,0,0,0.7432098765432099,62
6024,0,0,0,0.7433333333333333,62
6025,0,0,0,0.7434567901234568,62
6026,0,0,0,0.7435802469135803,62
6027,0,0,0,0.7437037037037038,62
6028,0,0,0,0.7438271604938271,62
6029,0,0,0,0.7439506172839506,62
6030,0,0,0,0.7440740740740741,62
6031,0,0,0,0.7441975308641975,62
6032,0,0,0,0.744320987654321,62
6033,0,0,0,0.7444444444444445,62
6034,0,0,0,0.744567901234568,62
6035,0,0,0,0.7446913580246913,62
6036,0,0,0,0.7448148148148148,62
6037,0,0,0,0.7449382716049383,62
6038,0,0,0,0.7450617283950617,62
6039,0,0,0,0.7451851851851852,62
6040,0,0,0,0.7453086419753087,62
6041,0,0,0,0.7454320987654321,62
6042,0,0,0,0.7455555555555555,62
6043,0,0,0,0.745679012345679,62
6044,0,0,0,0.7458024691358025,62
6045,0,0,0,0.7459259259259259,62
6046,0,0,0,0.7460493827160494,62
6047,0,0,0,0.7461728395061729,62
6048,0,0,0,0.7462962962962963,62
6049,0,0,0,0.7464197530864197,62
6050,0,0,0,0.7465432098765432,62
6051,0,0,0,0.7466666666666667,62
6052,0,0,0,0.7467901234567901,62
6053,0,0,0,0.7469135802469136,62
6054,0,0,0,0.747037037037037,62
6055,0,0,0,0.7471604938271605,62
6056,1,1,0,0.7472839506172839,63
6057,0,0,0,0.7474074074074074,63
6058,0,0,0,0.7475308641975309,63
6059,0,0,0,0.7476543209876543,63
6060,0,0,0,0.7477777777777778,63
6061,0,0,0,0.7479012345679013,63
6062,0,0,0,0.7480246913580247,63
6063,0,0,0,0.7481481481481481,63
6064,0,0,0,0.7482716049382716,63
6065,0,0,0,0.7483950617283951,63
6066,0,0,0,0.7485185185185185,63
6067,0,0,0,0.748641975308642,63
6068,0,0,0,0.7487654320987654,63
6069,0,0,0,0.7488888888888889,63
6070,0,0,0,0.7490123456790123,63
6071,0,0,0,0.7491358024691358,63
6072,0,0,0,0.7492592592592593,63
6073,0,0,0,0.7493827160493827,63
6074,0,0,0,0.7495061728395062,63
6075,0,0,0,0.7496296296296296,63
6076,0,0,0,0.7497530864197531,63
6077,0,0,0,0.7498765432098765,63
6078,0,0,0,0.75,63
6079,0,0,0,0.7501234567901235,63
6080,0,0,0,0.7502469135802469,63
6081,0,0,0,0.7503703703703704,63
6082,0,0,0,0.7504938271604938,63
6083,2,2,2,0.7503703703703704,65
6084,0,0,0,0.7504938271604938,65
6085,0,0,0,0.7506172839506173,65
6086,0,0,0,0.7507407407407407,65
6087,0,0,0,0.7508641975308642,65
6088,0,0,0,0.7509876543209877,65
6089,0,0,0,0.7511111111111111,65
6090,0,0,0,0.7512345679012346,65
6091,0,0,0,0.751358024691358,65
6092,0,0,0,0.7514814814814815,65
6093,0,0,0,0.7516049382716049,65
6094,0,0,0,0.7517283950617284,65
6095,0,0,0,0.7518518518518519,65
6096,0,0,0,0.7519753086419753,65
6097,0,0,0,0.7520987654320987,65
6098,0,0,0,0.7522222222222222,65
6099,0,0,0,0.7523456790123457,65
6100,0,0,0,0.7524691358024691,65
6101,0,0,0,0.7525925925925926,65
6102,0,0,0,0.7527160493827161,65
6103,0,0,0,0.7528395061728395,65
6104,0,0,0,0.752962962962963,65
6105,0,0,0,0.7530864197530864,65
6106,0,0,0,0.7532098765432099,65
6107,0,0,0,0.7533333333333333,65
6108,0,0,0,0.7534567901234568,65
6109,0,0,0,0.7535802469135803,65
6110,0,0,0,0.7537037037037037,65
6111,0,0,0,0.7538271604938271,65
6112,0,0,0,0.7539506172839506,65
6113,0,0,0,0.7540740740740741,65
6114,0,0,0,0.7541975308641975,65
6115,0,0,0,0.754320987654321,65
6116,0,0,0,0.7544444444444445,65
6117,0,0,0,0.7545679012345679,65
6118,0,0,0,0.7546913580246913,65
6119,0,0,0,0.7548148148148148,65
6120,0,0,0,0.7549382716049383,65
6121,0,0,0,0.7550617283950617,65
6122,0,0,0,0.7551851851851852,65
6123,0,0,0,0.7553086419753087,65
6124,0,0,0,0.755432098765432,65
6125,0,0,0,0.7555555555555555,65
6126,0,0,0,0.755679012345679,65
6127,0,0,0,0.7558024691358025,65
6128,0,0,0,0.7559259259259259,65
6129,0,0,0,0.7560493827160494,65
6130,0,0,0,0.7561728395061729,65
6131,0,0,0,0.7562962962962962,65
6132,0,0,0,0.7564197530864197,65
6133,0,0,0,0.7565432098765432,65
6134,0,0,0,0.7566666666666667,65
6135,1,1,0,0.7567901234567901,66
6136,0,0,0,0.7569135802469136,66
6137,0,0,0,0.7570370370370371,66
6138,0,0,0,0.7571604938271604,66
6139,0,0,0,0.7572839506172839,66
6140,0,0,0,0.7574074074074074,66
6141,0,0,0,0.7575308641975309,66
6142,0,0,0,0.7576543209876543,66
6143,0,0,0,0.7577777777777778,66
6144,0,0,0,0.7579012345679013,66
6145,0,0,0,0.7580246913580246,66
6146,0,0,0,0.7581481481481481,66
6147,0,0,0,0.7582716049382716,66
6148,0,0,0,0.7583950617283951,66
6149,0,0,0,0.7585185185185185,66
6150,0,0,0,0.758641975308642,66
6151,0,0,0,0.7587654320987655,66
6152,0,0,0,0.7588888888888888,66
6153,0,0,0,0.7590123456790123,66
6154,0,0,0,0.7591358024691358,66
6155,0,0,0,0.7592592592592593,66
6156,0,0,0,0.7593827160493827,66
6157,0,0,0,0.7595061728395062,66
6158,0,0,0,0.7596296296296297,66
6159,0,0,0,0.759753086419753,66
6160,0,0,0,0.7598765432098765,66
6161,0,0,0,0.76,66
6162,0,0,0,0.7601234567901235,66
6163,0,0,0,0.7602469135802469,66
6164,0,0,0,0.7603703703703704,66
6165,0,0,0,0.7604938271604939,66
6166,0,0,0,0.7606172839506172,66
6167,0,0,0,0.7607407407407407,66
6168,0,0,0,0.7608641975308642,66
6169,0,0,0,0.7609876543209877,66
6170,0,0,0,0.7611111111111111,66
6171,0,0,0,0.7612345679012346,66
6172,0,0,0,0.761358024691358,66
6173,0,0,0,0.7614814814814815,66
6174,0,0,0,0.7616049382716049,66
6175,0,0,0,0.7617283950617284,66
6176,0,0,0,0.7618518518518519,66
6177,0,0,0,0.7619753086419753,66
6178,0,0,0,0.7620987654320988,66
6179,0,0,0,0.7622222222222222,66
6180,0,0,0,0.7623456790123457,66
6181,0,0,0,0.7624691358024691,66
6182,0,0,0,0.7625925925925926,66
6183,0,0,0,0.7627160493827161,66
6184,0,0,0,0.7628395061728395,66
6185,0,0,0,0.762962962962963,66
6186,0,0,0,0.7630864197530864,66
6187,0,0,0,0.7632098765432099,66
6188,0,0,0,0.7633333333333333,66
6189,0,0,0,0.7634567901234568,66
6190,0,0,0,0.7635802469135803,66
6191,0,0,0,0.7637037037037037,66
6192,0,0,0,0.7638271604938272,66
6193,0,0,0,0.7639506172839506,66
6194,0,0,0,0.7640740740740741,66
6195,0,0,0,0.7641975308641975,66
6196,0,0,0,0.764320987654321,66
6197,0,0,0,0.7644444444444445,66
6198,0,0,0,0.7645679012345679,66
6199,0,0,0,0.7646913580246913,66
6200,0,0,0,0.7648148148148148,66
6201,0,0,0,0.7649382716049383,66
6202,0,0,0,0.7650617283950617,66
6203,0,0,0,0.7651851851851852,66
6204,0,0,0,0.7653086419753087,66
6205,0,0,0,0.7654320987654321,66
6206,0,0,0,0.7655555555555555,66
6207,0,0,0,0.765679012345679,66
6208,0,0,0,0.7658024691358025,66
6209,0,0,0,0.7659259259259259,66
6210,0,0,0,0.7660493827160494,66
6211,0,0,0,0.7661728395061729,66
6212,0,0,0,0.7662962962962963,66
6213,0,0,0,0.7664197530864197,66
6214,0,0,0,0.7665432098765432,66
6215,0,0,0,0.7666666666666667,66
6216,0,0,0,0.7667901234567901,66
6217,0,0,0,0.7669135802469136,66
6218,0,0,0,0.7670370370370371,66
6219,0,0,0,0.7671604938271605,66
6220,0,0,0,0.7672839506172839,66
6221,0,0,0,0.7674074074074074,66
6222,0,0,0,0.7675308641975309,66
6223,0,0,0,0.7676543209876543,66
6224,0,0,0,0.7677777777777778,66
6225,0,0,0,0.7679012345679013,66
6226,0,0,0,0.7680246913580246,66
6227,0,0,0,0.7681481481481481,66
6228,0,0,0,0.7682716049382716,66
6229,0,0,0,0.7683950617283951,66
6230,0,0,0,0.7685185185185185,66
6231,0,0,0,0.768641975308642,66
6232,0,0,0,0.7687654320987655,66
6233,0,0,0,0.7688888888888888,66
6234,0,0,0,0.7690123456790123,66
6235,0,0,0,0.7691358024691358,66
6236,0,0,0,0.7692592592592593,66
6237,1,1,0,0.7693827160493827,67
6238,0,0,0,0.7695061728395062,67
6239,0,0,0,0.7696296296296297,67
6240,0,0,0,0.769753086419753,67
6241,0,0,0,0.7698765432098765,67
6242,0,0,0,0.77,67
6243,0,0,0,0.7701234567901235,67
6244,0,0,0,0.7702469135802469,67
6245,0,0,0,0.7703703703703704,67
6246,0,0,0,0.7704938271604939,67
6247,0,0,0,0.7706172839506172,67
6248,0,0,0,0.7707407407407407,67
6249,0,0,0,0.7708641975308642,67
6250,0,0,0,0.7709876543209877,67
6251,0,0,0,0.7711111111111111,67
6252,0,0,0,0.7712345679012346,67
6253,0,0,0,0.7713580246913581,67
6254,0,0,0,0.7714814814814814,67
6255,0,0,0,0.7716049382716049,67
6256,0,0,0,0.7717283950617284,67
6257,0,0,0,0.7718518518518519,67
6258,0,0,0,0.7719753086419753,67
6259,0,0,0,0.7720987654320988,67
6260,0,0,0,0.7722222222222223,67
6261,0,0,0,0.7723456790123456,67
6262,0,0,0,0.7724691358024691,67
6263,0,0,0,0.7725925925925926,67
6264,0,0,0,0.7727160493827161,67
6265,0,0,0,0.7728395061728395,67
6266,0,0,0,0.772962962962963,67
6267,0,0,0,0.7730864197530865,67
6268,0,0,0,0.7732098765432098,67
6269,1,1,0,0.7733333333333333,68
6270,0,0,0,0.7734567901234568,68
6271,0,0,0,0.7735802469135803,68
6272,0,0,0,0.7737037037037037,68
6273,1,1,0,0.7738271604938272,69
6274,0,0,0,0.7739506172839506,69
6275,0,0,0,0.774074074074074,69
6276,0,0,0,0.7741975308641975,69
6277,0,0,0,0.774320987654321,69
6278,0,0,0,0.7744444444444445,69
6279,0,0,0,0.7745679012345679,69
6280,0,0,0,0.7746913580246914,69
6281,0,0,0,0.7748148148148148,69
6282,0,0,0,0.7749382716049382,69
6283,0,0,0,0.7750617283950617,69
6284,0,0,0,0.7751851851851852,69
6285,0,0,0,0.7753086419753087,69
6286,0,0,0,0.7754320987654321,69
6287,0,0,0,0.7755555555555556,69
6288,0,0,0,0.775679012345679,69
6289,0,0,0,0.7758024691358024,69
6290,0,0,0,0.7759259259259259,69
6291,0,0,0,0.7760493827160494,69
6292,0,0,0,0.7761728395061729,69
6293,0,0,0,0.7762962962962963,69
6294,0,0,0,0.7764197530864198,69
6295,0,0,0,0.7765432098765432,69
6296,0,0,0,0.7766666666666666,69
6297,0,0,0,0.7767901234567901,69
6298,0,0,0,0.7769135802469136,69
6299,0,0,0,0.7770370370370371,69
6300,0,0,0,0.7771604938271605,69
6301,0,0,0,0.777283950617284,69
6302,0,0,0,0.7774074074074074,69
6303,2,2,0,0.7775308641975308,71
6304,0,0,0,0.7776543209876543,71
6305,1,1,0,0.7777777777777778,72
6306,0,0,0,0.7779012345679013,72
6307,0,0,0,0.7780246913580247,72
6308,0,0,0,0.7781481481481481,72
6309,0,0,0,0.7782716049382716,72
6310,0,0,0,0.778395061728395,72
6311,0,0,0,0.7785185185185185,72
6312,0,0,0,0.778641975308642,72
6313,0,0,0,0.7787654320987655,72
6314,0,0,0,0.7788888888888889,72
6315,0,0,0,0.7790123456790123,72
6316,0,0,0,0.7791358024691358,72
6317,0,0,0,0.7792592592592592,72
6318,0,0,0,0.7793827160493827,72
6319,1,1,0,0.7795061728395062,73
6320,0,0,0,0.7796296296296297,73
6321,0,0,0,0.779753086419753,73
6322,0,0,0,0.7798765432098765,73
6323,0,0,0,0.78,73
6324,0,0,0,0.7801234567901234,73
6325,0,0,0,0.7802469135802469,73
6326,0,0,0,0.7803703703703704,73
6327,0,0,0,0.7804938271604939,73
6328,0,0,0,0.7806172839506172,73
6329,0,0,0,0.7807407407407407,73
6330,0,0,0,0.7808641975308642,73
6331,0,0,0,0.7809876543209876,73
6332,0,0,0,0.7811111111111111,73
6333,0,0,0,0.7812345679012346,73
6334,0,0,0,0.7813580246913581,73
6335,0,0,0,0.7814814814814814,73
6336,0,0,0,0.7816049382716049,73
6337,0,0,0,0.7817283950617284,73
6338,0,0,0,0.7818518518518518,73
6339,0,0,0,0.7819753086419753,73
6340,0,0,0,0.7820987654320988,73
6341,1,1,0,0.7822222222222223,74
6342,0,0,0,0.7823456790123456,74
6343,0,0,0,0.7824691358024691,74
6344,0,0,0,0.7825925925925926,74
6345,0,0,0,0.782716049382716,74
6346,0,0,0,0.7828395061728395,74
6347,0,0,0,0.782962962962963,74
6348,0,0,0,0.7830864197530865,74
6349,0,0,0,0.7832098765432098,74
6350,0,0,0,0.7833333333333333,74
6351,0,0,0,0.7834567901234568,74
6352,0,0,0,0.7835802469135802,74
6353,0,0,0,0.7837037037037037,74
6354,0,0,0,0.7838271604938272,74
6355,0,0,0,0.7839506172839507,74
6356,0,0,0,0.784074074074074,74
6357,0,0,0,0.7841975308641975,74
6358,0,0,0,0.784320987654321,74
6359,0,0,0,0.7844444444444445,74
6360,0,0,0,0.7845679012345679,74
6361,0,0,0,0.7846913580246914,74
6362,0,0,0,0.7848148148148149,74
6363,0,0,0,0.7849382716049382,74
6364,0,0,0,0.7850617283950617,74
6365,1,1,0,0.7851851851851852,75
6366,0,0,0,0.7853086419753087,75
6367,0,0,0,0.7854320987654321,75
6368,0,0,0,0.7855555555555556,75
6369,0,0,0,0.785679012345679,75
6370,0,0,0,0.7858024691358024,75
6371,0,0,0,0.7859259259259259,75
6372,0,0,0,0.7860493827160494,75
6373,0,0,0,0.7861728395061729,75
6374,0,0,0,0.7862962962962963,75
6375,0,0,0,0.7864197530864198,75
6376,0,0,0,0.7865432098765432,75
6377,0,0,0,0.7866666666666666,75
6378,0,0,0,0.7867901234567901,75
6379,0,0,0,0.7869135802469136,75
6380,0,0,0,0.7870370370370371,75
6381,0,0,0,0.7871604938271605,75
6382,0,0,0,0.787283950617284,75
6383,0,0,0,0.7874074074074074,75
6384,1,1,0,0.7875308641975308,76
6385,0,0,0,0.7876543209876543,76
6386,0,0,0,0.7877777777777778,76
6387,0,0,0,0.7879012345679013,76
6388,0,0,0,0.7880246913580247,76
6389,0,0,0,0.7881481481481482,76
6390,0,0,0,0.7882716049382716,76
6391,0,0,0,0.788395061728395,76
6392,0,0,0,0.7885185185185185,76
6393,0,0,0,0.788641975308642,76
6394,0,0,0,0.7887654320987655,76
6395,0,0,0,0.7888888888888889,76
6396,0,0,0,0.7890123456790124,76
6397,0,0,0,0.7891358024691358,76
6398,0,0,0,0.7892592592592592,76
6399,0,0,0,0.7893827160493827,76
6400,0,0,0,0.7895061728395062,76
6401,1,1,0,0.7896296296296297,77
6402,0,0,0,0.7897530864197531,77
6403,0,0,0,0.7898765432098765,77
6404,1,1,0,0.79,78
6405,0,0,0,0.7901234567901234,78
6406,0,0,0,0.7902469135802469,78
6407,0,0,0,0.7903703703703704,78
6408,0,0,0,0.7904938271604939,78
6409,0,0,0,0.7906172839506173,78
6410,0,0,0,0.7907407407407407,78
6411,0,0,0,0.7908641975308642,78
6412,0,0,0,0.7909876543209876,78
6413,0,0,0,0.7911111111111111,78
6414,0,0,0,0.7912345679012346,78
6415,0,0,0,0.7913580246913581,78
6416,0,0,0,0.7914814814814815,78
6417,0,0,0,0.7916049382716049,78
6418,0,0,0,0.7917283950617284,78
6419,0,0,0,0.7918518518518518,78
6420,0,0,0,0.7919753086419753,78
6421,0,0,0,0.7920987654320988,78
6422,0,0,0,0.7922222222222223,78
6423,2,2,0,0.7923456790123456,80
6424,0,0,0,0.7924691358024691,80
6425,0,0,0,0.7925925925925926,80
6426,0,0,0,0.792716049382716,80
6427,0,0,0,0.7928395061728395,80
6428,0,0,0,0.792962962962963,80
6429,0,0,0,0.7930864197530865,80
6430,0,0,0,0.7932098765432098,80
6431,0,0,0,0.7933333333333333,80
6432,0,0,0,0.7934567901234568,80
6433,0,0,0,0.7935802469135802,80
6434,0,0,0,0.7937037037037037,80
6435,0,0,0,0.7938271604938272,80
6436,0,0,0,0.7939506172839507,80
6437,0,0,0,0.794074074074074,80
6438,0,0,0,0.7941975308641975,80
6439,0,0,0,0.794320987654321,80
6440,0,0,0,0.7944444444444444,80
6441,0,0,0,0.7945679012345679,80
6442,0,0,0,0.7946913580246914,80
6443,0,0,0,0.7948148148148149,80
6444,0,0,0,0.7949382716049382,80
6445,0,0,0,0.7950617283950617,80
6446,0,0,0,0.7951851851851852,80
6447,0,0,0,0.7953086419753086,80
6448,0,0,0,0.7954320987654321,80
6449,0,0,0,0.7955555555555556,80
6450,0,0,0,0.7956790123456791,80
6451,0,0,0,0.7958024691358024,80
6452,0,0,0,0.7959259259259259,80
6453,0,0,0,0.7960493827160494,80
6454,0,0,0,0.7961728395061728,80
6455,0,0,0,0.7962962962962963,80
6456,0,0,0,0.7964197530864198,80
6457,0,0,0,0.7965432098765433,80
6458,0,0,0,0.7966666666666666,80
6459,0,0,0,0.7967901234567901,80
6460,0,0,0,0.7969135802469136,80
6461,0,0,0,0.797037037037037,80
6462,0,0,0,0.7971604938271605,80
6463,0,0,0,0.797283950617284,80
6464,0,0,0,0.7974074074074075,80
6465,0,0,0,0.7975308641975308,80
6466,0,0,0,0.7976543209876543,80
6467,0,0,0,0.7977777777777778,80
6468,0,0,0,0.7979012345679012,80
6469,0,0,0,0.7980246913580247,80
6470,0,0,0,0.7981481481481482,80
6471,0,0,0,0.7982716049382717,80
6472,0,0,0,0.798395061728395,80
6473,0,0,0,0.7985185185185185,80
6474,0,0,0,0.798641975308642,80
6475,0,0,0,0.7987654320987654,80
6476,0,0,0,0.7988888888888889,80
6477,0,0,0,0.7990123456790124,80
6478,0,0,0,0.7991358024691358,80
6479,0,0,0,0.7992592592592592,80
6480,0,0,0,0.7993827160493827,80
6481,0,0,0,0.7995061728395062,80
6482,0,0,0,0.7996296296296296,80
6483,0,0,0,0.7997530864197531,80
6484,0,0,0,0.7998765432098766,80
6485,0,0,0,0.8,80
6486,1,1,0,0.8001234567901234,81
6487,0,0,0,0.8002469135802469,81
6488,0,0,0,0.8003703703703704,81
6489,0,0,0,0.8004938271604938,81
6490,0,0,0,0.8006172839506173,81
6491,0,0,0,0.8007407407407408,81
6492,0,0,0,0.8008641975308642,81
6493,0,0,0,0.8009876543209876,81
6494,0,0,0,0.8011111111111111,81
6495,0,0,0,0.8012345679012346,81
6496,0,0,0,0.801358024691358,81
6497,0,0,0,0.8014814814814815,81
6498,0,0,0,0.801604938271605,81
6499,0,0,0,0.8017283950617284,81
6500,0,0,0,0.8018518518518518,81
6501,0,0,0,0.8019753086419753,81
6502,0,0,0,0.8020987654320988,81
6503,0,0,0,0.8022222222222222,81
6504,0,0,0,0.8023456790123457,81
6505,0,0,0,0.8024691358024691,81
6506,0,0,0,0.8025925925925926,81
6507,0,0,0,0.802716049382716,81
6508,0,0,0,0.8028395061728395,81
6509,0,0,0,0.802962962962963,81
6510,0,0,0,0.8030864197530864,81
6511,0,0,0,0.8032098765432099,81
6512,0,0,0,0.8033333333333333,81
6513,0,0,0,0.8034567901234568,81
6514,0,0,0,0.8035802469135802,81
6515,0,0,0,0.8037037037037037,81
6516,0,0,0,0.8038271604938272,81
6517,0,0,0,0.8039506172839506,81
6518,0,0,0,0.804074074074074,81
6519,0,0,0,0.8041975308641975,81
6520,0,0,0,0.804320987654321,81
6521,0,0,0,0.8044444444444444,81
6522,0,0,0,0.8045679012345679,81
6523,0,0,0,0.8046913580246914,81
6524,0,0,0,0.8048148148148148,81
6525,0,0,0,0.8049382716049382,81
6526,0,0,0,0.8050617283950617,81
6527,0,0,0,0.8051851851851852,81
6528,0,0,0,0.8053086419753086,81
6529,0,0,0,0.8054320987654321,81
6530,0,0,0,0.8055555555555556,81
6531,0,0,0,0.805679012345679,81
6532,0,0,0,0.8058024691358024,81
6533,0,0,0,0.8059259259259259,81
6534,0,0,0,0.8060493827160494,81
6535,0,0,0,0.8061728395061728,81
6536,0,0,0,0.8062962962962963,81
6537,0,0,0,0.8064197530864198,81
6538,0,0,0,0.8065432098765432,81
6539,0,0,0,0.8066666666666666,81
6540,0,0,0,0.8067901234567901,81
6541,0,0,0,0.8069135802469136,81
6542,0,0,0,0.807037037037037,81
6543,0,0,0,0.8071604938271605,81
6544,0,0,0,0.807283950617284,81
6545,0,0,0,0.8074074074074075,81
6546,0,0,0,0.8075308641975308,81
6547,0,0,0,0.8076543209876543,81
6548,1,1,0,0.8077777777777778,82
6549,0,0,0,0.8079012345679012,82
6550,0,0,0,0.8080246913580247,82
6551,1,1,0,0.8081481481481482,83
6552,0,0,0,0.8082716049382717,83
6553,0,0,0,0.808395061728395,83
6554,0,0,0,0.8085185185185185,83
6555,0,0,0,0.808641975308642,83
6556,0,0,0,0.8087654320987654,83
6557,0,0,0,0.8088888888888889,83
6558,0,0,0,0.8090123456790124,83
6559,0,0,0,0.8091358024691359,83
6560,1,1,0,0.8092592592592592,84
6561,0,0,0,0.8093827160493827,84
6562,0,0,0,0.8095061728395062,84
6563,0,0,0,0.8096296296296296,84
6564,0,0,0,0.8097530864197531,84
6565,0,0,0,0.8098765432098766,84
6566,0,0,0,0.81,84
6567,0,0,0,0.8101234567901234,84
6568,0,0,0,0.8102469135802469,84
6569,0,0,0,0.8103703703703704,84
6570,0,0,0,0.8104938271604938,84
6571,0,0,0,0.8106172839506173,84
6572,0,0,0,0.8107407407407408,84
6573,0,0,0,0.8108641975308643,84
6574,0,0,0,0.8109876543209876,84
6575,0,0,0,0.8111111111111111,84
6576,0,0,0,0.8112345679012346,84
6577,0,0,0,0.811358024691358,84
6578,0,0,0,0.8114814814814815,84
6579,0,0,0,0.811604938271605,84
6580,0,0,0,0.8117283950617284,84
6581,0,0,0,0.8118518518518518,84
6582,0,0,0,0.8119753086419753,84
6583,0,0,0,0.8120987654320988,84
6584,0,0,0,0.8122222222222222,84
6585,0,0,0,0.8123456790123457,84
6586,0,0,0,0.8124691358024692,84
6587,0,0,0,0.8125925925925926,84
6588,0,0,0,0.812716049382716,84
6589,0,0,0,0.8128395061728395,84
6590,0,0,0,0.812962962962963,84
6591,2,2,0,0.8130864197530864,86
6592,0,0,0,0.8132098765432099,86
6593,0,0,0,0.8133333333333334,86
6594,0,0,0,0.8134567901234568,86
6595,0,0,0,0.8135802469135802,86
6596,0,0,0,0.8137037037037037,86
6597,0,0,0,0.8138271604938272,86
6598,0,0,0,0.8139506172839506,86
6599,1,1,0,0.8140740740740741,87
6600,0,0,0,0.8141975308641975,87
6601,0,0,0,0.814320987654321,87
6602,0,0,0,0.8144444444444444,87
6603,0,0,0,0.8145679012345679,87
6604,0,0,0,0.8146913580246914,87
6605,0,0,0,0.8148148148148148,87
6606,0,0,0,0.8149382716049383,87
6607,0,0,0,0.8150617283950617,87
6608,0,0,0,0.8151851851851852,87
6609,0,0,0,0.8153086419753086,87
6610,0,0,0,0.8154320987654321,87
6611,0,0,0,0.8155555555555556,87
6612,0,0,0,0.815679012345679,87
6613,0,0,0,0.8158024691358025,87
6614,1,1,0,0.8159259259259259,88
6615,0,0,0,0.8160493827160494,88
6616,0,0,0,0.8161728395061728,88
6617,0,0,0,0.8162962962962963,88
6618,0,0,0,0.8164197530864198,88
6619,0,0,0,0.8165432098765432,88
6620,0,0,0,0.8166666666666667,88
6621,0,0,0,0.8167901234567901,88
6622,0,0,0,0.8169135802469136,88
6623,0,0,0,0.817037037037037,88
6624,0,0,0,0.8171604938271605,88
6625,0,0,0,0.817283950617284,88
6626,0,0,0,0.8174074074074074,88
6627,0,0,0,0.8175308641975308,88
6628,0,0,0,0.8176543209876543,88
6629,0,0,0,0.8177777777777778,88
6630,0,0,0,0.8179012345679012,88
6631,0,0,0,0.8180246913580247,88
6632,0,0,0,0.8181481481481482,88
6633,0,0,0,0.8182716049382716,88
6634,0,0,0,0.818395061728395,88
6635,0,0,0,0.8185185185185185,88
6636,0,0,0,0.818641975308642,88
6637,0,0,0,0.8187654320987654,88
6638,0,0,0,0.8188888888888889,88
6639,0,0,0,0.8190123456790124,88
6640,0,0,0,0.8191358024691358,88
6641,0,0,0,0.8192592592592592,88
6642,0,0,0,0.8193827160493827,88
6643,0,0,0,0.8195061728395062,88
6644,0,0,0,0.8196296296296296,88
6645,0,0,0,0.8197530864197531,88
6646,1,1,0,0.8198765432098766,89
6647,0,0,0,0.82,89
6648,0,0,0,0.8201234567901234,89
6649,0,0,0,0.8202469135802469,89
6650,0,0,0,0.8203703703703704,89
6651,0,0,0,0.8204938271604938,89
6652,0,0,0,0.8206172839506173,89
6653,0,0,0,0.8207407407407408,89
6654,0,0,0,0.8208641975308641,89
6655,0,0,0,0.8209876543209876,89
6656,0,0,0,0.8211111111111111,89
6657,0,0,0,0.8212345679012346,89
6658,0,0,0,0.821358024691358,89
6659,0,0,0,0.8214814814814815,89
6660,0,0,0,0.821604938271605,89
6661,0,0,0,0.8217283950617283,89
6662,0,0,0,0.8218518518518518,89
6663,0,0,0,0.8219753086419753,89
6664,0,0,0,0.8220987654320988,89
6665,0,0,0,0.8222222222222222,89
6666,0,0,0,0.8223456790123457,89
6667,0,0,0,0.8224691358024692,89
6668,0,0,0,0.8225925925925925,89
6669,0,0,0,0.822716049382716,89
6670,0,0,0,0.8228395061728395,89
6671,0,0,0,0.822962962962963,89
6672,0,0,0,0.8230864197530864,89
6673,0,0,0,0.8232098765432099,89
6674,0,0,0,0.8233333333333334,89
6675,0,0,0,0.8234567901234567,89
6676,0,0,0,0.8235802469135802,89
6677,0,0,0,0.8237037037037037,89
6678,0,0,0,0.8238271604938272,89
6679,0,0,0,0.8239506172839506,89
6680,0,0,0,0.8240740740740741,89
6681,0,0,0,0.8241975308641976,89
6682,0,0,0,0.8243209876543209,89
6683,0,0,0,0.8244444444444444,89
6684,0,0,0,0.8245679012345679,89
6685,0,0,0,0.8246913580246914,89
6686,0,0,0,0.8248148148148148,89
6687,0,0,0,0.8249382716049383,89
6688,0,0,0,0.8250617283950618,89
6689,0,0,0,0.8251851851851851,89
6690,0,0,0,0.8253086419753086,89
6691,0,0,0,0.8254320987654321,89
6692,0,0,0,0.8255555555555556,89
6693,0,0,0,0.825679012345679,89
6694,0,0,0,0.8258024691358025,89
6695,0,0,0,0.825925925925926,89
6696,0,0,0,0.8260493827160493,89
6697,0,0,0,0.8261728395061728,89
6698,0,0,0,0.8262962962962963,89
6699,0,0,0,0.8264197530864198,89
6700,0,0,0,0.8265432098765432,89
6701,0,0,0,0.8266666666666667,89
6702,0,0,0,0.8267901234567901,89
6703,0,0,0,0.8269135802469135,89
6704,0,0,0,0.827037037037037,89
6705,0,0,0,0.8271604938271605,89
6706,0,0,0,0.827283950617284,89
6707,0,0,0,0.8274074074074074,89
6708,0,0,0,0.8275308641975309,89
6709,0,0,0,0.8276543209876543,89
6710,0,0,0,0.8277777777777777,89
6711,0,0,0,0.8279012345679012,89
6712,0,0,0,0.8280246913580247,89
6713,0,0,0,0.8281481481481482,89
6714,0,0,0,0.8282716049382716,89
6715,0,0,0,0.828395061728395,89
6716,0,0,0,0.8285185185185185,89
6717,0,0,0,0.8286419753086419,89
6718,0,0,0,0.8287654320987654,89
6719,0,0,0,0.8288888888888889,89
6720,0,0,0,0.8290123456790124,89
6721,0,0,0,0.8291358024691358,89
6722,0,0,0,0.8292592592592593,89
6723,0,0,0,0.8293827160493827,89
6724,0,0,0,0.8295061728395061,89
6725,0,0,0,0.8296296296296296,89
6726,0,0,0,0.8297530864197531,89
6727,0,0,0,0.8298765432098766,89
6728,0,0,0,0.83,89
6729,0,0,0,0.8301234567901234,89
6730,0,0,0,0.8302469135802469,89
6731,0,0,0,0.8303703703703704,89
6732,0,0,0,0.8304938271604938,89
6733,0,0,0,0.8306172839506173,89
6734,0,0,0,0.8307407407407408,89
6735,0,0,0,0.8308641975308642,89
6736,0,0,0,0.8309876543209876,89
6737,0,0,0,0.8311111111111111,89
6738,0,0,0,0.8312345679012346,89
6739,0,0,0,0.831358024691358,89
6740,0,0,0,0.8314814814814815,89
6741,0,0,0,0.831604938271605,89
6742,0,0,0,0.8317283950617284,89
6743,0,0,0,0.8318518518518518,89
6744,0,0,0,0.8319753086419753,89
6745,0,0,0,0.8320987654320988,89
6746,0,0,0,0.8322222222222222,89
6747,0,0,0,0.8323456790123457,89
6748,0,0,0,0.8324691358024692,89
6749,0,0,0,0.8325925925925926,89
6750,0,0,0,0.832716049382716,89
6751,0,0,0,0.8328395061728395,89
6752,0,0,0,0.832962962962963,89
6753,0,0,0,0.8330864197530864,89
6754,0,0,0,0.8332098765432099,89
6755,0,0,0,0.8333333333333334,89
6756,0,0,0,0.8334567901234567,89
6757,0,0,0,0.8335802469135802,89
6758,0,0,0,0.8337037037037037,89
6759,0,0,0,0.8338271604938272,89
6760,0,0,0,0.8339506172839506,89
6761,0,0,0,0.8340740740740741,89
6762,2,2,0,0.8341975308641976,91
6763,0,0,0,0.834320987654321,91
6764,0,0,0,0.8344444444444444,91
6765,0,0,0,0.8345679012345679,91
6766,0,0,0,0.8346913580246914,91
6767,0,0,0,0.8348148148148148,91
6768,0,0,0,0.8349382716049383,91
6769,0,0,0,0.8350617283950618,91
6770,1,1,0,0.8351851851851851,92
6771,1,1,0,0.8353086419753086,93
6772,0,0,0,0.8354320987654321,93
6773,0,0,0,0.8355555555555556,93
6774,0,0,0,0.835679012345679,93
6775,0,0,0,0.8358024691358025,93
6776,0,0,0,0.835925925925926,93
6777,0,0,0,0.8360493827160493,93
6778,0,0,0,0.8361728395061728,93
6779,0,0,0,0.8362962962962963,93
6780,0,0,0,0.8364197530864198,93
6781,0,0,0,0.8365432098765432,93
6782,0,0,0,0.8366666666666667,93
6783,1,1,0,0.8367901234567902,94
6784,0,0,0,0.8369135802469135,94
6785,0,0,0,0.837037037037037,94
6786,0,0,0,0.8371604938271605,94
6787,0,0,0,0.837283950617284,94
6788,0,0,0,0.8374074074074074,94
6789,0,0,0,0.8375308641975309,94
6790,0,0,0,0.8376543209876544,94
6791,0,0,0,0.8377777777777777,94
6792,0,0,0,0.8379012345679012,94
6793,0,0,0,0.8380246913580247,94
6794,0,0,0,0.8381481481481482,94
6795,1,1,0,0.8382716049382716,95
6796,0,0,0,0.8383950617283951,95
6797,0,0,0,0.8385185185185186,95
6798,0,0,0,0.8386419753086419,95
6799,0,0,0,0.8387654320987654,95
6800,0,0,0,0.8388888888888889,95
6801,0,0,0,0.8390123456790124,95
6802,0,0,0,0.8391358024691358,95
6803,0,0,0,0.8392592592592593,95
6804,0,0,0,0.8393827160493827,95
6805,0,0,0,0.8395061728395061,95
6806,0,0,0,0.8396296296296296,95
6807,0,0,0,0.8397530864197531,95
6808,0,0,0,0.8398765432098766,95
6809,0,0,0,0.84,95
6810,0,0,0,0.8401234567901235,95
6811,0,0,0,0.840246913580247,95
6812,0,0,0,0.8403703703703703,95
6813,0,0,0,0.8404938271604938,95
6814,0,0,0,0.8406172839506173,95
6815,0,0,0,0.8407407407407408,95
6816,0,0,0,0.8408641975308642,95
6817,0,0,0,0.8409876543209877,95
6818,0,0,0,0.8411111111111111,95
6819,0,0,0,0.8412345679012345,95
6820,0,0,0,0.841358024691358,95
6821,0,0,0,0.8414814814814815,95
6822,0,0,0,0.841604938271605,95
6823,1,1,0,0.8417283950617284,96
6824,0,0,0,0.8418518518518519,96
6825,0,0,0,0.8419753086419753,96
6826,0,0,0,0.8420987654320987,96
6827,0,0,0,0.8422222222222222,96
6828,0,0,0,0.8423456790123457,96
6829,0,0,0,0.8424691358024692,96
6830,0,0,0,0.8425925925925926,96
6831,0,0,0,0.842716049382716,96
6832,0,0,0,0.8428395061728395,96
6833,0,0,0,0.8429629629629629,96
6834,0,0,0,0.8430864197530864,96
6835,0,0,0,0.8432098765432099,96
6836,0,0,0,0.8433333333333334,96
6837,0,0,0,0.8434567901234568,96
6838,0,0,0,0.8435802469135802,96
6839,0,0,0,0.8437037037037037,96
6840,0,0,0,0.8438271604938271,96
6841,0,0,0,0.8439506172839506,96
6842,0,0,0,0.8440740740740741,96
6843,0,0,0,0.8441975308641976,96
6844,0,0,0,0.844320987654321,96
6845,0,0,0,0.8444444444444444,96
6846,0,0,0,0.8445679012345679,96
6847,0,0,0,0.8446913580246913,96
6848,0,0,0,0.8448148148148148,96
6849,0,0,0,0.8449382716049383,96
6850,0,0,0,0.8450617283950618,96
6851,0,0,0,0.8451851851851852,96
6852,0,0,0,0.8453086419753086,96
6853,0,0,0,0.8454320987654321,96
6854,0,0,0,0.8455555555555555,96
6855,0,0,0,0.845679012345679,96
6856,0,0,0,0.8458024691358025,96
6857,0,0,0,0.845925925925926,96
6858,0,0,0,0.8460493827160493,96
6859,0,0,0,0.8461728395061728,96
6860,0,0,0,0.8462962962962963,96
6861,0,0,0,0.8464197530864197,96
6862,0,0,0,0.8465432098765432,96
6863,0,0,0,0.8466666666666667,96
6864,0,0,0,0.8467901234567902,96
6865,0,0,0,0.8469135802469135,96
6866,0,0,0,0.847037037037037,96
6867,0,0,0,0.8471604938271605,96
6868,0,0,0,0.8472839506172839,96
6869,0,0,0,0.8474074074074074,96
6870,0,0,0,0.8475308641975309,96
6871,0,0,0,0.8476543209876544,96
6872,0,0,0,0.8477777777777777,96
6873,0,0,0,0.8479012345679012,96
6874,0,0,0,0.8480246913580247,96
6875,0,0,0,0.8481481481481481,96
6876,0,0,0,0.8482716049382716,96
6877,0,0,0,0.8483950617283951,96
6878,0,0,0,0.8485185185185186,96
6879,0,0,0,0.8486419753086419,96
6880,0,0,0,0.8487654320987654,96
6881,0,0,0,0.8488888888888889,96
6882,0,0,0,0.8490123456790123,96
6883,0,0,0,0.8491358024691358,96
6884,0,0,0,0.8492592592592593,96
6885,0,0,0,0.8493827160493828,96
6886,0,0,0,0.8495061728395061,96
6887,1,1,0,0.8496296296296296,97
6888,0,0,0,0.8497530864197531,97
6889,0,0,0,0.8498765432098765,97
6890,0,0,0,0.85,97
6891,0,0,0,0.8501234567901235,97
6892,0,0,0,0.850246913580247,97
6893,0,0,0,0.8503703703703703,97
6894,0,0,0,0.8504938271604938,97
6895,0,0,0,0.8506172839506173,97
6896,0,0,0,0.8507407407407407,97
6897,0,0,0,0.8508641975308642,97
6898,0,0,0,0.8509876543209877,97
6899,0,0,0,0.8511111111111112,97
6900,0,0,0,0.8512345679012345,97
6901,1,1,0,0.851358024691358,98
6902,0,0,0,0.8514814814814815,98
6903,0,0,0,0.8516049382716049,98
6904,0,0,0,0.8517283950617284,98
6905,0,0,0,0.8518518518518519,98
6906,0,0,0,0.8519753086419753,98
6907,1,1,0,0.8520987654320987,99
6908,0,0,0,0.8522222222222222,99
6909,0,0,0,0.8523456790123457,99
6910,0,0,0,0.8524691358024692,99
6911,0,0,0,0.8525925925925926,99
6912,0,0,0,0.8527160493827161,99
6913,0,0,0,0.8528395061728395,99
6914,0,0,0,0.8529629629629629,99
6915,0,0,0,0.8530864197530864,99
6916,0,0,0,0.8532098765432099,99
6917,0,0,0,0.8533333333333334,99
6918,0,0,0,0.8534567901234568,99
6919,2,2,0,0.8535802469135803,101
6920,0,0,0,0.8537037037037037,101
6921,0,0,0,0.8538271604938271,101
6922,0,0,0,0.8539506172839506,101
6923,0,0,0,0.8540740740740741,101
6924,0,0,0,0.8541975308641976,101
6925,0,0,0,0.854320987654321,101
6926,0,0,0,0.8544444444444445,101
6927,0,0,0,0.8545679012345679,101
6928,0,0,0,0.8546913580246913,101
6929,0,0,0,0.8548148148148148,101
6930,0,0,0,0.8549382716049383,101
6931,0,0,0,0.8550617283950618,101
6932,0,0,0,0.8551851851851852,101
6933,0,0,0,0.8553086419753086,101
6934,0,0,0,0.8554320987654321,101
6935,0,0,0,0.8555555555555555,101
6936,0,0,0,0.855679012345679,101
6937,0,0,0,0.8558024691358025,101
6938,0,0,0,0.855925925925926,101
6939,0,0,0,0.8560493827160494,101
6940,0,0,0,0.8561728395061728,101
6941,0,0,0,0.8562962962962963,101
6942,0,0,0,0.8564197530864197,101
6943,0,0,0,0.8565432098765432,101
6944,0,0,0,0.8566666666666667,101
6945,0,0,0,0.8567901234567902,101
6946,0,0,0,0.8569135802469136,101
6947,0,0,0,0.857037037037037,101
6948,0,0,0,0.8571604938271605,101
6949,0,0,0,0.8572839506172839,101
6950,0,0,0,0.8574074074074074,101
6951,0,0,0,0.8575308641975309,101
6952,0,0,0,0.8576543209876544,101
6953,0,0,0,0.8577777777777778,101
6954,0,0,0,0.8579012345679012,101
6955,0,0,0,0.8580246913580247,101
6956,0,0,0,0.8581481481481481,101
6957,0,0,0,0.8582716049382716,101
6958,0,0,0,0.8583950617283951,101
6959,0,0,0,0.8585185185185186,101
6960,0,0,0,0.858641975308642,101
6961,0,0,0,0.8587654320987654,101
6962,0,0,0,0.8588888888888889,101
6963,0,0,0,0.8590123456790123,101
6964,0,0,0,0.8591358024691358,101
6965,0,0,0,0.8592592592592593,101
6966,0,0,0,0.8593827160493828,101
6967,0,0,0,0.8595061728395061,101
6968,0,0,0,0.8596296296296296,101
6969,0,0,0,0.8597530864197531,101
6970,0,0,0,0.8598765432098765,101
6971,0,0,0,0.86,101
6972,0,0,0,0.8601234567901235,101
6973,0,0,0,0.860246913580247,101
6974,0,0,0,0.8603703703703703,101
6975,1,1,0,0.8604938271604938,102
6976,0,0,0,0.8606172839506173,102
6977,0,0,0,0.8607407407407407,102
6978,0,0,0,0.8608641975308642,102
6979,0,0,0,0.8609876543209877,102
6980,0,0,0,0.8611111111111112,102
6981,0,0,0,0.8612345679012345,102
6982,0,0,0,0.861358024691358,102
6983,0,0,0,0.8614814814814815,102
6984,0,0,0,0.8616049382716049,102
6985,0,0,0,0.8617283950617284,102
6986,0,0,0,0.8618518518518519,102
6987,0,0,0,0.8619753086419754,102
6988,0,0,0,0.8620987654320987,102
6989,0,0,0,0.8622222222222222,102
6990,0,0,0,0.8623456790123457,102
6991,0,0,0,0.8624691358024691,102
6992,0,0,0,0.8625925925925926,102
6993,0,0,0,0.8627160493827161,102
6994,0,0,0,0.8628395061728396,102
6995,0,0,0,0.8629629629629629,102
6996,0,0,0,0.8630864197530864,102
6997,2,2,0,0.8632098765432099,104
6998,0,0,0,0.8633333333333333,104
6999,0,0,0,0.8634567901234568,104
7000,0,0,0,0.8635802469135803,104
7001,0,0,0,0.8637037037037038,104
7002,0,0,0,0.8638271604938271,104
7003,1,1,0,0.8639506172839506,105
7004,0,0,0,0.8640740740740741,105
7005,0,0,0,0.8641975308641975,105
7006,0,0,0,0.864320987654321,105
7007,0,0,0,0.8644444444444445,105
7008,0,0,0,0.864567901234568,105
7009,0,0,0,0.8646913580246913,105
7010,0,0,0,0.8648148148148148,105
7011,0,0,0,0.8649382716049383,105
7012,0,0,0,0.8650617283950617,105
7013,0,0,0,0.8651851851851852,105
7014,0,0,0,0.8653086419753087,105
7015,0,0,0,0.8654320987654321,105
7016,1,1,0,0.8655555555555555,106
7017,0,0,0,0.865679012345679,106
7018,0,0,0,0.8658024691358025,106
7019,0,0,0,0.8659259259259259,106
7020,0,0,0,0.8660493827160494,106
7021,0,0,0,0.8661728395061729,106
7022,0,0,0,0.8662962962962963,106
7023,0,0,0,0.8664197530864197,106
7024,0,0,0,0.8665432098765432,106
7025,0,0,0,0.8666666666666667,106
7026,0,0,0,0.8667901234567901,106
7027,0,0,0,0.8669135802469136,106
7028,0,0,0,0.867037037037037,106
7029,0,0,0,0.8671604938271605,106
7030,0,0,0,0.8672839506172839,106
7031,0,0,0,0.8674074074074074,106
7032,0,0,0,0.8675308641975309,106
7033,0,0,0,0.8676543209876543,106
7034,0,0,0,0.8677777777777778,106
7035,0,0,0,0.8679012345679012,106
7036,0,0,0,0.8680246913580247,106
7037,0,0,0,0.8681481481481481,106
7038,0,0,0,0.8682716049382716,106
7039,0,0,0,0.8683950617283951,106
7040,0,0,0,0.8685185185185185,106
7041,0,0,0,0.868641975308642,106
7042,0,0,0,0.8687654320987654,106
7043,0,0,0,0.8688888888888889,106
7044,0,0,0,0.8690123456790123,106
7045,0,0,0,0.8691358024691358,106
7046,0,0,0,0.8692592592592593,106
7047,0,0,0,0.8693827160493827,106
7048,0,0,0,0.8695061728395062,106
7049,0,0,0,0.8696296296296296,106
7050,0,0,0,0.8697530864197531,106
7051,0,0,0,0.8698765432098765,106
7052,0,0,0,0.87,106
7053,0,0,0,0.8701234567901235,106
7054,0,0,0,0.8702469135802469,106
7055,0,0,0,0.8703703703703703,106
7056,0,0,0,0.8704938271604938,106
7057,2,2,0,0.8706172839506173,108
7058,0,0,0,0.8707407407407407,108
7059,0,0,0,0.8708641975308642,108
7060,0,0,0,0.8709876543209877,108
7061,0,0,0,0.8711111111111111,108
7062,0,0,0,0.8712345679012345,108
7063,0,0,0,0.871358024691358,108
7064,0,0,0,0.8714814814814815,108
7065,0,0,0,0.8716049382716049,108
7066,0,0,0,0.8717283950617284,108
7067,0,0,0,0.8718518518518519,108
7068,0,0,0,0.8719753086419753,108
7069,0,0,0,0.8720987654320987,108
7070,0,0,0,0.8722222222222222,108
7071,0,0,0,0.8723456790123457,108
7072,0,0,0,0.8724691358024691,108
7073,0,0,0,0.8725925925925926,108
7074,0,0,0,0.8727160493827161,108
7075,0,0,0,0.8728395061728395,108
7076,0,0,0,0.8729629629629629,108
7077,0,0,0,0.8730864197530864,108
7078,0,0,0,0.8732098765432099,108
7079,0,0,0,0.8733333333333333,108
7080,0,0,0,0.8734567901234568,108
7081,0,0,0,0.8735802469135803,108
7082,0,0,0,0.8737037037037036,108
7083,1,1,0,0.8738271604938271,109
7084,0,0,0,0.8739506172839506,109
7085,0,0,0,0.8740740740740741,109
7086,0,0,0,0.8741975308641975,109
7087,0,0,0,0.874320987654321,109
7088,0,0,0,0.8744444444444445,109
7089,0,0,0,0.8745679012345678,109
7090,0,0,0,0.8746913580246913,109
7091,0,0,0,0.8748148148148148,109
7092,0,0,0,0.8749382716049383,109
7093,0,0,0,0.8750617283950617,109
7094,1,1,0,0.8751851851851852,110
7095,0,0,0,0.8753086419753087,110
7096,0,0,0,0.8754320987654322,110
7097,0,0,0,0.8755555555555555,110
7098,0,0,0,0.875679012345679,110
7099,0,0,0,0.8758024691358025,110
7100,1,1,1,0.8758024691358025,111
7101,0,0,0,0.8759259259259259,111
7102,0,0,0,0.8760493827160494,111
7103,0,0,0,0.8761728395061729,111
7104,0,0,0,0.8762962962962964,111
7105,0,0,0,0.8764197530864197,111
7106,0,0,0,0.8765432098765432,111
7107,0,0,0,0.8766666666666667,111
7108,0,0,0,0.8767901234567901,111
7109,0,0,0,0.8769135802469136,111
7110,0,0,0,0.8770370370370371,111
7111,0,0,0,0.8771604938271605,111
7112,0,0,0,0.8772839506172839,111
7113,2,2,0,0.8774074074074074,113
7114,0,0,0,0.8775308641975309,113
7115,1,1,0,0.8776543209876543,114
7116,0,0,0,0.8777777777777778,114
7117,0,0,0,0.8779012345679013,114
7118,0,0,0,0.8780246913580247,114
7119,0,0,0,0.8781481481481481,114
7120,0,0,0,0.8782716049382716,114
7121,0,0,0,0.8783950617283951,114
7122,0,0,0,0.8785185185185185,114
7123,0,0,0,0.878641975308642,114
7124,0,0,0,0.8787654320987655,114
7125,0,0,0,0.8788888888888889,114
7126,0,0,0,0.8790123456790123,114
7127,0,0,0,0.8791358024691358,114
7128,0,0,0,0.8792592592592593,114
7129,0,0,0,0.8793827160493827,114
7130,0,0,0,0.8795061728395062,114
7131,0,0,0,0.8796296296296297,114
7132,0,0,0,0.8797530864197531,114
7133,0,0,0,0.8798765432098765,114
7134,0,0,0,0.88,114
7135,0,0,0,0.8801234567901235,114
7136,0,0,0,0.8802469135802469,114
7137,0,0,0,0.8803703703703704,114
7138,0,0,0,0.8804938271604938,114
7139,0,0,0,0.8806172839506173,114
7140,0,0,0,0.8807407407407407,114
7141,0,0,0,0.8808641975308642,114
7142,0,0,0,0.8809876543209877,114
7143,0,0,0,0.8811111111111111,114
7144,0,0,0,0.8812345679012346,114
7145,0,0,0,0.881358024691358,114
7146,0,0,0,0.8814814814814815,114
7147,0,0,0,0.8816049382716049,114
7148,0,0,0,0.8817283950617284,114
7149,0,0,0,0.8818518518518519,114
7150,0,0,0,0.8819753086419753,114
7151,0,0,0,0.8820987654320988,114
7152,0,0,0,0.8822222222222222,114
7153,0,0,0,0.8823456790123457,114
7154,0,0,0,0.8824691358024691,114
7155,0,0,0,0.8825925925925926,114
7156,0,0,0,0.8827160493827161,114
7157,0,0,0,0.8828395061728395,114
7158,0,0,0,0.882962962962963,114
7159,0,0,0,0.8830864197530864,114
7160,0,0,0,0.8832098765432099,114
7161,0,0,0,0.8833333333333333,114
7162,0,0,0,0.8834567901234568,114
7163,0,0,0,0.8835802469135803,114
7164,0,0,0,0.8837037037037037,114
7165,0,0,0,0.8838271604938271,114
7166,0,0,0,0.8839506172839506,114
7167,0,0,0,0.8840740740740741,114
7168,0,0,0,0.8841975308641975,114
7169,0,0,0,0.884320987654321,114
7170,0,0,0,0.8844444444444445,114
7171,0,0,0,0.8845679012345679,114
7172,0,0,0,0.8846913580246913,114
7173,0,0,0,0.8848148148148148,114
7174,0,0,0,0.8849382716049383,114
7175,0,0,0,0.8850617283950617,114
7176,0,0,0,0.8851851851851852,114
7177,0,0,0,0.8853086419753087,114
7178,0,0,0,0.885432098765432,114
7179,0,0,0,0.8855555555555555,114
7180,0,0,0,0.885679012345679,114
7181,0,0,0,0.8858024691358025,114
7182,0,0,0,0.8859259259259259,114
7183,0,0,0,0.8860493827160494,114
7184,0,0,0,0.8861728395061729,114
7185,0,0,0,0.8862962962962962,114
7186,0,0,0,0.8864197530864197,114
7187,0,0,0,0.8865432098765432,114
7188,0,0,0,0.8866666666666667,114
7189,0,0,0,0.8867901234567901,114
7190,0,0,0,0.8869135802469136,114
7191,0,0,0,0.8870370370370371,114
7192,0,0,0,0.8871604938271604,114
7193,0,0,0,0.8872839506172839,114
7194,1,1,0,0.8874074074074074,115
7195,0,0,0,0.8875308641975309,115
7196,0,0,0,0.8876543209876543,115
7197,0,0,0,0.8877777777777778,115
7198,0,0,0,0.8879012345679013,115
7199,0,0,0,0.8880246913580246,115
7200,0,0,0,0.8881481481481481,115
7201,0,0,0,0.8882716049382716,115
7202,1,1,1,0.8882716049382716,116
7203,0,0,0,0.8883950617283951,116
7204,0,0,0,0.8885185185185185,116
7205,0,0,0,0.888641975308642,116
7206,0,0,0,0.8887654320987655,116
7207,0,0,0,0.8888888888888888,116
7208,0,0,0,0.8890123456790123,116
7209,0,0,0,0.8891358024691358,116
7210,0,0,0,0.8892592592592593,116
7211,0,0,0,0.8893827160493827,116
7212,0,0,0,0.8895061728395062,116
7213,0,0,0,0.8896296296296297,116
7214,0,0,0,0.889753086419753,116
7215,1,1,0,0.8898765432098765,117
7216,0,0,0,0.89,117
7217,0,0,0,0.8901234567901235,117
7218,0,0,0,0.8902469135802469,117
7219,0,0,0,0.8903703703703704,117
7220,0,0,0,0.8904938271604939,117
7221,0,0,0,0.8906172839506172,117
7222,0,0,0,0.8907407407407407,117
7223,0,0,0,0.8908641975308642,117
7224,0,0,0,0.8909876543209877,117
7225,0,0,0,0.8911111111111111,117
7226,0,0,0,0.8912345679012346,117
7227,0,0,0,0.891358024691358,117
7228,0,0,0,0.8914814814814814,117
7229,0,0,0,0.8916049382716049,117
7230,0,0,0,0.8917283950617284,117
7231,0,0,0,0.8918518518518519,117
7232,0,0,0,0.8919753086419753,117
7233,0,0,0,0.8920987654320988,117
7234,0,0,0,0.8922222222222222,117
7235,0,0,0,0.8923456790123456,117
7236,0,0,0,0.8924691358024691,117
7237,0,0,0,0.8925925925925926,117
7238,0,0,0,0.8927160493827161,117
7239,0,0,0,0.8928395061728395,117
7240,0,0,0,0.892962962962963,117
7241,0,0,0,0.8930864197530864,117
7242,0,0,0,0.8932098765432098,117
7243,0,0,0,0.8933333333333333,117
7244,0,0,0,0.8934567901234568,117
7245,1,1,1,0.8934567901234568,118
7246,0,0,0,0.8935802469135803,118
7247,1,1,0,0.8937037037037037,119
7248,0,0,0,0.8938271604938272,119
7249,0,0,0,0.8939506172839506,119
7250,2,2,0,0.894074074074074,121
7251,0,0,0,0.8941975308641975,121
7252,0,0,0,0.894320987654321,121
7253,0,0,0,0.8944444444444445,121
7254,0,0,0,0.8945679012345679,121
7255,0,0,0,0.8946913580246914,121
7256,0,0,0,0.8948148148148148,121
7257,0,0,0,0.8949382716049382,121
7258,0,0,0,0.8950617283950617,121
7259,0,0,0,0.8951851851851852,121
7260,1,1,0,0.8953086419753087,122
7261,0,0,0,0.8954320987654321,122
7262,0,0,0,0.8955555555555555,122
7263,0,0,0,0.895679012345679,122
7264,0,0,0,0.8958024691358024,122
7265,0,0,0,0.8959259259259259,122
7266,1,1,0,0.8960493827160494,123
7267,0,0,0,0.8961728395061729,123
7268,1,1,0,0.8962962962962963,124
7269,0,0,0,0.8964197530864197,124
7270,0,0,0,0.8965432098765432,124
7271,0,0,0,0.8966666666666666,124
7272,0,0,0,0.8967901234567901,124
7273,0,0,0,0.8969135802469136,124
7274,0,0,0,0.8970370370370371,124
7275,1,1,0,0.8971604938271605,125
7276,0,0,0,0.8972839506172839,125
7277,0,0,0,0.8974074074074074,125
7278,1,1,0,0.8975308641975308,126
7279,0,0,0,0.8976543209876543,126
7280,0,0,0,0.8977777777777778,126
7281,0,0,0,0.8979012345679013,126
7282,0,0,0,0.8980246913580247,126
7283,0,0,0,0.8981481481481481,126
7284,0,0,0,0.8982716049382716,126
7285,0,0,0,0.8983950617283951,126
7286,0,0,0,0.8985185185185185,126
7287,0,0,0,0.898641975308642,126
7288,0,0,0,0.8987654320987655,126
7289,0,0,0,0.8988888888888888,126
7290,0,0,0,0.8990123456790123,126
7291,0,0,0,0.8991358024691358,126
7292,0,0,0,0.8992592592592593,126
7293,0,0,0,0.8993827160493827,126
7294,0,0,0,0.8995061728395062,126
7295,0,0,0,0.8996296296296297,126
7296,1,1,0,0.899753086419753,127
7297,0,0,0,0.8998765432098765,127
7298,0,0,0,0.9,127
7299,0,0,0,0.9001234567901235,127
7300,0,0,0,0.9002469135802469,127
7301,2,2,0,0.9003703703703704,129
7302,0,0,0,0.9004938271604939,129
7303,0,0,0,0.9006172839506172,129
7304,0,0,0,0.9007407407407407,129
7305,0,0,0,0.9008641975308642,129
7306,0,0,0,0.9009876543209877,129
7307,0,0,0,0.9011111111111111,129
7308,0,0,0,0.9012345679012346,129
7309,0,0,0,0.9013580246913581,129
7310,0,0,0,0.9014814814814814,129
7311,0,0,0,0.9016049382716049,129
7312,0,0,0,0.9017283950617284,129
7313,0,0,0,0.9018518518518519,129
7314,0,0,0,0.9019753086419753,129
7315,0,0,0,0.9020987654320988,129
7316,0,0,0,0.9022222222222223,129
7317,1,1,1,0.9022222222222223,130
7318,0,0,0,0.9023456790123456,130
7319,0,0,0,0.9024691358024691,130
7320,0,0,0,0.9025925925925926,130
7321,0,0,0,0.9027160493827161,130
7322,0,0,0,0.9028395061728395,130
7323,0,0,0,0.902962962962963,130
7324,0,0,0,0.9030864197530865,130
7325,0,0,0,0.9032098765432098,130
7326,0,0,0,0.9033333333333333,130
7327,0,0,0,0.9034567901234568,130
7328,0,0,0,0.9035802469135803,130
7329,0,0,0,0.9037037037037037,130
7330,0,0,0,0.9038271604938272,130
7331,0,0,0,0.9039506172839507,130
7332,0,0,0,0.904074074074074,130
7333,0,0,0,0.9041975308641975,130
7334,0,0,0,0.904320987654321,130
7335,0,0,0,0.9044444444444445,130
7336,0,0,0,0.9045679012345679,130
7337,0,0,0,0.9046913580246914,130
7338,0,0,0,0.9048148148148148,130
7339,0,0,0,0.9049382716049382,130
7340,0,0,0,0.9050617283950617,130
7341,0,0,0,0.9051851851851852,130
7342,0,0,0,0.9053086419753087,130
7343,0,0,0,0.9054320987654321,130
7344,0,0,0,0.9055555555555556,130
7345,0,0,0,0.905679012345679,130
7346,0,0,0,0.9058024691358024,130
7347,0,0,0,0.9059259259259259,130
7348,0,0,0,0.9060493827160494,130
7349,0,0,0,0.9061728395061729,130
7350,0,0,0,0.9062962962962963,130
7351,0,0,0,0.9064197530864198,130
7352,0,0,0,0.9065432098765432,130
7353,0,0,0,0.9066666666666666,130
7354,0,0,0,0.9067901234567901,130
7355,0,0,0,0.9069135802469136,130
7356,0,0,0,0.9070370370370371,130
7357,0,0,0,0.9071604938271605,130
7358,0,0,0,0.907283950617284,130
7359,0,0,0,0.9074074074074074,130
7360,0,0,0,0.9075308641975308,130
7361,0,0,0,0.9076543209876543,130
7362,0,0,0,0.9077777777777778,130
7363,0,0,0,0.9079012345679013,130
7364,0,0,0,0.9080246913580247,130
7365,0,0,0,0.9081481481481481,130
7366,0,0,0,0.9082716049382716,130
7367,0,0,0,0.908395061728395,130
7368,0,0,0,0.9085185185185185,130
7369,0,0,0,0.908641975308642,130
7370,0,0,0,0.9087654320987655,130
7371,0,0,0,0.9088888888888889,130
7372,0,0,0,0.9090123456790123,130
7373,0,0,0,0.9091358024691358,130
7374,0,0,0,0.9092592592592592,130
7375,0,0,0,0.9093827160493827,130
7376,0,0,0,0.9095061728395062,130
7377,0,0,0,0.9096296296296297,130
7378,0,0,0,0.909753086419753,130
7379,1,1,0,0.9098765432098765,131
7380,0,0,0,0.91,131
7381,0,0,0,0.9101234567901234,131
7382,0,0,0,0.9102469135802469,131
7383,0,0,0,0.9103703703703704,131
7384,0,0,0,0.9104938271604939,131
7385,0,0,0,0.9106172839506173,131
7386,0,0,0,0.9107407407407407,131
7387,0,0,0,0.9108641975308642,131
7388,0,0,0,0.9109876543209876,131
7389,0,0,0,0.9111111111111111,131
7390,0,0,0,0.9112345679012346,131
7391,0,0,0,0.9113580246913581,131
7392,0,0,0,0.9114814814814814,131
7393,0,0,0,0.9116049382716049,131
7394,0,0,0,0.9117283950617284,131
7395,1,1,0,0.9118518518518518,132
7396,0,0,0,0.9119753086419753,132
7397,0,0,0,0.9120987654320988,132
7398,0,0,0,0.9122222222222223,132
7399,0,0,0,0.9123456790123456,132
7400,0,0,0,0.9124691358024691,132
7401,0,0,0,0.9125925925925926,132
7402,0,0,0,0.912716049382716,132
7403,0,0,0,0.9128395061728395,132
7404,0,0,0,0.912962962962963,132
7405,0,0,0,0.9130864197530865,132
7406,0,0,0,0.9132098765432098,132
7407,0,0,0,0.9133333333333333,132
7408,0,0,0,0.9134567901234568,132
7409,0,0,0,0.9135802469135802,132
7410,0,0,0,0.9137037037037037,132
7411,0,0,0,0.9138271604938272,132
7412,0,0,0,0.9139506172839507,132
7413,0,0,0,0.914074074074074,132
7414,0,0,0,0.9141975308641975,132
7415,0,0,0,0.914320987654321,132
7416,0,0,0,0.9144444444444444,132
7417,0,0,0,0.9145679012345679,132
7418,0,0,0,0.9146913580246914,132
7419,0,0,0,0.9148148148148149,132
7420,0,0,0,0.9149382716049382,132
7421,0,0,0,0.9150617283950617,132
7422,0,0,0,0.9151851851851852,132
7423,0,0,0,0.9153086419753086,132
7424,0,0,0,0.9154320987654321,132
7425,0,0,0,0.9155555555555556,132
7426,0,0,0,0.915679012345679,132
7427,0,0,0,0.9158024691358024,132
7428,0,0,0,0.9159259259259259,132
7429,0,0,0,0.9160493827160494,132
7430,1,1,0,0.9161728395061728,133
7431,0,0,0,0.9162962962962963,133
7432,0,0,0,0.9164197530864198,133
7433,0,0,0,0.9165432098765433,133
7434,0,0,0,0.9166666666666666,133
7435,0,0,0,0.9167901234567901,133
7436,0,0,0,0.9169135802469136,133
7437,0,0,0,0.917037037037037,133
7438,0,0,0,0.9171604938271605,133
7439,0,0,0,0.917283950617284,133
7440,0,0,0,0.9174074074074074,133
7441,0,0,0,0.9175308641975308,133
7442,0,0,0,0.9176543209876543,133
7443,1,1,0,0.9177777777777778,134
7444,0,0,0,0.9179012345679012,134
7445,3,3,2,0.9177777777777778,137
7446,0,0,0,0.9179012345679012,137
7447,0,0,0,0.9180246913580247,137
7448,0,0,0,0.9181481481481482,137
7449,0,0,0,0.9182716049382716,137
7450,0,0,0,0.918395061728395,137
7451,0,0,0,0.9185185185185185,137
7452,0,0,0,0.918641975308642,137
7453,0,0,0,0.9187654320987654,137
7454,0,0,0,0.9188888888888889,137
7455,0,0,0,0.9190123456790124,137
7456,0,0,0,0.9191358024691358,137
7457,0,0,0,0.9192592592592592,137
7458,0,0,0,0.9193827160493827,137
7459,0,0,0,0.9195061728395062,137
7460,0,0,0,0.9196296296296296,137
7461,0,0,0,0.9197530864197531,137
7462,0,0,0,0.9198765432098766,137
7463,0,0,0,0.92,137
7464,0,0,0,0.9201234567901234,137
7465,0,0,0,0.9202469135802469,137
7466,0,0,0,0.9203703703703704,137
7467,2,2,0,0.9204938271604939,139
7468,0,0,0,0.9206172839506173,139
7469,0,0,0,0.9207407407407407,139
7470,1,1,0,0.9208641975308642,140
7471,0,0,0,0.9209876543209876,140
7472,0,0,0,0.9211111111111111,140
7473,0,0,0,0.9212345679012346,140
7474,0,0,0,0.9213580246913581,140
7475,0,0,0,0.9214814814814815,140
7476,0,0,0,0.921604938271605,140
7477,0,0,0,0.9217283950617284,140
7478,0,0,0,0.9218518518518518,140
7479,0,0,0,0.9219753086419753,140
7480,0,0,0,0.9220987654320988,140
7481,0,0,0,0.9222222222222223,140
7482,0,0,0,0.9223456790123457,140
7483,0,0,0,0.9224691358024691,140
7484,0,0,0,0.9225925925925926,140
7485,0,0,0,0.922716049382716,140
7486,0,0,0,0.9228395061728395,140
7487,0,0,0,0.922962962962963,140
7488,0,0,0,0.9230864197530865,140
7489,0,0,0,0.9232098765432099,140
7490,0,0,0,0.9233333333333333,140
7491,0,0,0,0.9234567901234568,140
7492,0,0,0,0.9235802469135802,140
7493,0,0,0,0.9237037037037037,140
7494,0,0,0,0.9238271604938272,140
7495,0,0,0,0.9239506172839507,140
7496,0,0,0,0.924074074074074,140
7497,0,0,0,0.9241975308641975,140
7498,0,0,0,0.924320987654321,140
7499,0,0,0,0.9244444444444444,140
7500,0,0,0,0.9245679012345679,140
7501,0,0,0,0.9246913580246914,140
7502,0,0,0,0.9248148148148149,140
7503,0,0,0,0.9249382716049382,140
7504,0,0,0,0.9250617283950617,140
7505,0,0,0,0.9251851851851852,140
7506,0,0,0,0.9253086419753086,140
7507,0,0,0,0.9254320987654321,140
7508,0,0,0,0.9255555555555556,140
7509,0,0,0,0.9256790123456791,140
7510,0,0,0,0.9258024691358024,140
7511,0,0,0,0.9259259259259259,140
7512,0,0,0,0.9260493827160494,140
7513,0,0,0,0.9261728395061728,140
7514,0,0,0,0.9262962962962963,140
7515,0,0,0,0.9264197530864198,140
7516,0,0,0,0.9265432098765433,140
7517,0,0,0,0.9266666666666666,140
7518,0,0,0,0.9267901234567901,140
7519,0,0,0,0.9269135802469136,140
7520,0,0,0,0.927037037037037,140
7521,0,0,0,0.9271604938271605,140
7522,0,0,0,0.927283950617284,140
7523,0,0,0,0.9274074074074075,140
7524,0,0,0,0.9275308641975308,140
7525,0,0,0,0.9276543209876543,140
7526,4,4,0,0.9277777777777778,144
7527,0,0,0,0.9279012345679012,144
7528,0,0,0,0.9280246913580247,144
7529,0,0,0,0.9281481481481482,144
7530,0,0,0,0.9282716049382717,144
7531,0,0,0,0.928395061728395,144
7532,0,0,0,0.9285185185185185,144
7533,0,0,0,0.928641975308642,144
7534,0,0,0,0.9287654320987654,144
7535,2,2,0,0.9288888888888889,146
7536,2,2,0,0.9290123456790124,148
7537,0,0,0,0.9291358024691359,148
7538,0,0,0,0.9292592592592592,148
7539,0,0,0,0.9293827160493827,148
7540,0,0,0,0.9295061728395062,148
7541,0,0,0,0.9296296296296296,148
7542,0,0,0,0.9297530864197531,148
7543,0,0,0,0.9298765432098766,148
7544,0,0,0,0.93,148
7545,0,0,0,0.9301234567901234,148
7546,1,1,0,0.9302469135802469,149
7547,0,0,0,0.9303703703703704,149
7548,0,0,0,0.9304938271604938,149
7549,0,0,0,0.9306172839506173,149
7550,0,0,0,0.9307407407407408,149
7551,0,0,0,0.9308641975308642,149
7552,0,0,0,0.9309876543209876,149
7553,0,0,0,0.9311111111111111,149
7554,0,0,0,0.9312345679012346,149
7555,0,0,0,0.931358024691358,149
7556,0,0,0,0.9314814814814815,149
7557,0,0,0,0.931604938271605,149
7558,0,0,0,0.9317283950617284,149
7559,0,0,0,0.9318518518518518,149
7560,0,0,0,0.9319753086419753,149
7561,0,0,0,0.9320987654320988,149
7562,0,0,0,0.9322222222222222,149
7563,0,0,0,0.9323456790123457,149
7564,1,1,0,0.9324691358024692,150
7565,0,0,0,0.9325925925925926,150
7566,0,0,0,0.932716049382716,150
7567,0,0,0,0.9328395061728395,150
7568,1,1,0,0.932962962962963,151
7569,0,0,0,0.9330864197530864,151
7570,0,0,0,0.9332098765432099,151
7571,0,0,0,0.9333333333333333,151
7572,0,0,0,0.9334567901234568,151
7573,0,0,0,0.9335802469135802,151
7574,0,0,0,0.9337037037037037,151
7575,0,0,0,0.9338271604938272,151
7576,0,0,0,0.9339506172839506,151
7577,0,0,0,0.9340740740740741,151
7578,1,1,1,0.9340740740740741,152
7579,0,0,0,0.9341975308641975,152
7580,0,0,0,0.934320987654321,152
7581,0,0,0,0.9344444444444444,152
7582,0,0,0,0.9345679012345679,152
7583,0,0,0,0.9346913580246914,152
7584,0,0,0,0.9348148148148148,152
7585,0,0,0,0.9349382716049383,152
7586,0,0,0,0.9350617283950617,152
7587,0,0,0,0.9351851851851852,152
7588,0,0,0,0.9353086419753086,152
7589,0,0,0,0.9354320987654321,152
7590,0,0,0,0.9355555555555556,152
7591,0,0,0,0.935679012345679,152
7592,0,0,0,0.9358024691358025,152
7593,0,0,0,0.9359259259259259,152
7594,0,0,0,0.9360493827160494,152
7595,0,0,0,0.9361728395061728,152
7596,0,0,0,0.9362962962962963,152
7597,0,0,0,0.9364197530864198,152
7598,0,0,0,0.9365432098765432,152
7599,0,0,0,0.9366666666666666,152
7600,0,0,0,0.9367901234567901,152
7601,0,0,0,0.9369135802469136,152
7602,0,0,0,0.937037037037037,152
7603,0,0,0,0.9371604938271605,152
7604,0,0,0,0.937283950617284,152
7605,0,0,0,0.9374074074074074,152
7606,0,0,0,0.9375308641975308,152
7607,0,0,0,0.9376543209876543,152
7608,0,0,0,0.9377777777777778,152
7609,0,0,0,0.9379012345679012,152
7610,0,0,0,0.9380246913580247,152
7611,0,0,0,0.9381481481481482,152
7612,0,0,0,0.9382716049382716,152
7613,0,0,0,0.938395061728395,152
7614,0,0,0,0.9385185185185185,152
7615,0,0,0,0.938641975308642,152
7616,0,0,0,0.9387654320987654,152
7617,1,1,1,0.9387654320987654,153
7618,0,0,0,0.9388888888888889,153
7619,0,0,0,0.9390123456790124,153
7620,0,0,0,0.9391358024691357,153
7621,0,0,0,0.9392592592592592,153
7622,0,0,0,0.9393827160493827,153
7623,0,0,0,0.9395061728395062,153
7624,0,0,0,0.9396296296296296,153
7625,0,0,0,0.9397530864197531,153
7626,0,0,0,0.9398765432098766,153
7627,0,0,0,0.94,153
7628,0,0,0,0.9401234567901234,153
7629,0,0,0,0.9402469135802469,153
7630,0,0,0,0.9403703703703704,153
7631,0,0,0,0.9404938271604938,153
7632,0,0,0,0.9406172839506173,153
7633,0,0,0,0.9407407407407408,153
7634,0,0,0,0.9408641975308641,153
7635,0,0,0,0.9409876543209876,153
7636,0,0,0,0.9411111111111111,153
7637,0,0,0,0.9412345679012346,153
7638,0,0,0,0.941358024691358,153
7639,0,0,0,0.9414814814814815,153
7640,0,0,0,0.941604938271605,153
7641,0,0,0,0.9417283950617283,153
7642,0,0,0,0.9418518518518518,153
7643,0,0,0,0.9419753086419753,153
7644,0,0,0,0.9420987654320988,153
7645,0,0,0,0.9422222222222222,153
7646,0,0,0,0.9423456790123457,153
7647,0,0,0,0.9424691358024692,153
7648,0,0,0,0.9425925925925925,153
7649,0,0,0,0.942716049382716,153
7650,0,0,0,0.9428395061728395,153
7651,0,0,0,0.942962962962963,153
7652,0,0,0,0.9430864197530864,153
7653,0,0,0,0.9432098765432099,153
7654,0,0,0,0.9433333333333334,153
7655,0,0,0,0.9434567901234568,153
7656,0,0,0,0.9435802469135802,153
7657,0,0,0,0.9437037037037037,153
7658,0,0,0,0.9438271604938272,153
7659,0,0,0,0.9439506172839506,153
7660,0,0,0,0.9440740740740741,153
7661,0,0,0,0.9441975308641976,153
7662,0,0,0,0.944320987654321,153
7663,0,0,0,0.9444444444444444,153
7664,0,0,0,0.9445679012345679,153
7665,0,0,0,0.9446913580246914,153
7666,0,0,0,0.9448148148148148,153
7667,0,0,0,0.9449382716049383,153
7668,0,0,0,0.9450617283950618,153
7669,0,0,0,0.9451851851851852,153
7670,0,0,0,0.9453086419753086,153
7671,0,0,0,0.9454320987654321,153
7672,0,0,0,0.9455555555555556,153
7673,0,0,0,0.945679012345679,153
7674,0,0,0,0.9458024691358025,153
7675,0,0,0,0.945925925925926,153
7676,0,0,0,0.9460493827160494,153
7677,0,0,0,0.9461728395061728,153
7678,0,0,0,0.9462962962962963,153
7679,0,0,0,0.9464197530864198,153
7680,0,0,0,0.9465432098765432,153
7681,0,0,0,0.9466666666666667,153
7682,0,0,0,0.9467901234567901,153
7683,0,0,0,0.9469135802469136,153
7684,0,0,0,0.947037037037037,153
7685,1,1,0,0.9471604938271605,154
7686,0,0,0,0.947283950617284,154
7687,0,0,0,0.9474074074074074,154
7688,1,1,0,0.9475308641975309,155
7689,0,0,0,0.9476543209876543,155
7690,0,0,0,0.9477777777777778,155
7691,0,0,0,0.9479012345679012,155
7692,0,0,0,0.9480246913580247,155
7693,0,0,0,0.9481481481481482,155
7694,0,0,0,0.9482716049382716,155
7695,0,0,0,0.948395061728395,155
7696,0,0,0,0.9485185185185185,155
7697,0,0,0,0.948641975308642,155
7698,0,0,0,0.9487654320987654,155
7699,0,0,0,0.9488888888888889,155
7700,0,0,0,0.9490123456790124,155
7701,0,0,0,0.9491358024691358,155
7702,0,0,0,0.9492592592592592,155
7703,0,0,0,0.9493827160493827,155
7704,0,0,0,0.9495061728395062,155
7705,0,0,0,0.9496296296296296,155
7706,0,0,0,0.9497530864197531,155
7707,0,0,0,0.9498765432098766,155
7708,0,0,0,0.95,155
7709,0,0,0,0.9501234567901234,155
7710,0,0,0,0.9502469135802469,155
7711,0,0,0,0.9503703703703704,155
7712,0,0,0,0.9504938271604938,155
7713,0,0,0,0.9506172839506173,155
7714,0,0,0,0.9507407407407408,155
7715,0,0,0,0.9508641975308642,155
7716,0,0,0,0.9509876543209876,155
7717,0,0,0,0.9511111111111111,155
7718,0,0,0,0.9512345679012346,155
7719,0,0,0,0.951358024691358,155
7720,0,0,0,0.9514814814814815,155
7721,0,0,0,0.951604938271605,155
7722,1,1,0,0.9517283950617283,156
7723,0,0,0,0.9518518518518518,156
7724,0,0,0,0.9519753086419753,156
7725,0,0,0,0.9520987654320988,156
7726,0,0,0,0.9522222222222222,156
7727,0,0,0,0.9523456790123457,156
7728,0,0,0,0.9524691358024692,156
7729,0,0,0,0.9525925925925925,156
7730,0,0,0,0.952716049382716,156
7731,0,0,0,0.9528395061728395,156
7732,0,0,0,0.952962962962963,156
7733,0,0,0,0.9530864197530864,156
7734,0,0,0,0.9532098765432099,156
7735,0,0,0,0.9533333333333334,156
7736,0,0,0,0.9534567901234567,156
7737,0,0,0,0.9535802469135802,156
7738,0,0,0,0.9537037037037037,156
7739,0,0,0,0.9538271604938272,156
7740,0,0,0,0.9539506172839506,156
7741,0,0,0,0.9540740740740741,156
7742,0,0,0,0.9541975308641976,156
7743,0,0,0,0.9543209876543209,156
7744,0,0,0,0.9544444444444444,156
7745,0,0,0,0.9545679012345679,156
7746,1,1,0,0.9546913580246914,157
7747,0,0,0,0.9548148148148148,157
7748,0,0,0,0.9549382716049383,157
7749,0,0,0,0.9550617283950618,157
7750,0,0,0,0.9551851851851851,157
7751,0,0,0,0.9553086419753086,157
7752,0,0,0,0.9554320987654321,157
7753,0,0,0,0.9555555555555556,157
7754,0,0,0,0.955679012345679,157
7755,0,0,0,0.9558024691358025,157
7756,0,0,0,0.955925925925926,157
7757,0,0,0,0.9560493827160493,157
7758,0,0,0,0.9561728395061728,157
7759,0,0,0,0.9562962962962963,157
7760,0,0,0,0.9564197530864198,157
7761,0,0,0,0.9565432098765432,157
7762,0,0,0,0.9566666666666667,157
7763,0,0,0,0.9567901234567902,157
7764,0,0,0,0.9569135802469135,157
7765,0,0,0,0.957037037037037,157
7766,0,0,0,0.9571604938271605,157
7767,0,0,0,0.957283950617284,157
7768,0,0,0,0.9574074074074074,157
7769,0,0,0,0.9575308641975309,157
7770,0,0,0,0.9576543209876544,157
7771,0,0,0,0.9577777777777777,157
7772,0,0,0,0.9579012345679012,157
7773,0,0,0,0.9580246913580247,157
7774,0,0,0,0.9581481481481482,157
7775,0,0,0,0.9582716049382716,157
7776,1,1,0,0.9583950617283951,158
7777,0,0,0,0.9585185185185185,158
7778,0,0,0,0.9586419753086419,158
7779,0,0,0,0.9587654320987654,158
7780,0,0,0,0.9588888888888889,158
7781,0,0,0,0.9590123456790124,158
7782,0,0,0,0.9591358024691358,158
7783,0,0,0,0.9592592592592593,158
7784,0,0,0,0.9593827160493827,158
7785,0,0,0,0.9595061728395061,158
7786,0,0,0,0.9596296296296296,158
7787,0,0,0,0.9597530864197531,158
7788,0,0,0,0.9598765432098766,158
7789,0,0,0,0.96,158
7790,0,0,0,0.9601234567901235,158
7791,0,0,0,0.9602469135802469,158
7792,0,0,0,0.9603703703703703,158
7793,0,0,0,0.9604938271604938,158
7794,1,1,0,0.9606172839506173,159
7795,0,0,0,0.9607407407407408,159
7796,0,0,0,0.9608641975308642,159
7797,0,0,0,0.9609876543209876,159
7798,0,0,0,0.9611111111111111,159
7799,0,0,0,0.9612345679012345,159
7800,0,0,0,0.961358024691358,159
7801,1,1,0,0.9614814814814815,160
7802,0,0,0,0.961604938271605,160
7803,0,0,0,0.9617283950617284,160
7804,0,0,0,0.9618518518518518,160
7805,0,0,0,0.9619753086419753,160
7806,0,0,0,0.9620987654320987,160
7807,0,0,0,0.9622222222222222,160
7808,0,0,0,0.9623456790123457,160
7809,0,0,0,0.9624691358024692,160
7810,0,0,0,0.9625925925925926,160
7811,0,0,0,0.962716049382716,160
7812,3,3,0,0.9628395061728395,163
7813,0,0,0,0.9629629629629629,163
7814,0,0,0,0.9630864197530864,163
7815,0,0,0,0.9632098765432099,163
7816,0,0,0,0.9633333333333334,163
7817,0,0,0,0.9634567901234568,163
7818,0,0,0,0.9635802469135802,163
7819,0,0,0,0.9637037037037037,163
7820,0,0,0,0.9638271604938271,163
7821,0,0,0,0.9639506172839506,163
7822,0,0,0,0.9640740740740741,163
7823,0,0,0,0.9641975308641976,163
7824,0,0,0,0.964320987654321,163
7825,0,0,0,0.9644444444444444,163
7826,0,0,0,0.9645679012345679,163
7827,0,0,0,0.9646913580246913,163
7828,0,0,0,0.9648148148148148,163
7829,0,0,0,0.9649382716049383,163
7830,0,0,0,0.9650617283950618,163
7831,0,0,0,0.9651851851851851,163
7832,0,0,0,0.9653086419753086,163
7833,1,1,0,0.9654320987654321,164
7834,0,0,0,0.9655555555555555,164
7835,0,0,0,0.965679012345679,164
7836,0,0,0,0.9658024691358025,164
7837,0,0,0,0.965925925925926,164
7838,0,0,0,0.9660493827160493,164
7839,0,0,0,0.9661728395061728,164
7840,0,0,0,0.9662962962962963,164
7841,0,0,0,0.9664197530864198,164
7842,0,0,0,0.9665432098765432,164
7843,0,0,0,0.9666666666666667,164
7844,0,0,0,0.9667901234567902,164
7845,0,0,0,0.9669135802469135,164
7846,0,0,0,0.967037037037037,164
7847,0,0,0,0.9671604938271605,164
7848,2,2,0,0.967283950617284,166
7849,0,0,0,0.9674074074074074,166
7850,0,0,0,0.9675308641975309,166
7851,0,0,0,0.9676543209876544,166
7852,0,0,0,0.9677777777777777,166
7853,0,0,0,0.9679012345679012,166
7854,0,0,0,0.9680246913580247,166
7855,0,0,0,0.9681481481481482,166
7856,1,1,0,0.9682716049382716,167
7857,0,0,0,0.9683950617283951,167
7858,0,0,0,0.9685185185185186,167
7859,0,0,0,0.9686419753086419,167
7860,1,1,0,0.9687654320987654,168
7861,0,0,0,0.9688888888888889,168
7862,0,0,0,0.9690123456790124,168
7863,0,0,0,0.9691358024691358,168
7864,0,0,0,0.9692592592592593,168
7865,0,0,0,0.9693827160493828,168
7866,0,0,0,0.9695061728395061,168
7867,0,0,0,0.9696296296296296,168
7868,0,0,0,0.9697530864197531,168
7869,0,0,0,0.9698765432098766,168
7870,0,0,0,0.97,168
7871,0,0,0,0.9701234567901235,168
7872,0,0,0,0.970246913580247,168
7873,0,0,0,0.9703703703703703,168
7874,0,0,0,0.9704938271604938,168
7875,0,0,0,0.9706172839506173,168
7876,0,0,0,0.9707407407407408,168
7877,0,0,0,0.9708641975308642,168
7878,0,0,0,0.9709876543209877,168
7879,0,0,0,0.9711111111111111,168
7880,0,0,0,0.9712345679012345,168
7881,0,0,0,0.971358024691358,168
7882,0,0,0,0.9714814814814815,168
7883,0,0,0,0.971604938271605,168
7884,0,0,0,0.9717283950617284,168
7885,0,0,0,0.9718518518518519,168
7886,0,0,0,0.9719753086419753,168
7887,0,0,0,0.9720987654320987,168
7888,0,0,0,0.9722222222222222,168
7889,1,1,0,0.9723456790123457,169
7890,0,0,0,0.9724691358024692,169
7891,0,0,0,0.9725925925925926,169
7892,0,0,0,0.972716049382716,169
7893,0,0,0,0.9728395061728395,169
7894,0,0,0,0.9729629629629629,169
7895,0,0,0,0.9730864197530864,169
7896,0,0,0,0.9732098765432099,169
7897,0,0,0,0.9733333333333334,169
7898,0,0,0,0.9734567901234568,169
7899,0,0,0,0.9735802469135802,169
7900,0,0,0,0.9737037037037037,169
7901,0,0,0,0.9738271604938271,169
7902,0,0,0,0.9739506172839506,169
7903,0,0,0,0.9740740740740741,169
7904,0,0,0,0.9741975308641976,169
7905,0,0,0,0.974320987654321,169
7906,0,0,0,0.9744444444444444,169
7907,0,0,0,0.9745679012345679,169
7908,0,0,0,0.9746913580246913,169
7909,0,0,0,0.9748148148148148,169
7910,0,0,0,0.9749382716049383,169
7911,0,0,0,0.9750617283950618,169
7912,0,0,0,0.9751851851851852,169
7913,0,0,0,0.9753086419753086,169
7914,0,0,0,0.9754320987654321,169
7915,0,0,0,0.9755555555555555,169
7916,3,3,0,0.975679012345679,172
7917,0,0,0,0.9758024691358025,172
7918,0,0,0,0.975925925925926,172
7919,0,0,0,0.9760493827160494,172
7920,0,0,0,0.9761728395061728,172
7921,2,2,0,0.9762962962962963,174
7922,0,0,0,0.9764197530864197,174
7923,0,0,0,0.9765432098765432,174
7924,0,0,0,0.9766666666666667,174
7925,0,0,0,0.9767901234567902,174
7926,0,0,0,0.9769135802469135,174
7927,0,0,0,0.977037037037037,174
7928,0,0,0,0.9771604938271605,174
7929,0,0,0,0.9772839506172839,174
7930,0,0,0,0.9774074074074074,174
7931,0,0,0,0.9775308641975309,174
7932,0,0,0,0.9776543209876544,174
7933,0,0,0,0.9777777777777777,174
7934,0,0,0,0.9779012345679012,174
7935,0,0,0,0.9780246913580247,174
7936,0,0,0,0.9781481481481481,174
7937,0,0,0,0.9782716049382716,174
7938,0,0,0,0.9783950617283951,174
7939,0,0,0,0.9785185185185186,174
7940,0,0,0,0.9786419753086419,174
7941,0,0,0,0.9787654320987654,174
7942,0,0,0,0.9788888888888889,174
7943,0,0,0,0.9790123456790123,174
7944,1,1,0,0.9791358024691358,175
7945,0,0,0,0.9792592592592593,175
7946,0,0,0,0.9793827160493828,175
7947,0,0,0,0.9795061728395061,175
7948,0,0,0,0.9796296296296296,175
7949,0,0,0,0.9797530864197531,175
7950,0,0,0,0.9798765432098765,175
7951,0,0,0,0.98,175
7952,0,0,0,0.9801234567901235,175
7953,0,0,0,0.980246913580247,175
7954,0,0,0,0.9803703703703703,175
7955,0,0,0,0.9804938271604938,175
7956,0,0,0,0.9806172839506173,175
7957,0,0,0,0.9807407407407407,175
7958,0,0,0,0.9808641975308642,175
7959,0,0,0,0.9809876543209877,175
7960,0,0,0,0.9811111111111112,175
7961,0,0,0,0.9812345679012345,175
7962,0,0,0,0.981358024691358,175
7963,0,0,0,0.9814814814814815,175
7964,0,0,0,0.9816049382716049,175
7965,0,0,0,0.9817283950617284,175
7966,0,0,0,0.9818518518518519,175
7967,0,0,0,0.9819753086419754,175
7968,0,0,0,0.9820987654320987,175
7969,0,0,0,0.9822222222222222,175
7970,0,0,0,0.9823456790123457,175
7971,0,0,0,0.9824691358024691,175
7972,1,1,0,0.9825925925925926,176
7973,0,0,0,0.9827160493827161,176
7974,0,0,0,0.9828395061728395,176
7975,0,0,0,0.9829629629629629,176
7976,0,0,0,0.9830864197530864,176
7977,0,0,0,0.9832098765432099,176
7978,0,0,0,0.9833333333333333,176
7979,0,0,0,0.9834567901234568,176
7980,0,0,0,0.9835802469135803,176
7981,0,0,0,0.9837037037037037,176
7982,0,0,0,0.9838271604938271,176
7983,0,0,0,0.9839506172839506,176
7984,0,0,0,0.9840740740740741,176
7985,0,0,0,0.9841975308641975,176
7986,0,0,0,0.984320987654321,176
7987,0,0,0,0.9844444444444445,176
7988,0,0,0,0.9845679012345679,176
7989,1,1,0,0.9846913580246913,177
7990,0,0,0,0.9848148148148148,177
7991,0,0,0,0.9849382716049383,177
7992,0,0,0,0.9850617283950617,177
7993,0,0,0,0.9851851851851852,177
7994,0,0,0,0.9853086419753087,177
7995,0,0,0,0.9854320987654321,177
7996,0,0,0,0.9855555555555555,177
7997,0,0,0,0.985679012345679,177
7998,0,0,0,0.9858024691358025,177
7999,0,0,0,0.9859259259259259,177
8000,1,1,0,0.9860493827160494,178
8001,0,0,0,0.9861728395061728,178
8002,0,0,0,0.9862962962962963,178
8003,0,0,0,0.9864197530864197,178
8004,2,2,0,0.9865432098765432,180
8005,0,0,0,0.9866666666666667,180
8006,0,0,0,0.9867901234567901,180
8007,0,0,0,0.9869135802469136,180
8008,0,0,0,0.987037037037037,180
8009,0,0,0,0.9871604938271605,180
8010,0,0,0,0.9872839506172839,180
8011,0,0,0,0.9874074074074074,180
8012,0,0,0,0.9875308641975309,180
8013,0,0,0,0.9876543209876543,180
8014,0,0,0,0.9877777777777778,180
8015,0,0,0,0.9879012345679012,180
8016,1,1,0,0.9880246913580247,181
8017,0,0,0,0.9881481481481481,181
8018,0,0,0,0.9882716049382716,181
8019,1,1,0,0.9883950617283951,182
8020,0,0,0,0.9885185185185185,182
8021,0,0,0,0.988641975308642,182
8022,0,0,0,0.9887654320987654,182
8023,0,0,0,0.9888888888888889,182
8024,0,0,0,0.9890123456790123,182
8025,0,0,0,0.9891358024691358,182
8026,0,0,0,0.9892592592592593,182
8027,0,0,0,0.9893827160493828,182
8028,0,0,0,0.9895061728395061,182
8029,2,2,0,0.9896296296296296,184
8030,0,0,0,0.9897530864197531,184
8031,0,0,0,0.9898765432098765,184
8032,0,0,0,0.99,184
8033,0,0,0,0.9901234567901235,184
8034,0,0,0,0.990246913580247,184
8035,0,0,0,0.9903703703703703,184
8036,0,0,0,0.9904938271604938,184
8037,0,0,0,0.9906172839506173,184
8038,0,0,0,0.9907407407407407,184
8039,0,0,0,0.9908641975308642,184
8040,0,0,0,0.9909876543209877,184
8041,0,0,0,0.9911111111111112,184
8042,0,0,0,0.9912345679012345,184
8043,0,0,0,0.991358024691358,184
8044,0,0,0,0.9914814814814815,184
8045,0,0,0,0.9916049382716049,184
8046,0,0,0,0.9917283950617284,184
8047,0,0,0,0.9918518518518519,184
8048,0,0,0,0.9919753086419754,184
8049,0,0,0,0.9920987654320987,184
8050,0,0,0,0.9922222222222222,184
8051,0,0,0,0.9923456790123457,184
8052,1,1,0,0.9924691358024691,185
8053,0,0,0,0.9925925925925926,185
8054,0,0,0,0.9927160493827161,185
8055,0,0,0,0.9928395061728396,185
8056,0,0,0,0.9929629629629629,185
8057,0,0,0,0.9930864197530864,185
8058,0,0,0,0.9932098765432099,185
8059,0,0,0,0.9933333333333333,185
8060,0,0,0,0.9934567901234568,185
8061,0,0,0,0.9935802469135803,185
8062,0,0,0,0.9937037037037038,185
8063,0,0,0,0.9938271604938271,185
8064,0,0,0,0.9939506172839506,185
8065,0,0,0,0.9940740740740741,185
8066,0,0,0,0.9941975308641975,185
8067,0,0,0,0.994320987654321,185
8068,0,0,0,0.9944444444444445,185
8069,1,1,0,0.994567901234568,186
8070,0,0,0,0.9946913580246913,186
8071,2,2,0,0.9948148148148148,188
8072,0,0,0,0.9949382716049383,188
8073,0,0,0,0.9950617283950617,188
8074,0,0,0,0.9951851851851852,188
8075,0,0,0,0.9953086419753087,188
8076,1,1,0,0.9954320987654321,189
8077,0,0,0,0.9955555555555555,189
8078,0,0,0,0.995679012345679,189
8079,0,0,0,0.9958024691358025,189
8080,0,0,0,0.9959259259259259,189
8081,0,0,0,0.9960493827160494,189
8082,0,0,0,0.9961728395061729,189
8083,0,0,0,0.9962962962962963,189
8084,0,0,0,0.9964197530864197,189
8085,0,0,0,0.9965432098765432,189
8086,0,0,0,0.9966666666666667,189
8087,0,0,0,0.9967901234567901,189
8088,0,0,0,0.9969135802469136,189
8089,0,0,0,0.997037037037037,189
8090,0,0,0,0.9971604938271605,189
8091,0,0,0,0.9972839506172839,189
8092,0,0,0,0.9974074074074074,189
8093,0,0,0,0.9975308641975309,189
8094,1,1,0,0.9976543209876543,190
8095,0,0,0,0.9977777777777778,190
8096,0,0,0,0.9979012345679013,190
8097,0,0,0,0.9980246913580247,190
8098,0,0,0,0.9981481481481481,190
8099,0,0,0,0.9982716049382716,190
8100,0,0,0,0.9983950617283951,190
8101,0,0,0,0.9985185185185185,190
8102,0,0,0,0.998641975308642,190
8103,0,0,0,0.9987654320987654,190
8104,0,0,0,0.9988888888888889,190
8105,0,0,0,0.9990123456790123,190
8106,0,0,0,0.9991358024691358,190
8107,0,0,0,0.9992592592592593,190
8108,0,0,0,0.9993827160493827,190
8109,0,0,0,0.9995061728395062,190
8110,1,1,0,0.9996296296296296,191
8111,0,0,0,0.9997530864197531,191
8112,0,0,0,0.9998765432098765,191
8113,0,0,0,1.0,191
8114,1,1,0,1.0001234567901234,192
8115,0,0,0,1.000246913580247,192
8116,0,0,0,1.0003703703703704,192
8117,0,0,0,1.0004938271604937,192
8118,0,0,0,1.0006172839506173,192
8119,0,0,0,1.0007407407407407,192
8120,0,0,0,1.0008641975308643,192
8121,0,0,0,1.0009876543209877,192
8122,0,0,0,1.001111111111111,192
8123,1,1,0,1.0012345679012347,193
8124,0,0,0,1.001358024691358,193
8125,0,0,0,1.0014814814814814,193
8126,0,0,0,1.001604938271605,193
8127,0,0,0,1.0017283950617284,193
8128,0,0,0,1.0018518518518518,193
8129,0,0,0,1.0019753086419754,193
8130,0,0,0,1.0020987654320987,193
8131,0,0,0,1.0022222222222221,193
8132,0,0,0,1.0023456790123457,193
8133,1,1,0,1.002469135802469,194
8134,0,0,0,1.0025925925925927,194
8135,0,0,0,1.002716049382716,194
8136,0,0,0,1.0028395061728395,194
8137,0,0,0,1.002962962962963,194
8138,0,0,0,1.0030864197530864,194
8139,0,0,0,1.0032098765432098,194
8140,0,0,0,1.0033333333333334,194
8141,0,0,0,1.0034567901234568,194
8142,0,0,0,1.0035802469135802,194
8143,1,1,0,1.0037037037037038,195
8144,0,0,0,1.0038271604938271,195
8145,0,0,0,1.0039506172839505,195
8146,0,0,0,1.0040740740740741,195
8147,0,0,0,1.0041975308641975,195
8148,0,0,0,1.004320987654321,195
8149,0,0,0,1.0044444444444445,195
8150,0,0,0,1.0045679012345679,195
8151,0,0,0,1.0046913580246914,195
8152,0,0,0,1.0048148148148148,195
8153,0,0,0,1.0049382716049382,195
8154,0,0,0,1.0050617283950618,195
8155,0,0,0,1.0051851851851852,195
8156,0,0,0,1.0053086419753086,195
8157,0,0,0,1.0054320987654322,195
8158,0,0,0,1.0055555555555555,195
8159,0,0,0,1.005679012345679,195
8160,0,0,0,1.0058024691358025,195
8161,0,0,0,1.005925925925926,195
8162,0,0,0,1.0060493827160495,195
8163,0,0,0,1.0061728395061729,195
8164,0,0,0,1.0062962962962962,195
8165,0,0,0,1.0064197530864198,195
8166,0,0,0,1.0065432098765432,195
8167,0,0,0,1.0066666666666666,195
8168,0,0,0,1.0067901234567902,195
8169,0,0,0,1.0069135802469136,195
8170,0,0,0,1.007037037037037,195
8171,0,0,0,1.0071604938271606,195
8172,0,0,0,1.007283950617284,195
8173,0,0,0,1.0074074074074073,195
8174,0,0,0,1.007530864197531,195
8175,0,0,0,1.0076543209876543,195
8176,0,0,0,1.0077777777777779,195
8177,0,0,0,1.0079012345679013,195
8178,0,0,0,1.0080246913580246,195
8179,0,0,0,1.0081481481481482,195
8180,0,0,0,1.0082716049382716,195
8181,0,0,0,1.008395061728395,195
8182,0,0,0,1.0085185185185186,195
8183,0,0,0,1.008641975308642,195
8184,0,0,0,1.0087654320987653,195
8185,0,0,0,1.008888888888889,195
8186,0,0,0,1.0090123456790123,195
8187,0,0,0,1.0091358024691357,195
8188,0,0,0,1.0092592592592593,195
8189,0,0,0,1.0093827160493827,195
8190,0,0,0,1.0095061728395063,195
8191,0,0,0,1.0096296296296297,195
8192,0,0,0,1.009753086419753,195
8193,0,0,0,1.0098765432098766,195
8194,0,0,0,1.01,195
8195,2,2,0,1.0101234567901234,197
8196,0,0,0,1.010246913580247,197
8197,0,0,0,1.0103703703703704,197
8198,2,2,0,1.0104938271604937,199
8199,0,0,0,1.0106172839506173,199
8200,0,0,0,1.0107407407407407,199
8201,0,0,0,1.010864197530864,199
8202,0,0,0,1.0109876543209877,199
8203,0,0,0,1.011111111111111,199
8204,0,0,0,1.0112345679012347,199
8205,0,0,0,1.011358024691358,199
8206,0,0,0,1.0114814814814814,199
8207,0,0,0,1.011604938271605,199
8208,1,1,0,1.0117283950617284,200
8209,0,0,0,1.0118518518518518,200
8210,0,0,0,1.0119753086419754,200
8211,0,0,0,1.0120987654320988,200
8212,0,0,0,1.0122222222222221,200
8213,0,0,0,1.0123456790123457,200
8214,0,0,0,1.0124691358024691,200
8215,0,0,0,1.0125925925925925,200
8216,0,0,0,1.012716049382716,200
8217,0,0,0,1.0128395061728395,200
8218,0,0,0,1.012962962962963,200
8219,0,0,0,1.0130864197530864,200
8220,0,0,0,1.0132098765432098,200
8221,0,0,0,1.0133333333333334,200
8222,0,0,0,1.0134567901234568,200
8223,0,0,0,1.0135802469135802,200
8224,0,0,0,1.0137037037037038,200
8225,0,0,0,1.0138271604938272,200
8226,0,0,0,1.0139506172839505,200
8227,0,0,0,1.0140740740740741,200
8228,0,0,0,1.0141975308641975,200
8229,0,0,0,1.0143209876543209,200
8230,0,0,0,1.0144444444444445,200
8231,0,0,0,1.0145679012345679,200
8232,0,0,0,1.0146913580246915,200
8233,1,1,0,1.0148148148148148,201
8234,0,0,0,1.0149382716049382,201
8235,6,6,2,1.0148148148148148,207
8236,0,0,0,1.0149382716049382,207
8237,0,0,0,1.0150617283950618,207
8238,0,0,0,1.0151851851851852,207
8239,0,0,0,1.0153086419753086,207
8240,0,0,0,1.0154320987654322,207
8241,0,0,0,1.0155555555555555,207
8242,0,0,0,1.015679012345679,207
8243,0,0,0,1.0158024691358025,207
8244,0,0,0,1.015925925925926,207
8245,0,0,0,1.0160493827160493,207
8246,0,0,0,1.0161728395061729,207
8247,0,0,0,1.0162962962962963,207
8248,0,0,0,1.0164197530864199,207
8249,0,0,0,1.0165432098765432,207
8250,0,0,0,1.0166666666666666,207
8251,0,0,0,1.0167901234567902,207
8252,0,0,0,1.0169135802469136,207
8253,0,0,0,1.017037037037037,207
8254,0,0,0,1.0171604938271606,207
8255,0,0,0,1.017283950617284,207
8256,0,0,0,1.0174074074074073,207
8257,0,0,0,1.017530864197531,207
8258,0,0,0,1.0176543209876543,207
8259,0,0,0,1.0177777777777777,207
8260,0,0,0,1.0179012345679013,207
8261,0,0,0,1.0180246913580246,207
8262,0,0,0,1.0181481481481482,207
8263,0,0,0,1.0182716049382716,207
8264,0,0,0,1.018395061728395,207
8265,0,0,0,1.0185185185185186,207
8266,0,0,0,1.018641975308642,207
8267,1,1,0,1.0187654320987654,208
8268,0,0,0,1.018888888888889,208
8269,0,0,0,1.0190123456790123,208
8270,0,0,0,1.0191358024691357,208
8271,0,0,0,1.0192592592592593,208
8272,0,0,0,1.0193827160493827,208
8273,0,0,0,1.019506172839506,208
8274,0,0,0,1.0196296296296297,208
8275,0,0,0,1.019753086419753,208
8276,0,0,0,1.0198765432098766,208
8277,0,0,0,1.02,208
8278,0,0,0,1.0201234567901234,208
8279,0,0,0,1.020246913580247,208
8280,0,0,0,1.0203703703703704,208
8281,0,0,0,1.0204938271604937,208
8282,1,1,0,1.0206172839506173,209
8283,0,0,0,1.0207407407407407,209
8284,0,0,0,1.020864197530864,209
8285,0,0,0,1.0209876543209877,209
8286,0,0,0,1.021111111111111,209
8287,0,0,0,1.0212345679012345,209
8288,0,0,0,1.021358024691358,209
8289,0,0,0,1.0214814814814814,209
8290,0,0,0,1.021604938271605,209
8291,1,1,0,1.0217283950617284,210
8292,1,1,0,1.0218518518518518,211
8293,2,2,0,1.0219753086419754,213
8294,0,0,0,1.0220987654320988,213
8295,0,0,0,1.0222222222222221,213
8296,0,0,0,1.0223456790123457,213
8297,0,0,0,1.0224691358024691,213
8298,0,0,0,1.0225925925925925,213
8299,0,0,0,1.022716049382716,213
8300,0,0,0,1.0228395061728395,213
8301,0,0,0,1.022962962962963,213
8302,0,0,0,1.0230864197530865,213
8303,0,0,0,1.0232098765432098,213
8304,0,0,0,1.0233333333333334,213
8305,0,0,0,1.0234567901234568,213
8306,0,0,0,1.0235802469135802,213
8307,0,0,0,1.0237037037037038,213
8308,0,0,0,1.0238271604938272,213
8309,0,0,0,1.0239506172839505,213
8310,0,0,0,1.0240740740740741,213
8311,0,0,0,1.0241975308641975,213
8312,0,0,0,1.024320987654321,213
8313,0,0,0,1.0244444444444445,213
8314,0,0,0,1.0245679012345679,213
8315,0,0,0,1.0246913580246915,213
8316,0,0,0,1.0248148148148148,213
8317,0,0,0,1.0249382716049382,213
8318,0,0,0,1.0250617283950618,213
8319,0,0,0,1.0251851851851852,213
8320,0,0,0,1.0253086419753086,213
8321,0,0,0,1.0254320987654322,213
8322,0,0,0,1.0255555555555556,213
8323,0,0,0,1.025679012345679,213
8324,0,0,0,1.0258024691358025,213
8325,0,0,0,1.025925925925926,213
8326,0,0,0,1.0260493827160493,213
8327,0,0,0,1.0261728395061729,213
8328,0,0,0,1.0262962962962963,213
8329,0,0,0,1.0264197530864199,213
8330,0,0,0,1.0265432098765432,213
8331,0,0,0,1.0266666666666666,213
8332,0,0,0,1.0267901234567902,213
8333,0,0,0,1.0269135802469136,213
8334,0,0,0,1.027037037037037,213
8335,0,0,0,1.0271604938271606,213
8336,1,1,0,1.027283950617284,214
8337,0,0,0,1.0274074074074073,214
8338,0,0,0,1.027530864197531,214
8339,0,0,0,1.0276543209876543,214
8340,0,0,0,1.0277777777777777,214
8341,0,0,0,1.0279012345679013,214
8342,0,0,0,1.0280246913580247,214
8343,0,0,0,1.0281481481481483,214
8344,0,0,0,1.0282716049382716,214
8345,0,0,0,1.028395061728395,214
8346,0,0,0,1.0285185185185186,214
8347,0,0,0,1.028641975308642,214
8348,0,0,0,1.0287654320987654,214
8349,0,0,0,1.028888888888889,214
8350,0,0,0,1.0290123456790123,214
8351,1,1,0,1.0291358024691357,215
8352,0,0,0,1.0292592592592593,215
8353,0,0,0,1.0293827160493827,215
8354,0,0,0,1.029506172839506,215
8355,0,0,0,1.0296296296296297,215
8356,0,0,0,1.029753086419753,215
8357,0,0,0,1.0298765432098766,215
8358,1,1,0,1.03,216
8359,0,0,0,1.0301234567901234,216
8360,0,0,0,1.030246913580247,216
8361,0,0,0,1.0303703703703704,216
8362,0,0,0,1.0304938271604938,216
8363,1,1,0,1.0306172839506174,217
8364,0,0,0,1.0307407407407407,217
8365,0,0,0,1.0308641975308641,217
8366,0,0,0,1.0309876543209877,217
8367,0,0,0,1.031111111111111,217
8368,0,0,0,1.0312345679012345,217
8369,0,0,0,1.031358024691358,217
8370,0,0,0,1.0314814814814814,217
8371,2,2,0,1.031604938271605,219
8372,0,0,0,1.0317283950617284,219
8373,0,0,0,1.0318518518518518,219
8374,0,0,0,1.0319753086419754,219
8375,0,0,0,1.0320987654320988,219
8376,0,0,0,1.0322222222222222,219
8377,1,1,0,1.0323456790123458,220
8378,0,0,0,1.0324691358024691,220
8379,1,1,0,1.0325925925925925,221
8380,0,0,0,1.032716049382716,221
8381,0,0,0,1.0328395061728395,221
8382,0,0,0,1.0329629629629629,221
8383,0,0,0,1.0330864197530865,221
8384,1,1,0,1.0332098765432098,222
8385,0,0,0,1.0333333333333334,222
8386,0,0,0,1.0334567901234568,222
8387,0,0,0,1.0335802469135802,222
8388,0,0,0,1.0337037037037038,222
8389,0,0,0,1.0338271604938272,222
8390,0,0,0,1.0339506172839505,222
8391,0,0,0,1.0340740740740741,222
8392,0,0,0,1.0341975308641975,222
8393,1,1,0,1.034320987654321,223
8394,0,0,0,1.0344444444444445,223
8395,0,0,0,1.0345679012345679,223
8396,0,0,0,1.0346913580246913,223
8397,1,1,0,1.0348148148148149,224
8398,0,0,0,1.0349382716049382,224
8399,0,0,0,1.0350617283950618,224
8400,0,0,0,1.0351851851851852,224
8401,0,0,0,1.0353086419753086,224
8402,1,1,0,1.0354320987654322,225
8403,2,2,0,1.0355555555555556,227
8404,0,0,0,1.035679012345679,227
8405,0,0,0,1.0358024691358025,227
8406,0,0,0,1.035925925925926,227
8407,0,0,0,1.0360493827160493,227
8408,0,0,0,1.036172839506173,227
8409,0,0,0,1.0362962962962963,227
8410,0,0,0,1.0364197530864196,227
8411,0,0,0,1.0365432098765432,227
8412,0,0,0,1.0366666666666666,227
8413,0,0,0,1.0367901234567902,227
8414,0,0,0,1.0369135802469136,227
8415,0,0,0,1.037037037037037,227
8416,0,0,0,1.0371604938271606,227
8417,0,0,0,1.037283950617284,227
8418,0,0,0,1.0374074074074073,227
8419,0,0,0,1.037530864197531,227
8420,0,0,0,1.0376543209876543,227
8421,0,0,0,1.0377777777777777,227
8422,0,0,0,1.0379012345679013,227
8423,0,0,0,1.0380246913580247,227
8424,0,0,0,1.038148148148148,227
8425,0,0,0,1.0382716049382716,227
8426,0,0,0,1.038395061728395,227
8427,0,0,0,1.0385185185185186,227
8428,0,0,0,1.038641975308642,227
8429,0,0,0,1.0387654320987654,227
8430,0,0,0,1.038888888888889,227
8431,0,0,0,1.0390123456790124,227
8432,0,0,0,1.0391358024691357,227
8433,0,0,0,1.0392592592592593,227
8434,0,0,0,1.0393827160493827,227
8435,0,0,0,1.039506172839506,227
8436,0,0,0,1.0396296296296297,227
8437,0,0,0,1.039753086419753,227
8438,0,0,0,1.0398765432098764,227
8439,0,0,0,1.04,227
8440,0,0,0,1.0401234567901234,227
8441,0,0,0,1.040246913580247,227
8442,5,5,0,1.0403703703703704,232
8443,0,0,0,1.0404938271604938,232
8444,0,0,0,1.0406172839506174,232
8445,0,0,0,1.0407407407407407,232
8446,0,0,0,1.0408641975308641,232
8447,0,0,0,1.0409876543209877,232
8448,0,0,0,1.041111111111111,232
8449,0,0,0,1.0412345679012345,232
8450,0,0,0,1.041358024691358,232
8451,0,0,0,1.0414814814814815,232
8452,0,0,0,1.0416049382716048,232
8453,0,0,0,1.0417283950617284,232
8454,2,2,0,1.0418518518518518,234
8455,1,1,0,1.0419753086419754,235
8456,0,0,0,1.0420987654320988,235
8457,0,0,0,1.0422222222222222,235
8458,0,0,0,1.0423456790123458,235
8459,0,0,0,1.0424691358024691,235
8460,0,0,0,1.0425925925925925,235
8461,0,0,0,1.0427160493827161,235
8462,0,0,0,1.0428395061728395,235
8463,0,0,0,1.0429629629629629,235
8464,0,0,0,1.0430864197530865,235
8465,0,0,0,1.0432098765432098,235
8466,0,0,0,1.0433333333333332,235
8467,0,0,0,1.0434567901234568,235
8468,0,0,0,1.0435802469135802,235
8469,0,0,0,1.0437037037037038,235
8470,0,0,0,1.0438271604938272,235
8471,0,0,0,1.0439506172839506,235
8472,0,0,0,1.0440740740740742,235
8473,0,0,0,1.0441975308641975,235
8474,0,0,0,1.044320987654321,235
8475,0,0,0,1.0444444444444445,235
8476,0,0,0,1.0445679012345679,235
8477,0,0,0,1.0446913580246913,235
8478,0,0,0,1.0448148148148149,235
8479,1,1,0,1.0449382716049382,236
8480,0,0,0,1.0450617283950616,236
8481,0,0,0,1.0451851851851852,236
8482,0,0,0,1.0453086419753086,236
8483,0,0,0,1.0454320987654322,236
8484,0,0,0,1.0455555555555556,236
8485,0,0,0,1.045679012345679,236
8486,1,1,0,1.0458024691358025,237
8487,0,0,0,1.045925925925926,237
8488,0,0,0,1.0460493827160493,237
8489,0,0,0,1.046172839506173,237
8490,0,0,0,1.0462962962962963,237
8491,0,0,0,1.0464197530864197,237
8492,0,0,0,1.0465432098765433,237
8493,0,0,0,1.0466666666666666,237
8494,0,0,0,1.0467901234567902,237
8495,0,0,0,1.0469135802469136,237
8496,1,1,0,1.047037037037037,238
8497,0,0,0,1.0471604938271606,238
8498,0,0,0,1.047283950617284,238
8499,1,1,0,1.0474074074074073,239
8500,0,0,0,1.047530864197531,239
8501,0,0,0,1.0476543209876543,239
8502,0,0,0,1.0477777777777777,239
8503,0,0,0,1.0479012345679013,239
8504,2,2,1,1.0479012345679013,241
8505,0,0,0,1.0480246913580247,241
8506,0,0,0,1.048148148148148,241
8507,0,0,0,1.0482716049382717,241
8508,0,0,0,1.048395061728395,241
8509,0,0,0,1.0485185185185186,241
8510,0,0,0,1.048641975308642,241
8511,0,0,0,1.0487654320987654,241
8512,0,0,0,1.048888888888889,241
8513,2,2,0,1.0490123456790124,243
8514,0,0,0,1.0491358024691357,243
8515,0,0,0,1.0492592592592593,243
8516,0,0,0,1.0493827160493827,243
8517,0,0,0,1.049506172839506,243
8518,0,0,0,1.0496296296296297,243
8519,0,0,0,1.049753086419753,243
8520,0,0,0,1.0498765432098764,243
8521,0,0,0,1.05,243
8522,1,1,0,1.0501234567901234,244
8523,0,0,0,1.050246913580247,244
8524,3,3,0,1.0503703703703704,247
8525,0,0,0,1.0504938271604938,247
8526,0,0,0,1.0506172839506174,247
8527,0,0,0,1.0507407407407408,247
8528,0,0,0,1.0508641975308641,247
8529,0,0,0,1.0509876543209877,247
8530,0,0,0,1.051111111111111,247
8531,0,0,0,1.0512345679012345,247
8532,0,0,0,1.051358024691358,247
8533,0,0,0,1.0514814814814815,247
8534,1,1,0,1.0516049382716048,248
8535,0,0,0,1.0517283950617284,248
8536,0,0,0,1.0518518518518518,248
8537,0,0,0,1.0519753086419754,248
8538,0,0,0,1.0520987654320988,248
8539,0,0,0,1.0522222222222222,248
8540,0,0,0,1.0523456790123458,248
8541,0,0,0,1.0524691358024691,248
8542,0,0,0,1.0525925925925925,248
8543,0,0,0,1.0527160493827161,248
8544,0,0,0,1.0528395061728395,248
8545,0,0,0,1.0529629629629629,248
8546,0,0,0,1.0530864197530865,248
8547,0,0,0,1.0532098765432099,248
8548,0,0,0,1.0533333333333332,248
8549,0,0,0,1.0534567901234568,248
8550,0,0,0,1.0535802469135802,248
8551,0,0,0,1.0537037037037038,248
8552,0,0,0,1.0538271604938272,248
8553,1,1,0,1.0539506172839506,249
8554,0,0,0,1.0540740740740742,249
8555,0,0,0,1.0541975308641975,249
8556,0,0,0,1.054320987654321,249
8557,0,0,0,1.0544444444444445,249
8558,0,0,0,1.054567901234568,249
8559,0,0,0,1.0546913580246913,249
8560,0,0,0,1.0548148148148149,249
8561,0,0,0,1.0549382716049382,249
8562,0,0,0,1.0550617283950616,249
8563,0,0,0,1.0551851851851852,249
8564,0,0,0,1.0553086419753086,249
8565,0,0,0,1.0554320987654322,249
8566,0,0,0,1.0555555555555556,249
8567,0,0,0,1.055679012345679,249
8568,1,1,0,1.0558024691358026,250
8569,0,0,0,1.055925925925926,250
8570,0,0,0,1.0560493827160493,250
8571,0,0,0,1.056172839506173,250
8572,0,0,0,1.0562962962962963,250
8573,0,0,0,1.0564197530864197,250
8574,2,2,0,1.0565432098765433,252
8575,0,0,0,1.0566666666666666,252
8576,0,0,0,1.05679012345679,252
8577,0,0,0,1.0569135802469136,252
8578,0,0,0,1.057037037037037,252
8579,0,0,0,1.0571604938271606,252
8580,0,0,0,1.057283950617284,252
8581,0,0,0,1.0574074074074074,252
8582,0,0,0,1.057530864197531,252
8583,0,0,0,1.0576543209876543,252
8584,0,0,0,1.0577777777777777,252
8585,0,0,0,1.0579012345679013,252
8586,1,1,1,1.0579012345679013,253
8587,0,0,0,1.0580246913580247,253
8588,0,0,0,1.058148148148148,253
8589,1,1,0,1.0582716049382717,254
8590,0,0,0,1.058395061728395,254
8591,0,0,0,1.0585185185185184,254
8592,0,0,0,1.058641975308642,254
8593,0,0,0,1.0587654320987654,254
8594,2,2,0,1.058888888888889,256
8595,0,0,0,1.0590123456790124,256
8596,1,1,0,1.0591358024691357,257
8597,0,0,0,1.0592592592592593,257
8598,0,0,0,1.0593827160493827,257
8599,1,1,0,1.059506172839506,258
8600,0,0,0,1.0596296296296297,258
8601,0,0,0,1.059753086419753,258
8602,0,0,0,1.0598765432098765,258
8603,0,0,0,1.06,258
8604,1,1,0,1.0601234567901234,259
8605,0,0,0,1.0602469135802468,259
8606,0,0,0,1.0603703703703704,259
8607,0,0,0,1.0604938271604938,259
8608,0,0,0,1.0606172839506174,259
8609,1,1,0,1.0607407407407408,260
8610,0,0,0,1.0608641975308641,260
8611,0,0,0,1.0609876543209877,260
8612,0,0,0,1.0611111111111111,260
8613,0,0,0,1.0612345679012345,260
8614,0,0,0,1.061358024691358,260
8615,0,0,0,1.0614814814814815,260
8616,0,0,0,1.0616049382716048,260
8617,0,0,0,1.0617283950617284,260
8618,0,0,0,1.0618518518518518,260
8619,0,0,0,1.0619753086419752,260
8620,0,0,0,1.0620987654320988,260
8621,1,1,0,1.0622222222222222,261
8622,0,0,0,1.0623456790123458,261
8623,0,0,0,1.0624691358024692,261
8624,0,0,0,1.0625925925925925,261
8625,0,0,0,1.0627160493827161,261
8626,0,0,0,1.0628395061728395,261
8627,0,0,0,1.0629629629629629,261
8628,0,0,0,1.0630864197530865,261
8629,3,3,0,1.0632098765432099,264
8630,0,0,0,1.0633333333333332,264
8631,0,0,0,1.0634567901234568,264
8632,0,0,0,1.0635802469135802,264
8633,0,0,0,1.0637037037037036,264
8634,0,0,0,1.0638271604938272,264
8635,0,0,0,1.0639506172839506,264
8636,0,0,0,1.0640740740740742,264
8637,0,0,0,1.0641975308641975,264
8638,0,0,0,1.064320987654321,264
8639,0,0,0,1.0644444444444445,264
8640,0,0,0,1.064567901234568,264
8641,1,1,0,1.0646913580246913,265
8642,0,0,0,1.0648148148148149,265
8643,0,0,0,1.0649382716049383,265
8644,0,0,0,1.0650617283950616,265
8645,8,8,2,1.0649382716049383,273
8646,0,0,0,1.0650617283950616,273
8647,0,0,0,1.0651851851851852,273
8648,0,0,0,1.0653086419753086,273
8649,0,0,0,1.065432098765432,273
8650,0,0,0,1.0655555555555556,273
8651,0,0,0,1.065679012345679,273
8652,0,0,0,1.0658024691358026,273
8653,0,0,0,1.065925925925926,273
8654,0,0,0,1.0660493827160493,273
8655,0,0,0,1.066172839506173,273
8656,0,0,0,1.0662962962962963,273
8657,0,0,0,1.0664197530864197,273
8658,0,0,0,1.0665432098765433,273
8659,0,0,0,1.0666666666666667,273
8660,0,0,0,1.06679012345679,273
8661,0,0,0,1.0669135802469136,273
8662,0,0,0,1.067037037037037,273
8663,0,0,0,1.0671604938271604,273
8664,0,0,0,1.067283950617284,273
8665,0,0,0,1.0674074074074074,273
8666,0,0,0,1.067530864197531,273
8667,1,1,0,1.0676543209876543,274
8668,0,0,0,1.0677777777777777,274
8669,0,0,0,1.0679012345679013,274
8670,0,0,0,1.0680246913580247,274
8671,0,0,0,1.068148148148148,274
8672,0,0,0,1.0682716049382717,274
8673,0,0,0,1.068395061728395,274
8674,0,0,0,1.0685185185185184,274
8675,0,0,0,1.068641975308642,274
8676,0,0,0,1.0687654320987654,274
8677,0,0,0,1.068888888888889,274
8678,0,0,0,1.0690123456790124,274
8679,0,0,0,1.0691358024691358,274
8680,0,0,0,1.0692592592592594,274
8681,0,0,0,1.0693827160493827,274
8682,0,0,0,1.069506172839506,274
8683,0,0,0,1.0696296296296297,274
8684,0,0,0,1.069753086419753,274
8685,0,0,0,1.0698765432098765,274
8686,0,0,0,1.07,274
8687,0,0,0,1.0701234567901234,274
8688,0,0,0,1.0702469135802468,274
8689,0,0,0,1.0703703703703704,274
8690,0,0,0,1.0704938271604938,274
8691,0,0,0,1.0706172839506174,274
8692,0,0,0,1.0707407407407408,274
8693,0,0,0,1.0708641975308641,274
8694,0,0,0,1.0709876543209877,274
8695,0,0,0,1.0711111111111111,274
8696,0,0,0,1.0712345679012345,274
8697,0,0,0,1.071358024691358,274
8698,0,0,0,1.0714814814814815,274
8699,0,0,0,1.0716049382716049,274
8700,0,0,0,1.0717283950617285,274
8701,0,0,0,1.0718518518518518,274
8702,1,1,0,1.0719753086419752,275
8703,0,0,0,1.0720987654320988,275
8704,0,0,0,1.0722222222222222,275
8705,0,0,0,1.0723456790123458,275
8706,0,0,0,1.0724691358024692,275
8707,0,0,0,1.0725925925925925,275
8708,0,0,0,1.0727160493827161,275
8709,0,0,0,1.0728395061728395,275
8710,0,0,0,1.072962962962963,275
8711,0,0,0,1.0730864197530865,275
8712,0,0,0,1.0732098765432099,275
8713,0,0,0,1.0733333333333333,275
8714,0,0,0,1.0734567901234568,275
8715,0,0,0,1.0735802469135802,275
8716,0,0,0,1.0737037037037036,275
8717,0,0,0,1.0738271604938272,275
8718,0,0,0,1.0739506172839506,275
8719,1,1,1,1.0739506172839506,276
8720,0,0,0,1.0740740740740742,276
8721,0,0,0,1.0741975308641976,276
8722,0,0,0,1.074320987654321,276
8723,0,0,0,1.0744444444444445,276
8724,0,0,0,1.074567901234568,276
8725,0,0,0,1.0746913580246913,276
8726,1,1,0,1.074814814814815,277
8727,0,0,0,1.0749382716049383,277
8728,0,0,0,1.0750617283950616,277
8729,0,0,0,1.0751851851851852,277
8730,0,0,0,1.0753086419753086,277
8731,2,2,0,1.075432098765432,279
8732,0,0,0,1.0755555555555556,279
8733,0,0,0,1.075679012345679,279
8734,0,0,0,1.0758024691358026,279
8735,0,0,0,1.075925925925926,279
8736,0,0,0,1.0760493827160493,279
8737,1,1,0,1.076172839506173,280
8738,0,0,0,1.0762962962962963,280
8739,0,0,0,1.0764197530864197,280
8740,0,0,0,1.0765432098765433,280
8741,0,0,0,1.0766666666666667,280
8742,1,1,0,1.07679012345679,281
8743,0,0,0,1.0769135802469136,281
8744,0,0,0,1.077037037037037,281
8745,0,0,0,1.0771604938271604,281
8746,0,0,0,1.077283950617284,281
8747,1,1,0,1.0774074074074074,282
8748,0,0,0,1.077530864197531,282
8749,4,4,0,1.0776543209876543,286
8750,0,0,0,1.0777777777777777,286
8751,0,0,0,1.0779012345679013,286
8752,1,1,0,1.0780246913580247,287
8753,0,0,0,1.078148148148148,287
8754,0,0,0,1.0782716049382717,287
8755,0,0,0,1.078395061728395,287
8756,0,0,0,1.0785185185185184,287
8757,0,0,0,1.078641975308642,287
8758,0,0,0,1.0787654320987654,287
8759,0,0,0,1.0788888888888888,287
8760,2,2,0,1.0790123456790124,289
8761,0,0,0,1.0791358024691358,289
8762,0,0,0,1.0792592592592594,289
8763,0,0,0,1.0793827160493827,289
8764,0,0,0,1.0795061728395061,289
8765,0,0,0,1.0796296296296297,289
8766,0,0,0,1.079753086419753,289
8767,0,0,0,1.0798765432098765,289
8768,0,0,0,1.08,289
8769,2,2,0,1.0801234567901234,291
8770,0,0,0,1.0802469135802468,291
8771,0,0,0,1.0803703703703704,291
8772,1,1,1,1.0803703703703704,292
8773,0,0,0,1.0804938271604938,292
8774,0,0,0,1.0806172839506172,292
8775,0,0,0,1.0807407407407408,292
8776,0,0,0,1.0808641975308642,292
8777,0,0,0,1.0809876543209878,292
8778,0,0,0,1.0811111111111111,292
8779,0,0,0,1.0812345679012345,292
8780,0,0,0,1.081358024691358,292
8781,0,0,0,1.0814814814814815,292
8782,0,0,0,1.0816049382716049,292
8783,0,0,0,1.0817283950617285,292
8784,0,0,0,1.0818518518518518,292
8785,0,0,0,1.0819753086419752,292
8786,0,0,0,1.0820987654320988,292
8787,0,0,0,1.0822222222222222,292
8788,0,0,0,1.0823456790123456,292
8789,0,0,0,1.0824691358024692,292
8790,0,0,0,1.0825925925925926,292
8791,0,0,0,1.0827160493827162,292
8792,0,0,0,1.0828395061728395,292
8793,0,0,0,1.082962962962963,292
8794,0,0,0,1.0830864197530865,292
8795,1,1,0,1.0832098765432099,293
8796,0,0,0,1.0833333333333333,293
8797,0,0,0,1.0834567901234569,293
8798,0,0,0,1.0835802469135802,293
8799,0,0,0,1.0837037037037036,293
8800,0,0,0,1.0838271604938272,293
8801,0,0,0,1.0839506172839506,293
8802,0,0,0,1.084074074074074,293
8803,0,0,0,1.0841975308641976,293
8804,0,0,0,1.084320987654321,293
8805,0,0,0,1.0844444444444445,293
8806,0,0,0,1.084567901234568,293
8807,0,0,0,1.0846913580246913,293
8808,0,0,0,1.084814814814815,293
8809,0,0,0,1.0849382716049383,293
8810,1,1,0,1.0850617283950617,294
8811,0,0,0,1.0851851851851853,294
8812,0,0,0,1.0853086419753086,294
8813,0,0,0,1.085432098765432,294
8814,0,0,0,1.0855555555555556,294
8815,0,0,0,1.085679012345679,294
8816,0,0,0,1.0858024691358024,294
8817,0,0,0,1.085925925925926,294
8818,0,0,0,1.0860493827160493,294
8819,0,0,0,1.086172839506173,294
8820,0,0,0,1.0862962962962963,294
8821,1,1,0,1.0864197530864197,295
8822,0,0,0,1.0865432098765433,295
8823,0,0,0,1.0866666666666667,295
8824,0,0,0,1.08679012345679,295
8825,0,0,0,1.0869135802469136,295
8826,0,0,0,1.087037037037037,295
8827,0,0,0,1.0871604938271604,295
8828,0,0,0,1.087283950617284,295
8829,0,0,0,1.0874074074074074,295
8830,3,3,0,1.0875308641975308,298
8831,0,0,0,1.0876543209876544,298
8832,0,0,0,1.0877777777777777,298
8833,0,0,0,1.0879012345679013,298
8834,0,0,0,1.0880246913580247,298
8835,0,0,0,1.088148148148148,298
8836,0,0,0,1.0882716049382717,298
8837,0,0,0,1.088395061728395,298
8838,0,0,0,1.0885185185185184,298
8839,1,1,0,1.088641975308642,299
8840,0,0,0,1.0887654320987654,299
8841,0,0,0,1.0888888888888888,299
8842,0,0,0,1.0890123456790124,299
8843,0,0,0,1.0891358024691358,299
8844,0,0,0,1.0892592592592591,299
8845,0,0,0,1.0893827160493827,299
8846,0,0,0,1.0895061728395061,299
8847,0,0,0,1.0896296296296297,299
8848,1,1,0,1.089753086419753,300
8849,0,0,0,1.0898765432098765,300
8850,0,0,0,1.09,300
8851,0,0,0,1.0901234567901235,300
8852,0,0,0,1.0902469135802468,300
8853,0,0,0,1.0903703703703704,300
8854,0,0,0,1.0904938271604938,300
8855,0,0,0,1.0906172839506172,300
8856,0,0,0,1.0907407407407408,300
8857,0,0,0,1.0908641975308642,300
8858,0,0,0,1.0909876543209878,300
8859,0,0,0,1.0911111111111111,300
8860,0,0,0,1.0912345679012345,300
8861,0,0,0,1.0913580246913581,300
8862,0,0,0,1.0914814814814815,300
8863,0,0,0,1.0916049382716049,300
8864,0,0,0,1.0917283950617285,300
8865,0,0,0,1.0918518518518519,300
8866,0,0,0,1.0919753086419752,300
8867,0,0,0,1.0920987654320988,300
8868,1,1,0,1.0922222222222222,301
8869,0,0,0,1.0923456790123456,301
8870,0,0,0,1.0924691358024692,301
8871,0,0,0,1.0925925925925926,301
8872,0,0,0,1.0927160493827162,301
8873,1,1,0,1.0928395061728395,302
8874,0,0,0,1.092962962962963,302
8875,0,0,0,1.0930864197530865,302
8876,0,0,0,1.09320987654321,302
8877,0,0,0,1.0933333333333333,302
8878,0,0,0,1.0934567901234569,302
8879,0,0,0,1.0935802469135802,302
8880,0,0,0,1.0937037037037036,302
8881,0,0,0,1.0938271604938272,302
8882,0,0,0,1.0939506172839506,302
8883,0,0,0,1.094074074074074,302
8884,0,0,0,1.0941975308641976,302
8885,0,0,0,1.094320987654321,302
8886,0,0,0,1.0944444444444446,302
8887,0,0,0,1.094567901234568,302
8888,0,0,0,1.0946913580246913,302
8889,2,2,0,1.094814814814815,304
8890,0,0,0,1.0949382716049383,304
8891,1,1,0,1.0950617283950617,305
8892,0,0,0,1.0951851851851853,305
8893,0,0,0,1.0953086419753086,305
8894,0,0,0,1.095432098765432,305
8895,0,0,0,1.0955555555555556,305
8896,0,0,0,1.095679012345679,305
8897,0,0,0,1.0958024691358024,305
8898,0,0,0,1.095925925925926,305
8899,0,0,0,1.0960493827160493,305
8900,0,0,0,1.096172839506173,305
8901,0,0,0,1.0962962962962963,305
8902,0,0,0,1.0964197530864197,305
8903,0,0,0,1.0965432098765433,305
8904,1,1,0,1.0966666666666667,306
8905,0,0,0,1.09679012345679,306
8906,0,0,0,1.0969135802469137,306
8907,0,0,0,1.097037037037037,306
8908,0,0,0,1.0971604938271604,306
8909,0,0,0,1.097283950617284,306
8910,0,0,0,1.0974074074074074,306
8911,0,0,0,1.0975308641975308,306
8912,0,0,0,1.0976543209876544,306
8913,0,0,0,1.0977777777777777,306
8914,2,2,0,1.0979012345679013,308
8915,0,0,0,1.0980246913580247,308
8916,0,0,0,1.098148148148148,308
8917,0,0,0,1.0982716049382717,308
8918,0,0,0,1.098395061728395,308
8919,0,0,0,1.0985185185185184,308
8920,1,1,0,1.098641975308642,309
8921,0,0,0,1.0987654320987654,309
8922,0,0,0,1.0988888888888888,309
8923,0,0,0,1.0990123456790124,309
8924,0,0,0,1.0991358024691358,309
8925,1,1,0,1.0992592592592592,310
8926,0,0,0,1.0993827160493828,310
8927,0,0,0,1.0995061728395061,310
8928,0,0,0,1.0996296296296297,310
8929,0,0,0,1.0997530864197531,310
8930,0,0,0,1.0998765432098765,310
8931,0,0,0,1.1,310
8932,0,0,0,1.1001234567901235,310
8933,0,0,0,1.1002469135802468,310
8934,0,0,0,1.1003703703703704,310
8935,0,0,0,1.1004938271604938,310
8936,0,0,0,1.1006172839506172,310
8937,0,0,0,1.1007407407407408,310
8938,0,0,0,1.1008641975308642,310
8939,0,0,0,1.1009876543209876,310
8940,0,0,0,1.1011111111111112,310
8941,0,0,0,1.1012345679012345,310
8942,0,0,0,1.1013580246913581,310
8943,0,0,0,1.1014814814814815,310
8944,0,0,0,1.1016049382716049,310
8945,0,0,0,1.1017283950617285,310
8946,0,0,0,1.1018518518518519,310
8947,1,1,0,1.1019753086419752,311
8948,4,4,0,1.1020987654320988,315
8949,2,2,0,1.1022222222222222,317
8950,1,1,0,1.1023456790123456,318
8951,1,1,0,1.1024691358024692,319
8952,0,0,0,1.1025925925925926,319
8953,0,0,0,1.102716049382716,319
8954,0,0,0,1.1028395061728395,319
8955,0,0,0,1.102962962962963,319
8956,0,0,0,1.1030864197530865,319
8957,1,1,0,1.10320987654321,320
8958,0,0,0,1.1033333333333333,320
8959,0,0,0,1.1034567901234569,320
8960,0,0,0,1.1035802469135803,320
8961,0,0,0,1.1037037037037036,320
8962,0,0,0,1.1038271604938272,320
8963,0,0,0,1.1039506172839506,320
8964,0,0,0,1.104074074074074,320
8965,3,3,0,1.1041975308641976,323
8966,0,0,0,1.104320987654321,323
8967,0,0,0,1.1044444444444443,323
8968,0,0,0,1.104567901234568,323
8969,0,0,0,1.1046913580246913,323
8970,0,0,0,1.104814814814815,323
8971,0,0,0,1.1049382716049383,323
8972,0,0,0,1.1050617283950617,323
8973,0,0,0,1.1051851851851853,323
8974,0,0,0,1.1053086419753086,323
8975,0,0,0,1.105432098765432,323
8976,0,0,0,1.1055555555555556,323
8977,0,0,0,1.105679012345679,323
8978,0,0,0,1.1058024691358024,323
8979,0,0,0,1.105925925925926,323
8980,0,0,0,1.1060493827160494,323
8981,0,0,0,1.1061728395061727,323
8982,0,0,0,1.1062962962962963,323
8983,0,0,0,1.1064197530864197,323
8984,0,0,0,1.1065432098765433,323
8985,0,0,0,1.1066666666666667,323
8986,0,0,0,1.10679012345679,323
8987,0,0,0,1.1069135802469137,323
8988,0,0,0,1.107037037037037,323
8989,1,1,0,1.1071604938271604,324
8990,0,0,0,1.107283950617284,324
8991,0,0,0,1.1074074074074074,324
8992,0,0,0,1.1075308641975308,324
8993,0,0,0,1.1076543209876544,324
8994,0,0,0,1.1077777777777778,324
8995,2,2,0,1.1079012345679011,326
8996,0,0,0,1.1080246913580247,326
8997,0,0,0,1.108148148148148,326
8998,0,0,0,1.1082716049382717,326
8999,0,0,0,1.108395061728395,326
9000,0,0,0,1.1085185185185185,326
9001,0,0,0,1.108641975308642,326
9002,0,0,0,1.1087654320987654,326
9003,0,0,0,1.1088888888888888,326
9004,0,0,0,1.1090123456790124,326
9005,0,0,0,1.1091358024691358,326
9006,0,0,0,1.1092592592592592,326
9007,0,0,0,1.1093827160493828,326
9008,0,0,0,1.1095061728395061,326
9009,0,0,0,1.1096296296296295,326
9010,0,0,0,1.1097530864197531,326
9011,0,0,0,1.1098765432098765,326
9012,0,0,0,1.11,326
9013,0,0,0,1.1101234567901235,326
9014,0,0,0,1.1102469135802469,326
9015,0,0,0,1.1103703703703705,326
9016,0,0,0,1.1104938271604938,326
9017,0,0,0,1.1106172839506172,326
9018,3,3,0,1.1107407407407408,329
9019,0,0,0,1.1108641975308642,329
9020,0,0,0,1.1109876543209876,329
9021,1,1,0,1.1111111111111112,330
9022,0,0,0,1.1112345679012345,330
9023,0,0,0,1.111358024691358,330
9024,0,0,0,1.1114814814814815,330
9025,0,0,0,1.111604938271605,330
9026,0,0,0,1.1117283950617285,330
9027,0,0,0,1.1118518518518519,330
9028,0,0,0,1.1119753086419752,330
9029,0,0,0,1.1120987654320988,330
9030,0,0,0,1.1122222222222222,330
9031,0,0,0,1.1123456790123456,330
9032,0,0,0,1.1124691358024692,330
9033,0,0,0,1.1125925925925926,330
9034,2,2,0,1.112716049382716,332
9035,0,0,0,1.1128395061728396,332
9036,0,0,0,1.112962962962963,332
9037,2,2,0,1.1130864197530863,334
9038,0,0,0,1.11320987654321,334
9039,2,2,0,1.1133333333333333,336
9040,0,0,0,1.1134567901234569,336
9041,2,2,0,1.1135802469135803,338
9042,0,0,0,1.1137037037037036,338
9043,0,0,0,1.1138271604938272,338
9044,6,6,0,1.1139506172839506,344
9045,0,0,0,1.114074074074074,344
9046,3,3,0,1.1141975308641976,347
9047,0,0,0,1.114320987654321,347
9048,0,0,0,1.1144444444444443,347
9049,0,0,0,1.114567901234568,347
9050,0,0,0,1.1146913580246913,347
9051,0,0,0,1.114814814814815,347
9052,0,0,0,1.1149382716049383,347
9053,0,0,0,1.1150617283950617,347
9054,0,0,0,1.1151851851851853,347
9055,0,0,0,1.1153086419753087,347
9056,0,0,0,1.115432098765432,347
9057,0,0,0,1.1155555555555556,347
9058,1,1,0,1.115679012345679,348
9059,0,0,0,1.1158024691358024,348
9060,0,0,0,1.115925925925926,348
9061,0,0,0,1.1160493827160494,348
9062,0,0,0,1.1161728395061727,348
9063,0,0,0,1.1162962962962963,348
9064,1,1,0,1.1164197530864197,349
9065,0,0,0,1.1165432098765433,349
9066,0,0,0,1.1166666666666667,349
9067,0,0,0,1.11679012345679,349
9068,0,0,0,1.1169135802469137,349
9069,0,0,0,1.117037037037037,349
9070,0,0,0,1.1171604938271604,349
9071,0,0,0,1.117283950617284,349
9072,1,1,0,1.1174074074074074,350
9073,0,0,0,1.1175308641975308,350
9074,0,0,0,1.1176543209876544,350
9075,0,0,0,1.1177777777777778,350
9076,0,0,0,1.1179012345679011,350
9077,0,0,0,1.1180246913580247,350
9078,0,0,0,1.1181481481481481,350
9079,0,0,0,1.1182716049382717,350
9080,0,0,0,1.118395061728395,350
9081,1,1,0,1.1185185185185185,351
9082,0,0,0,1.118641975308642,351
9083,0,0,0,1.1187654320987654,351
9084,0,0,0,1.1188888888888888,351
9085,0,0,0,1.1190123456790124,351
9086,0,0,0,1.1191358024691358,351
9087,0,0,0,1.1192592592592592,351
9088,0,0,0,1.1193827160493828,351
9089,0,0,0,1.1195061728395062,351
9090,1,1,0,1.1196296296296295,352
9091,0,0,0,1.1197530864197531,352
9092,0,0,0,1.1198765432098765,352
9093,0,0,0,1.12,352
9094,0,0,0,1.1201234567901235,352
9095,0,0,0,1.1202469135802469,352
9096,0,0,0,1.1203703703703705,352
9097,0,0,0,1.1204938271604938,352
9098,0,0,0,1.1206172839506172,352
9099,0,0,0,1.1207407407407408,352
9100,0,0,0,1.1208641975308642,352
9101,0,0,0,1.1209876543209876,352
9102,0,0,0,1.1211111111111112,352
9103,0,0,0,1.1212345679012345,352
9104,0,0,0,1.121358024691358,352
9105,0,0,0,1.1214814814814815,352
9106,0,0,0,1.121604938271605,352
9107,0,0,0,1.1217283950617285,352
9108,0,0,0,1.1218518518518519,352
9109,0,0,0,1.1219753086419753,352
9110,0,0,0,1.1220987654320989,352
9111,0,0,0,1.1222222222222222,352
9112,0,0,0,1.1223456790123456,352
9113,0,0,0,1.1224691358024692,352
9114,1,1,0,1.1225925925925926,353
9115,0,0,0,1.122716049382716,353
9116,0,0,0,1.1228395061728396,353
9117,1,1,0,1.122962962962963,354
9118,0,0,0,1.1230864197530863,354
9119,0,0,0,1.12320987654321,354
9120,0,0,0,1.1233333333333333,354
9121,0,0,0,1.123456790123457,354
9122,0,0,0,1.1235802469135803,354
9123,3,3,0,1.1237037037037036,357
9124,0,0,0,1.1238271604938272,357
9125,0,0,0,1.1239506172839506,357
9126,0,0,0,1.124074074074074,357
9127,0,0,0,1.1241975308641976,357
9128,0,0,0,1.124320987654321,357
9129,0,0,0,1.1244444444444444,357
9130,0,0,0,1.124567901234568,357
9131,0,0,0,1.1246913580246913,357
9132,0,0,0,1.1248148148148147,357
9133,1,1,0,1.1249382716049383,358
9134,0,0,0,1.1250617283950617,358
9135,0,0,0,1.1251851851851853,358
9136,0,0,0,1.1253086419753087,358
9137,0,0,0,1.125432098765432,358
9138,0,0,0,1.1255555555555556,358
9139,0,0,0,1.125679012345679,358
9140,0,0,0,1.1258024691358024,358
9141,0,0,0,1.125925925925926,358
9142,0,0,0,1.1260493827160494,358
9143,0,0,0,1.1261728395061728,358
9144,0,0,0,1.1262962962962964,358
9145,0,0,0,1.1264197530864197,358
9146,0,0,0,1.126543209876543,358
9147,0,0,0,1.1266666666666667,358
9148,0,0,0,1.12679012345679,358
9149,0,0,0,1.1269135802469137,358
9150,0,0,0,1.127037037037037,358
9151,0,0,0,1.1271604938271604,358
9152,0,0,0,1.127283950617284,358
9153,3,3,0,1.1274074074074074,361
9154,0,0,0,1.1275308641975308,361
9155,0,0,0,1.1276543209876544,361
9156,0,0,0,1.1277777777777778,361
9157,0,0,0,1.1279012345679011,361
9158,0,0,0,1.1280246913580247,361
9159,0,0,0,1.1281481481481481,361
9160,1,1,0,1.1282716049382715,362
9161,0,0,0,1.128395061728395,362
9162,0,0,0,1.1285185185185185,362
9163,0,0,0,1.128641975308642,362
9164,0,0,0,1.1287654320987655,362
9165,0,0,0,1.1288888888888888,362
9166,0,0,0,1.1290123456790124,362
9167,0,0,0,1.1291358024691358,362
9168,0,0,0,1.1292592592592592,362
9169,0,0,0,1.1293827160493828,362
9170,0,0,0,1.1295061728395062,362
9171,0,0,0,1.1296296296296295,362
9172,0,0,0,1.1297530864197531,362
9173,0,0,0,1.1298765432098765,362
9174,0,0,0,1.13,362
9175,0,0,0,1.1301234567901235,362
9176,0,0,0,1.1302469135802469,362
9177,0,0,0,1.1303703703703705,362
9178,0,0,0,1.1304938271604938,362
9179,0,0,0,1.1306172839506172,362
9180,0,0,0,1.1307407407407408,362
9181,0,0,0,1.1308641975308642,362
9182,0,0,0,1.1309876543209876,362
9183,0,0,0,1.1311111111111112,362
9184,0,0,0,1.1312345679012346,362
9185,0,0,0,1.131358024691358,362
9186,0,0,0,1.1314814814814815,362
9187,0,0,0,1.131604938271605,362
9188,1,1,0,1.1317283950617283,363
9189,0,0,0,1.1318518518518519,363
9190,0,0,0,1.1319753086419753,363
9191,0,0,0,1.1320987654320989,363
9192,0,0,0,1.1322222222222222,363
9193,0,0,0,1.1323456790123456,363
9194,0,0,0,1.1324691358024692,363
9195,0,0,0,1.1325925925925926,363
9196,0,0,0,1.132716049382716,363
9197,0,0,0,1.1328395061728396,363
9198,0,0,0,1.132962962962963,363
9199,0,0,0,1.1330864197530863,363
9200,0,0,0,1.13320987654321,363
9201,0,0,0,1.1333333333333333,363
9202,0,0,0,1.1334567901234567,363
9203,0,0,0,1.1335802469135803,363
9204,0,0,0,1.1337037037037037,363
9205,0,0,0,1.1338271604938273,363
9206,0,0,0,1.1339506172839506,363
9207,0,0,0,1.134074074074074,363
9208,0,0,0,1.1341975308641976,363
9209,0,0,0,1.134320987654321,363
9210,1,1,0,1.1344444444444444,364
9211,0,0,0,1.134567901234568,364
9212,0,0,0,1.1346913580246913,364
9213,0,0,0,1.1348148148148147,364
9214,0,0,0,1.1349382716049383,364
9215,0,0,0,1.1350617283950617,364
9216,0,0,0,1.135185185185185,364
9217,0,0,0,1.1353086419753087,364
9218,0,0,0,1.135432098765432,364
9219,0,0,0,1.1355555555555557,364
9220,0,0,0,1.135679012345679,364
9221,0,0,0,1.1358024691358024,364
9222,0,0,0,1.135925925925926,364
9223,0,0,0,1.1360493827160494,364
9224,0,0,0,1.1361728395061728,364
9225,0,0,0,1.1362962962962964,364
9226,0,0,0,1.1364197530864197,364
9227,0,0,0,1.1365432098765431,364
9228,1,1,0,1.1366666666666667,365
9229,0,0,0,1.13679012345679,365
9230,0,0,0,1.1369135802469137,365
9231,0,0,0,1.137037037037037,365
9232,0,0,0,1.1371604938271604,365
9233,0,0,0,1.137283950617284,365
9234,0,0,0,1.1374074074074074,365
9235,0,0,0,1.1375308641975308,365
9236,0,0,0,1.1376543209876544,365
9237,0,0,0,1.1377777777777778,365
9238,0,0,0,1.1379012345679012,365
9239,0,0,0,1.1380246913580248,365
9240,0,0,0,1.1381481481481481,365
9241,0,0,0,1.1382716049382715,365
9242,0,0,0,1.138395061728395,365
9243,0,0,0,1.1385185185185185,365
9244,0,0,0,1.138641975308642,365
9245,0,0,0,1.1387654320987655,365
9246,0,0,0,1.1388888888888888,365
9247,0,0,0,1.1390123456790124,365
9248,0,0,0,1.1391358024691358,365
9249,1,1,1,1.1391358024691358,366
9250,0,0,0,1.1392592592592592,366
9251,0,0,0,1.1393827160493828,366
9252,0,0,0,1.1395061728395062,366
9253,0,0,0,1.1396296296296295,366
9254,0,0,0,1.1397530864197531,366
9255,0,0,0,1.1398765432098765,366
9256,0,0,0,1.14,366
9257,0,0,0,1.1401234567901235,366
9258,0,0,0,1.1402469135802469,366
9259,0,0,0,1.1403703703703705,366
9260,0,0,0,1.1404938271604939,366
9261,0,0,0,1.1406172839506172,366
9262,0,0,0,1.1407407407407408,366
9263,0,0,0,1.1408641975308642,366
9264,0,0,0,1.1409876543209876,366
9265,0,0,0,1.1411111111111112,366
9266,0,0,0,1.1412345679012346,366
9267,0,0,0,1.141358024691358,366
9268,0,0,0,1.1414814814814815,366
9269,0,0,0,1.141604938271605,366
9270,0,0,0,1.1417283950617283,366
9271,0,0,0,1.141851851851852,366
9272,0,0,0,1.1419753086419753,366
9273,0,0,0,1.1420987654320989,366
9274,0,0,0,1.1422222222222222,366
9275,0,0,0,1.1423456790123456,366
9276,0,0,0,1.1424691358024692,366
9277,0,0,0,1.1425925925925926,366
9278,0,0,0,1.142716049382716,366
9279,0,0,0,1.1428395061728396,366
9280,0,0,0,1.142962962962963,366
9281,0,0,0,1.1430864197530863,366
9282,1,1,0,1.14320987654321,367
9283,0,0,0,1.1433333333333333,367
9284,0,0,0,1.1434567901234567,367
9285,0,0,0,1.1435802469135803,367
9286,0,0,0,1.1437037037037037,367
9287,0,0,0,1.1438271604938273,367
9288,0,0,0,1.1439506172839506,367
9289,0,0,0,1.144074074074074,367
9290,0,0,0,1.1441975308641976,367
9291,0,0,0,1.144320987654321,367
9292,0,0,0,1.1444444444444444,367
9293,0,0,0,1.144567901234568,367
9294,0,0,0,1.1446913580246914,367
9295,0,0,0,1.1448148148148147,367
9296,0,0,0,1.1449382716049383,367
9297,0,0,0,1.1450617283950617,367
9298,0,0,0,1.145185185185185,367
9299,0,0,0,1.1453086419753087,367
9300,0,0,0,1.145432098765432,367
9301,0,0,0,1.1455555555555557,367
9302,0,0,0,1.145679012345679,367
9303,0,0,0,1.1458024691358024,367
9304,0,0,0,1.145925925925926,367
9305,0,0,0,1.1460493827160494,367
9306,0,0,0,1.1461728395061728,367
9307,0,0,0,1.1462962962962964,367
9308,0,0,0,1.1464197530864197,367
9309,0,0,0,1.1465432098765431,367
9310,0,0,0,1.1466666666666667,367
9311,0,0,0,1.14679012345679,367
9312,0,0,0,1.1469135802469135,367
9313,0,0,0,1.147037037037037,367
9314,2,2,0,1.1471604938271605,369
9315,0,0,0,1.147283950617284,369
9316,0,0,0,1.1474074074074074,369
9317,0,0,0,1.1475308641975308,369
9318,0,0,0,1.1476543209876544,369
9319,0,0,0,1.1477777777777778,369
9320,0,0,0,1.1479012345679012,369
9321,0,0,0,1.1480246913580248,369
9322,1,1,1,1.1480246913580248,370
9323,1,1,0,1.1481481481481481,371
9324,0,0,0,1.1482716049382715,371
9325,0,0,0,1.1483950617283951,371
9326,0,0,0,1.1485185185185185,371
9327,0,0,0,1.1486419753086419,371
9328,0,0,0,1.1487654320987655,371
9329,0,0,0,1.1488888888888888,371
9330,0,0,0,1.1490123456790124,371
9331,0,0,0,1.1491358024691358,371
9332,0,0,0,1.1492592592592592,371
9333,0,0,0,1.1493827160493828,371
9334,0,0,0,1.1495061728395062,371
9335,2,2,0,1.1496296296296296,373
9336,0,0,0,1.1497530864197532,373
9337,0,0,0,1.1498765432098765,373
9338,0,0,0,1.15,373
9339,0,0,0,1.1501234567901235,373
9340,0,0,0,1.1502469135802469,373
9341,0,0,0,1.1503703703703703,373
9342,0,0,0,1.1504938271604939,373
9343,0,0,0,1.1506172839506172,373
9344,0,0,0,1.1507407407407408,373
9345,0,0,0,1.1508641975308642,373
9346,0,0,0,1.1509876543209876,373
9347,0,0,0,1.1511111111111112,373
9348,0,0,0,1.1512345679012346,373
9349,0,0,0,1.151358024691358,373
9350,0,0,0,1.1514814814814816,373
9351,0,0,0,1.151604938271605,373
9352,0,0,0,1.1517283950617283,373
9353,0,0,0,1.151851851851852,373
9354,1,1,0,1.1519753086419753,374
9355,0,0,0,1.1520987654320987,374
9356,0,0,0,1.1522222222222223,374
9357,0,0,0,1.1523456790123456,374
9358,0,0,0,1.1524691358024692,374
9359,0,0,0,1.1525925925925926,374
9360,0,0,0,1.152716049382716,374
9361,0,0,0,1.1528395061728396,374
9362,0,0,0,1.152962962962963,374
9363,0,0,0,1.1530864197530863,374
9364,0,0,0,1.15320987654321,374
9365,0,0,0,1.1533333333333333,374
9366,0,0,0,1.1534567901234567,374
9367,0,0,0,1.1535802469135803,374
9368,2,2,0,1.1537037037037037,376
9369,0,0,0,1.153827160493827,376
9370,0,0,0,1.1539506172839507,376
9371,0,0,0,1.154074074074074,376
9372,0,0,0,1.1541975308641976,376
9373,0,0,0,1.154320987654321,376
9374,0,0,0,1.1544444444444444,376
9375,0,0,0,1.154567901234568,376
9376,0,0,0,1.1546913580246914,376
9377,0,0,0,1.1548148148148147,376
9378,0,0,0,1.1549382716049383,376
9379,0,0,0,1.1550617283950617,376
9380,1,1,0,1.155185185185185,377
9381,0,0,0,1.1553086419753087,377
9382,1,1,0,1.155432098765432,378
9383,0,0,0,1.1555555555555554,378
9384,0,0,0,1.155679012345679,378
9385,0,0,0,1.1558024691358024,378
9386,0,0,0,1.155925925925926,378
9387,0,0,0,1.1560493827160494,378
9388,0,0,0,1.1561728395061728,378
9389,0,0,0,1.1562962962962964,378
9390,0,0,0,1.1564197530864198,378
9391,0,0,0,1.1565432098765431,378
9392,0,0,0,1.1566666666666667,378
9393,0,0,0,1.15679012345679,378
9394,0,0,0,1.1569135802469135,378
9395,0,0,0,1.157037037037037,378
9396,0,0,0,1.1571604938271605,378
9397,0,0,0,1.1572839506172838,378
9398,0,0,0,1.1574074074074074,378
9399,0,0,0,1.1575308641975308,378
9400,0,0,0,1.1576543209876544,378
9401,0,0,0,1.1577777777777778,378
9402,0,0,0,1.1579012345679012,378
9403,0,0,0,1.1580246913580248,378
9404,0,0,0,1.1581481481481481,378
9405,0,0,0,1.1582716049382715,378
9406,0,0,0,1.1583950617283951,378
9407,0,0,0,1.1585185185185185,378
9408,0,0,0,1.1586419753086419,378
9409,0,0,0,1.1587654320987655,378
9410,0,0,0,1.1588888888888889,378
9411,2,2,0,1.1590123456790122,380
9412,0,0,0,1.1591358024691358,380
9413,0,0,0,1.1592592592592592,380
9414,0,0,0,1.1593827160493828,380
9415,0,0,0,1.1595061728395062,380
9416,0,0,0,1.1596296296296296,380
9417,0,0,0,1.1597530864197532,380
9418,0,0,0,1.1598765432098765,380
9419,1,1,0,1.16,381
9420,0,0,0,1.1601234567901235,381
9421,0,0,0,1.160246913580247,381
9422,1,1,1,1.160246913580247,382
9423,0,0,0,1.1603703703703703,382
9424,0,0,0,1.1604938271604939,382
9425,0,0,0,1.1606172839506173,382
9426,0,0,0,1.1607407407407409,382
9427,0,0,0,1.1608641975308642,382
9428,1,1,0,1.1609876543209876,383
9429,0,0,0,1.1611111111111112,383
9430,0,0,0,1.1612345679012346,383
9431,0,0,0,1.161358024691358,383
9432,0,0,0,1.1614814814814816,383
9433,0,0,0,1.161604938271605,383
9434,3,3,0,1.1617283950617283,386
9435,0,0,0,1.161851851851852,386
9436,0,0,0,1.1619753086419753,386
9437,0,0,0,1.1620987654320987,386
9438,0,0,0,1.1622222222222223,386
9439,0,0,0,1.1623456790123456,386
9440,1,1,0,1.1624691358024692,387
9441,0,0,0,1.1625925925925926,387
9442,0,0,0,1.162716049382716,387
9443,0,0,0,1.1628395061728396,387
9444,0,0,0,1.162962962962963,387
9445,0,0,0,1.1630864197530864,387
9446,0,0,0,1.16320987654321,387
9447,0,0,0,1.1633333333333333,387
9448,0,0,0,1.1634567901234567,387
9449,0,0,0,1.1635802469135803,387
9450,0,0,0,1.1637037037037037,387
9451,1,1,0,1.163827160493827,388
9452,0,0,0,1.1639506172839507,388
9453,0,0,0,1.164074074074074,388
9454,0,0,0,1.1641975308641976,388
9455,0,0,0,1.164320987654321,388
9456,0,0,0,1.1644444444444444,388
9457,0,0,0,1.164567901234568,388
9458,0,0,0,1.1646913580246914,388
9459,0,0,0,1.1648148148148147,388
9460,0,0,0,1.1649382716049383,388
9461,0,0,0,1.1650617283950617,388
9462,0,0,0,1.165185185185185,388
9463,0,0,0,1.1653086419753087,388
9464,0,0,0,1.165432098765432,388
9465,0,0,0,1.1655555555555555,388
9466,0,0,0,1.165679012345679,388
9467,0,0,0,1.1658024691358024,388
9468,0,0,0,1.165925925925926,388
9469,0,0,0,1.1660493827160494,388
9470,0,0,0,1.1661728395061728,388
9471,0,0,0,1.1662962962962964,388
9472,0,0,0,1.1664197530864198,388
9473,0,0,0,1.1665432098765431,388
9474,0,0,0,1.1666666666666667,388
9475,0,0,0,1.1667901234567901,388
9476,0,0,0,1.1669135802469135,388
9477,0,0,0,1.167037037037037,388
9478,0,0,0,1.1671604938271605,388
9479,0,0,0,1.1672839506172838,388
9480,0,0,0,1.1674074074074074,388
9481,3,3,0,1.1675308641975308,391
9482,0,0,0,1.1676543209876544,391
9483,0,0,0,1.1677777777777778,391
9484,0,0,0,1.1679012345679012,391
9485,1,1,0,1.1680246913580248,392
9486,0,0,0,1.1681481481481482,392
9487,0,0,0,1.1682716049382715,392
9488,0,0,0,1.1683950617283951,392
9489,0,0,0,1.1685185185185185,392
9490,0,0,0,1.168641975308642,392
9491,0,0,0,1.1687654320987655,392
9492,0,0,0,1.1688888888888889,392
9493,0,0,0,1.1690123456790122,392
9494,0,0,0,1.1691358024691358,392
9495,0,0,0,1.1692592592592592,392
9496,0,0,0,1.1693827160493828,392
9497,0,0,0,1.1695061728395062,392
9498,0,0,0,1.1696296296296296,392
9499,0,0,0,1.1697530864197532,392
9500,0,0,0,1.1698765432098766,392
9501,0,0,0,1.17,392
9502,0,0,0,1.1701234567901235,392
9503,0,0,0,1.170246913580247,392
9504,0,0,0,1.1703703703703703,392
9505,0,0,0,1.1704938271604939,392
9506,0,0,0,1.1706172839506173,392
9507,0,0,0,1.1707407407407406,392
9508,0,0,0,1.1708641975308642,392
9509,0,0,0,1.1709876543209876,392
9510,0,0,0,1.1711111111111112,392
9511,0,0,0,1.1712345679012346,392
9512,0,0,0,1.171358024691358,392
9513,0,0,0,1.1714814814814816,392
9514,0,0,0,1.171604938271605,392
9515,0,0,0,1.1717283950617283,392
9516,0,0,0,1.171851851851852,392
9517,0,0,0,1.1719753086419753,392
9518,0,0,0,1.1720987654320987,392
9519,0,0,0,1.1722222222222223,392
9520,0,0,0,1.1723456790123457,392
9521,0,0,0,1.172469135802469,392
9522,0,0,0,1.1725925925925926,392
9523,0,0,0,1.172716049382716,392
9524,0,0,0,1.1728395061728396,392
9525,0,0,0,1.172962962962963,392
9526,0,0,0,1.1730864197530864,392
9527,0,0,0,1.17320987654321,392
9528,0,0,0,1.1733333333333333,392
9529,0,0,0,1.1734567901234567,392
9530,0,0,0,1.1735802469135803,392
9531,0,0,0,1.1737037037037037,392
9532,0,0,0,1.173827160493827,392
9533,0,0,0,1.1739506172839507,392
9534,0,0,0,1.174074074074074,392
9535,0,0,0,1.1741975308641974,392
9536,0,0,0,1.174320987654321,392
9537,0,0,0,1.1744444444444444,392
9538,0,0,0,1.174567901234568,392
9539,0,0,0,1.1746913580246914,392
9540,0,0,0,1.1748148148148148,392
9541,0,0,0,1.1749382716049384,392
9542,1,1,0,1.1750617283950617,393
9543,0,0,0,1.175185185185185,393
9544,0,0,0,1.1753086419753087,393
9545,0,0,0,1.175432098765432,393
9546,2,2,0,1.1755555555555555,395
9547,0,0,0,1.175679012345679,395
9548,0,0,0,1.1758024691358024,395
9549,0,0,0,1.1759259259259258,395
9550,0,0,0,1.1760493827160494,395
9551,0,0,0,1.1761728395061728,395
9552,0,0,0,1.1762962962962964,395
9553,0,0,0,1.1764197530864198,395
9554,0,0,0,1.1765432098765432,395
9555,0,0,0,1.1766666666666667,395
9556,5,5,0,1.1767901234567901,400
9557,0,0,0,1.1769135802469135,400
9558,0,0,0,1.177037037037037,400
9559,0,0,0,1.1771604938271605,400
9560,0,0,0,1.1772839506172839,400
9561,0,0,0,1.1774074074074075,400
9562,0,0,0,1.1775308641975308,400
9563,0,0,0,1.1776543209876542,400
9564,0,0,0,1.1777777777777778,400
9565,0,0,0,1.1779012345679012,400
9566,0,0,0,1.1780246913580248,400
9567,0,0,0,1.1781481481481482,400
9568,0,0,0,1.1782716049382715,400
9569,0,0,0,1.1783950617283951,400
9570,0,0,0,1.1785185185185185,400
9571,0,0,0,1.178641975308642,400
9572,0,0,0,1.1787654320987655,400
9573,0,0,0,1.1788888888888889,400
9574,0,0,0,1.1790123456790123,400
9575,0,0,0,1.1791358024691359,400
9576,0,0,0,1.1792592592592592,400
9577,0,0,0,1.1793827160493826,400
9578,0,0,0,1.1795061728395062,400
9579,0,0,0,1.1796296296296296,400
9580,0,0,0,1.1797530864197532,400
9581,0,0,0,1.1798765432098766,400
9582,0,0,0,1.18,400
9583,0,0,0,1.1801234567901235,400
9584,2,2,0,1.180246913580247,402
9585,1,1,0,1.1803703703703703,403
9586,0,0,0,1.180493827160494,403
9587,0,0,0,1.1806172839506173,403
9588,0,0,0,1.1807407407407406,403
9589,0,0,0,1.1808641975308642,403
9590,1,1,0,1.1809876543209876,404
9591,0,0,0,1.181111111111111,404
9592,0,0,0,1.1812345679012346,404
9593,0,0,0,1.181358024691358,404
9594,0,0,0,1.1814814814814816,404
9595,0,0,0,1.181604938271605,404
9596,0,0,0,1.1817283950617283,404
9597,0,0,0,1.181851851851852,404
9598,0,0,0,1.1819753086419753,404
9599,0,0,0,1.1820987654320987,404
9600,0,0,0,1.1822222222222223,404
9601,0,0,0,1.1823456790123457,404
9602,0,0,0,1.182469135802469,404
9603,0,0,0,1.1825925925925926,404
9604,0,0,0,1.182716049382716,404
9605,0,0,0,1.1828395061728396,404
9606,0,0,0,1.182962962962963,404
9607,0,0,0,1.1830864197530864,404
9608,0,0,0,1.18320987654321,404
9609,0,0,0,1.1833333333333333,404
9610,1,1,0,1.1834567901234567,405
9611,0,0,0,1.1835802469135803,405
9612,0,0,0,1.1837037037037037,405
9613,1,1,0,1.183827160493827,406
9614,0,0,0,1.1839506172839507,406
9615,0,0,0,1.184074074074074,406
9616,0,0,0,1.1841975308641974,406
9617,0,0,0,1.184320987654321,406
9618,0,0,0,1.1844444444444444,406
9619,0,0,0,1.184567901234568,406
9620,0,0,0,1.1846913580246914,406
9621,0,0,0,1.1848148148148148,406
9622,0,0,0,1.1849382716049384,406
9623,0,0,0,1.1850617283950617,406
9624,0,0,0,1.1851851851851851,406
9625,1,1,0,1.1853086419753087,407
9626,0,0,0,1.185432098765432,407
9627,0,0,0,1.1855555555555555,407
9628,0,0,0,1.185679012345679,407
9629,0,0,0,1.1858024691358025,407
9630,0,0,0,1.1859259259259258,407
9631,0,0,0,1.1860493827160494,407
9632,0,0,0,1.1861728395061728,407
9633,0,0,0,1.1862962962962964,407
9634,1,1,0,1.1864197530864198,408
9635,0,0,0,1.1865432098765432,408
9636,0,0,0,1.1866666666666668,408
9637,0,0,0,1.1867901234567901,408
9638,0,0,0,1.1869135802469135,408
9639,0,0,0,1.1870370370370371,408
9640,0,0,0,1.1871604938271605,408
9641,0,0,0,1.1872839506172839,408
9642,0,0,0,1.1874074074074075,408
9643,0,0,0,1.1875308641975308,408
9644,0,0,0,1.1876543209876542,408
9645,0,0,0,1.1877777777777778,408
9646,0,0,0,1.1879012345679012,408
9647,0,0,0,1.1880246913580248,408
9648,0,0,0,1.1881481481481482,408
9649,0,0,0,1.1882716049382716,408
9650,0,0,0,1.1883950617283952,408
9651,0,0,0,1.1885185185185185,408
9652,1,1,0,1.188641975308642,409
9653,4,4,0,1.1887654320987655,413
9654,0,0,0,1.1888888888888889,413
9655,0,0,0,1.1890123456790123,413
9656,0,0,0,1.1891358024691359,413
9657,0,0,0,1.1892592592592592,413
9658,1,1,1,1.1892592592592592,414
9659,0,0,0,1.1893827160493826,414
9660,0,0,0,1.1895061728395062,414
9661,0,0,0,1.1896296296296296,414
9662,0,0,0,1.1897530864197532,414
9663,0,0,0,1.1898765432098766,414
9664,1,1,0,1.19,415
9665,4,4,0,1.1901234567901235,419
9666,0,0,0,1.190246913580247,419
9667,0,0,0,1.1903703703703703,419
9668,0,0,0,1.190493827160494,419
9669,0,0,0,1.1906172839506173,419
9670,0,0,0,1.1907407407407407,419
9671,1,1,0,1.1908641975308643,420
9672,0,0,0,1.1909876543209876,420
9673,0,0,0,1.191111111111111,420
9674,0,0,0,1.1912345679012346,420
9675,0,0,0,1.191358024691358,420
9676,0,0,0,1.1914814814814816,420
9677,0,0,0,1.191604938271605,420
9678,0,0,0,1.1917283950617283,420
9679,0,0,0,1.191851851851852,420
9680,0,0,0,1.1919753086419753,420
9681,0,0,0,1.1920987654320987,420
9682,1,1,0,1.1922222222222223,421
9683,0,0,0,1.1923456790123457,421
9684,0,0,0,1.192469135802469,421
9685,0,0,0,1.1925925925925926,421
9686,0,0,0,1.192716049382716,421
9687,0,0,0,1.1928395061728394,421
9688,0,0,0,1.192962962962963,421
9689,0,0,0,1.1930864197530864,421
9690,0,0,0,1.19320987654321,421
9691,0,0,0,1.1933333333333334,421
9692,0,0,0,1.1934567901234567,421
9693,0,0,0,1.1935802469135803,421
9694,0,0,0,1.1937037037037037,421
9695,0,0,0,1.193827160493827,421
9696,1,1,0,1.1939506172839507,422
9697,0,0,0,1.194074074074074,422
9698,0,0,0,1.1941975308641974,422
9699,0,0,0,1.194320987654321,422
9700,0,0,0,1.1944444444444444,422
9701,0,0,0,1.1945679012345678,422
9702,0,0,0,1.1946913580246914,422
9703,0,0,0,1.1948148148148148,422
9704,0,0,0,1.1949382716049384,422
9705,0,0,0,1.1950617283950618,422
9706,0,0,0,1.1951851851851851,422
9707,0,0,0,1.1953086419753087,422
9708,0,0,0,1.195432098765432,422
9709,0,0,0,1.1955555555555555,422
9710,0,0,0,1.195679012345679,422
9711,0,0,0,1.1958024691358025,422
9712,0,0,0,1.1959259259259258,422
9713,0,0,0,1.1960493827160494,422
9714,0,0,0,1.1961728395061728,422
9715,0,0,0,1.1962962962962962,422
9716,0,0,0,1.1964197530864198,422
9717,0,0,0,1.1965432098765432,422
9718,0,0,0,1.1966666666666668,422
9719,0,0,0,1.1967901234567901,422
9720,0,0,0,1.1969135802469135,422
9721,0,0,0,1.1970370370370371,422
9722,0,0,0,1.1971604938271605,422
9723,0,0,0,1.1972839506172839,422
9724,0,0,0,1.1974074074074075,422
9725,0,0,0,1.1975308641975309,422
9726,0,0,0,1.1976543209876542,422
9727,0,0,0,1.1977777777777778,422
9728,1,1,0,1.1979012345679012,423
9729,0,0,0,1.1980246913580246,423
9730,0,0,0,1.1981481481481482,423
9731,0,0,0,1.1982716049382716,423
9732,1,1,0,1.1983950617283952,424
9733,0,0,0,1.1985185185185185,424
9734,0,0,0,1.198641975308642,424
9735,0,0,0,1.1987654320987655,424
9736,0,0,0,1.198888888888889,424
9737,0,0,0,1.1990123456790123,424
9738,0,0,0,1.1991358024691359,424
9739,0,0,0,1.1992592592592592,424
9740,0,0,0,1.1993827160493826,424
9741,0,0,0,1.1995061728395062,424
9742,0,0,0,1.1996296296296296,424
9743,0,0,0,1.199753086419753,424
9744,0,0,0,1.1998765432098766,424
9745,0,0,0,1.2,424
9746,0,0,0,1.2001234567901236,424
9747,0,0,0,1.200246913580247,424
9748,0,0,0,1.2003703703703703,424
9749,0,0,0,1.200493827160494,424
9750,0,0,0,1.2006172839506173,424
9751,0,0,0,1.2007407407407407,424
9752,0,0,0,1.2008641975308643,424
9753,0,0,0,1.2009876543209876,424
9754,0,0,0,1.201111111111111,424
9755,0,0,0,1.2012345679012346,424
9756,3,3,0,1.201358024691358,427
9757,0,0,0,1.2014814814814814,427
9758,0,0,0,1.201604938271605,427
9759,0,0,0,1.2017283950617283,427
9760,0,0,0,1.201851851851852,427
9761,0,0,0,1.2019753086419753,427
9762,0,0,0,1.2020987654320987,427
9763,0,0,0,1.2022222222222223,427
9764,0,0,0,1.2023456790123457,427
9765,0,0,0,1.202469135802469,427
9766,0,0,0,1.2025925925925927,427
9767,0,0,0,1.202716049382716,427
9768,0,0,0,1.2028395061728394,427
9769,1,1,0,1.202962962962963,428
9770,0,0,0,1.2030864197530864,428
9771,0,0,0,1.2032098765432098,428
9772,0,0,0,1.2033333333333334,428
9773,0,0,0,1.2034567901234567,428
9774,1,1,0,1.2035802469135803,429
9775,0,0,0,1.2037037037037037,429
9776,0,0,0,1.203827160493827,429
9777,0,0,0,1.2039506172839507,429
9778,0,0,0,1.204074074074074,429
9779,1,1,0,1.2041975308641975,430
9780,0,0,0,1.204320987654321,430
9781,0,0,0,1.2044444444444444,430
9782,0,0,0,1.2045679012345678,430
9783,0,0,0,1.2046913580246914,430
9784,0,0,0,1.2048148148148148,430
9785,0,0,0,1.2049382716049384,430
9786,0,0,0,1.2050617283950618,430
9787,0,0,0,1.2051851851851851,430
9788,0,0,0,1.2053086419753087,430
9789,0,0,0,1.2054320987654321,430
9790,1,1,0,1.2055555555555555,431
9791,0,0,0,1.205679012345679,431
9792,0,0,0,1.2058024691358025,431
9793,0,0,0,1.2059259259259258,431
9794,0,0,0,1.2060493827160494,431
9795,0,0,0,1.2061728395061728,431
9796,0,0,0,1.2062962962962962,431
9797,0,0,0,1.2064197530864198,431
9798,0,0,0,1.2065432098765432,431
9799,0,0,0,1.2066666666666668,431
9800,0,0,0,1.2067901234567902,431
9801,0,0,0,1.2069135802469135,431
9802,0,0,0,1.2070370370370371,431
9803,0,0,0,1.2071604938271605,431
9804,0,0,0,1.2072839506172839,431
9805,0,0,0,1.2074074074074075,431
9806,0,0,0,1.2075308641975309,431
9807,0,0,0,1.2076543209876542,431
9808,0,0,0,1.2077777777777778,431
9809,0,0,0,1.2079012345679012,431
9810,0,0,0,1.2080246913580246,431
9811,0,0,0,1.2081481481481482,431
9812,0,0,0,1.2082716049382716,431
9813,0,0,0,1.2083950617283952,431
9814,0,0,0,1.2085185185185185,431
9815,0,0,0,1.208641975308642,431
9816,0,0,0,1.2087654320987655,431
9817,0,0,0,1.208888888888889,431
9818,0,0,0,1.2090123456790123,431
9819,0,0,0,1.2091358024691359,431
9820,1,1,0,1.2092592592592593,432
9821,1,1,1,1.2092592592592593,433
9822,0,0,0,1.2093827160493826,433
9823,0,0,0,1.2095061728395062,433
9824,0,0,0,1.2096296296296296,433
9825,2,2,0,1.209753086419753,435
9826,0,0,0,1.2098765432098766,435
9827,0,0,0,1.21,435
9828,0,0,0,1.2101234567901236,435
9829,0,0,0,1.210246913580247,435
9830,0,0,0,1.2103703703703703,435
9831,0,0,0,1.210493827160494,435
9832,0,0,0,1.2106172839506173,435
9833,0,0,0,1.2107407407407407,435
9834,0,0,0,1.2108641975308643,435
9835,0,0,0,1.2109876543209876,435
9836,0,0,0,1.211111111111111,435
9837,1,1,0,1.2112345679012346,436
9838,0,0,0,1.211358024691358,436
9839,2,2,0,1.2114814814814814,438
9840,0,0,0,1.211604938271605,438
9841,0,0,0,1.2117283950617284,438
9842,7,7,0,1.211851851851852,445
9843,1,1,0,1.2119753086419753,446
9844,1,1,0,1.2120987654320987,447
9845,0,0,0,1.2122222222222223,447
9846,1,1,0,1.2123456790123457,448
9847,1,1,0,1.212469135802469,449
9848,0,0,0,1.2125925925925927,449
9849,0,0,0,1.212716049382716,449
9850,2,2,0,1.2128395061728394,451
9851,0,0,0,1.212962962962963,451
9852,0,0,0,1.2130864197530864,451
9853,0,0,0,1.2132098765432098,451
9854,0,0,0,1.2133333333333334,451
9855,0,0,0,1.2134567901234568,451
9856,0,0,0,1.2135802469135804,451
9857,1,1,0,1.2137037037037037,452
9858,0,0,0,1.213827160493827,452
9859,0,0,0,1.2139506172839507,452
9860,0,0,0,1.214074074074074,452
9861,0,0,0,1.2141975308641975,452
9862,0,0,0,1.214320987654321,452
9863,0,0,0,1.2144444444444444,452
9864,0,0,0,1.2145679012345678,452
9865,1,1,0,1.2146913580246914,453
9866,0,0,0,1.2148148148148148,453
9867,0,0,0,1.2149382716049382,453
9868,0,0,0,1.2150617283950618,453
9869,0,0,0,1.2151851851851851,453
9870,0,0,0,1.2153086419753087,453
9871,0,0,0,1.2154320987654321,453
9872,1,1,0,1.2155555555555555,454
9873,0,0,0,1.215679012345679,454
9874,0,0,0,1.2158024691358025,454
9875,0,0,0,1.2159259259259259,454
9876,0,0,0,1.2160493827160495,454
9877,0,0,0,1.2161728395061728,454
9878,0,0,0,1.2162962962962962,454
9879,0,0,0,1.2164197530864198,454
9880,0,0,0,1.2165432098765432,454
9881,0,0,0,1.2166666666666666,454
9882,0,0,0,1.2167901234567902,454
9883,0,0,0,1.2169135802469135,454
9884,0,0,0,1.2170370370370371,454
9885,0,0,0,1.2171604938271605,454
9886,1,1,0,1.217283950617284,455
9887,0,0,0,1.2174074074074075,455
9888,0,0,0,1.2175308641975309,455
9889,0,0,0,1.2176543209876542,455
9890,0,0,0,1.2177777777777778,455
9891,0,0,0,1.2179012345679012,455
9892,1,1,0,1.2180246913580246,456
9893,0,0,0,1.2181481481481482,456
9894,0,0,0,1.2182716049382716,456
9895,0,0,0,1.218395061728395,456
9896,0,0,0,1.2185185185185186,456
9897,0,0,0,1.218641975308642,456
9898,0,0,0,1.2187654320987655,456
9899,0,0,0,1.218888888888889,456
9900,0,0,0,1.2190123456790123,456
9901,0,0,0,1.2191358024691359,456
9902,0,0,0,1.2192592592592593,456
9903,0,0,0,1.2193827160493826,456
9904,2,2,0,1.2195061728395062,458
9905,0,0,0,1.2196296296296296,458
9906,0,0,0,1.219753086419753,458
9907,0,0,0,1.2198765432098766,458
9908,0,0,0,1.22,458
9909,0,0,0,1.2201234567901234,458
9910,0,0,0,1.220246913580247,458
9911,2,2,0,1.2203703703703703,460
9912,0,0,0,1.220493827160494,460
9913,0,0,0,1.2206172839506173,460
9914,0,0,0,1.2207407407407407,460
9915,0,0,0,1.2208641975308643,460
9916,0,0,0,1.2209876543209877,460
9917,0,0,0,1.221111111111111,460
9918,0,0,0,1.2212345679012346,460
9919,0,0,0,1.221358024691358,460
9920,0,0,0,1.2214814814814814,460
9921,1,1,0,1.221604938271605,461
9922,0,0,0,1.2217283950617284,461
9923,0,0,0,1.2218518518518517,461
9924,0,0,0,1.2219753086419753,461
9925,0,0,0,1.2220987654320987,461
9926,0,0,0,1.2222222222222223,461
9927,1,1,1,1.2222222222222223,462
9928,1,1,0,1.2223456790123457,463
9929,0,0,0,1.222469135802469,463
9930,0,0,0,1.2225925925925927,463
9931,0,0,0,1.222716049382716,463
9932,0,0,0,1.2228395061728394,463
9933,0,0,0,1.222962962962963,463
9934,0,0,0,1.2230864197530864,463
9935,0,0,0,1.2232098765432098,463
9936,3,3,0,1.2233333333333334,466
9937,0,0,0,1.2234567901234568,466
9938,0,0,0,1.2235802469135801,466
9939,0,0,0,1.2237037037037037,466
9940,0,0,0,1.2238271604938271,466
9941,2,2,0,1.2239506172839507,468
9942,0,0,0,1.224074074074074,468
9943,1,1,0,1.2241975308641975,469
9944,0,0,0,1.224320987654321,469
9945,0,0,0,1.2244444444444444,469
9946,0,0,0,1.2245679012345678,469
9947,0,0,0,1.2246913580246914,469
9948,0,0,0,1.2248148148148148,469
9949,0,0,0,1.2249382716049382,469
9950,0,0,0,1.2250617283950618,469
9951,0,0,0,1.2251851851851852,469
9952,0,0,0,1.2253086419753085,469
9953,0,0,0,1.2254320987654321,469
9954,0,0,0,1.2255555555555555,469
9955,0,0,0,1.225679012345679,469
9956,0,0,0,1.2258024691358025,469
9957,0,0,0,1.2259259259259259,469
9958,0,0,0,1.2260493827160495,469
9959,0,0,0,1.2261728395061728,469
9960,0,0,0,1.2262962962962962,469
9961,0,0,0,1.2264197530864198,469
9962,0,0,0,1.2265432098765432,469
9963,0,0,0,1.2266666666666666,469
9964,0,0,0,1.2267901234567902,469
9965,0,0,0,1.2269135802469135,469
9966,0,0,0,1.227037037037037,469
9967,0,0,0,1.2271604938271605,469
9968,0,0,0,1.227283950617284,469
9969,0,0,0,1.2274074074074075,469
9970,0,0,0,1.2275308641975309,469
9971,0,0,0,1.2276543209876543,469
9972,0,0,0,1.2277777777777779,469
9973,0,0,0,1.2279012345679012,469
9974,0,0,0,1.2280246913580246,469
9975,0,0,0,1.2281481481481482,469
9976,0,0,0,1.2282716049382716,469
9977,0,0,0,1.228395061728395,469
9978,1,1,0,1.2285185185185186,470
9979,0,0,0,1.228641975308642,470
9980,0,0,0,1.2287654320987655,470
9981,0,0,0,1.228888888888889,470
9982,1,1,0,1.2290123456790123,471
9983,0,0,0,1.229135802469136,471
9984,0,0,0,1.2292592592592593,471
9985,0,0,0,1.2293827160493827,471
9986,0,0,0,1.2295061728395063,471
9987,0,0,0,1.2296296296296296,471
9988,0,0,0,1.229753086419753,471
9989,0,0,0,1.2298765432098766,471
9990,0,0,0,1.23,471
9991,0,0,0,1.2301234567901234,471
9992,0,0,0,1.230246913580247,471
9993,0,0,0,1.2303703703703703,471
9994,0,0,0,1.230493827160494,471
9995,0,0,0,1.2306172839506173,471
9996,1,1,0,1.2307407407407407,472
9997,0,0,0,1.2308641975308643,472
9998,0,0,0,1.2309876543209877,472
9999,0,0,0,1.231111111111111,472
10000,0,0,0,1.2312345679012346,472
10001,1,1,0,1.231358024691358,473
10002,0,0,0,1.2314814814814814,473
10003,0,0,0,1.231604938271605,473
10004,0,0,0,1.2317283950617284,473
10005,0,0,0,1.2318518518518518,473
10006,0,0,0,1.2319753086419754,473
10007,0,0,0,1.2320987654320987,473
10008,0,0,0,1.2322222222222223,473
10009,0,0,0,1.2323456790123457,473
10010,0,0,0,1.232469135802469,473
10011,0,0,0,1.2325925925925927,473
10012,0,0,0,1.232716049382716,473
10013,0,0,0,1.2328395061728394,473
10014,0,0,0,1.232962962962963,473
10015,0,0,0,1.2330864197530864,473
10016,0,0,0,1.2332098765432098,473
10017,0,0,0,1.2333333333333334,473
10018,6,6,0,1.2334567901234568,479
10019,0,0,0,1.2335802469135801,479
10020,0,0,0,1.2337037037037037,479
10021,0,0,0,1.2338271604938271,479
10022,0,0,0,1.2339506172839507,479
10023,1,1,0,1.234074074074074,480
10024,0,0,0,1.2341975308641975,480
10025,0,0,0,1.234320987654321,480
10026,0,0,0,1.2344444444444445,480
10027,3,3,0,1.2345679012345678,483
10028,0,0,0,1.2346913580246914,483
10029,0,0,0,1.2348148148148148,483
10030,0,0,0,1.2349382716049382,483
10031,0,0,0,1.2350617283950618,483
10032,1,1,0,1.2351851851851852,484
10033,0,0,0,1.2353086419753085,484
10034,0,0,0,1.2354320987654321,484
10035,0,0,0,1.2355555555555555,484
10036,0,0,0,1.2356790123456791,484
10037,4,4,0,1.2358024691358025,488
10038,0,0,0,1.2359259259259259,488
10039,0,0,0,1.2360493827160495,488
10040,0,0,0,1.2361728395061728,488
10041,0,0,0,1.2362962962962962,488
10042,0,0,0,1.2364197530864198,488
10043,0,0,0,1.2365432098765432,488
10044,0,0,0,1.2366666666666666,488
10045,0,0,0,1.2367901234567902,488
10046,1,1,0,1.2369135802469136,489
10047,0,0,0,1.237037037037037,489
10048,0,0,0,1.2371604938271605,489
10049,0,0,0,1.237283950617284,489
10050,0,0,0,1.2374074074074075,489
10051,0,0,0,1.2375308641975309,489
10052,0,0,0,1.2376543209876543,489
10053,0,0,0,1.2377777777777779,489
10054,0,0,0,1.2379012345679012,489
10055,0,0,0,1.2380246913580246,489
10056,0,0,0,1.2381481481481482,489
10057,0,0,0,1.2382716049382716,489
10058,0,0,0,1.238395061728395,489
10059,0,0,0,1.2385185185185186,489
10060,0,0,0,1.238641975308642,489
10061,0,0,0,1.2387654320987653,489
10062,0,0,0,1.238888888888889,489
10063,1,1,0,1.2390123456790123,490
10064,1,1,0,1.239135802469136,491
10065,0,0,0,1.2392592592592593,491
10066,0,0,0,1.2393827160493827,491
10067,0,0,0,1.2395061728395063,491
10068,0,0,0,1.2396296296296296,491
10069,0,0,0,1.239753086419753,491
10070,0,0,0,1.2398765432098766,491
10071,0,0,0,1.24,491
10072,0,0,0,1.2401234567901234,491
10073,0,0,0,1.240246913580247,491
10074,0,0,0,1.2403703703703703,491
10075,0,0,0,1.2404938271604937,491
10076,0,0,0,1.2406172839506173,491
10077,0,0,0,1.2407407407407407,491
10078,0,0,0,1.2408641975308643,491
10079,1,1,0,1.2409876543209877,492
10080,0,0,0,1.241111111111111,492
10081,0,0,0,1.2412345679012347,492
10082,0,0,0,1.241358024691358,492
10083,1,1,0,1.2414814814814814,493
10084,0,0,0,1.241604938271605,493
10085,0,0,0,1.2417283950617284,493
10086,0,0,0,1.2418518518518518,493
10087,0,0,0,1.2419753086419754,493
10088,0,0,0,1.2420987654320987,493
10089,0,0,0,1.2422222222222221,493
10090,0,0,0,1.2423456790123457,493
10091,0,0,0,1.242469135802469,493
10092,0,0,0,1.2425925925925927,493
10093,0,0,0,1.242716049382716,493
10094,0,0,0,1.2428395061728394,493
10095,0,0,0,1.242962962962963,493
10096,4,4,0,1.2430864197530864,497
10097,0,0,0,1.2432098765432098,497
10098,0,0,0,1.2433333333333334,497
10099,0,0,0,1.2434567901234568,497
10100,0,0,0,1.2435802469135802,497
10101,0,0,0,1.2437037037037038,497
10102,0,0,0,1.2438271604938271,497
10103,0,0,0,1.2439506172839505,497
10104,0,0,0,1.244074074074074,497
10105,0,0,0,1.2441975308641975,497
10106,0,0,0,1.244320987654321,497
10107,0,0,0,1.2444444444444445,497
10108,0,0,0,1.2445679012345678,497
10109,0,0,0,1.2446913580246914,497
10110,0,0,0,1.2448148148148148,497
10111,0,0,0,1.2449382716049382,497
10112,0,0,0,1.2450617283950618,497
10113,0,0,0,1.2451851851851852,497
10114,1,1,0,1.2453086419753086,498
10115,1,1,0,1.2454320987654321,499
10116,0,0,0,1.2455555555555555,499
10117,0,0,0,1.245679012345679,499
10118,0,0,0,1.2458024691358025,499
10119,0,0,0,1.2459259259259259,499
10120,0,0,0,1.2460493827160495,499
10121,0,0,0,1.2461728395061729,499
10122,0,0,0,1.2462962962962962,499
10123,0,0,0,1.2464197530864198,499
10124,0,0,0,1.2465432098765432,499
10125,0,0,0,1.2466666666666666,499
10126,0,0,0,1.2467901234567902,499
10127,0,0,0,1.2469135802469136,499
10128,0,0,0,1.247037037037037,499
10129,0,0,0,1.2471604938271605,499
10130,0,0,0,1.247283950617284,499
10131,1,1,0,1.2474074074074073,500
10132,2,2,0,1.247530864197531,502
10133,0,0,0,1.2476543209876543,502
10134,0,0,0,1.2477777777777779,502
10135,0,0,0,1.2479012345679013,502
10136,2,2,0,1.2480246913580246,504
10137,0,0,0,1.2481481481481482,504
10138,0,0,0,1.2482716049382716,504
10139,0,0,0,1.248395061728395,504
10140,0,0,0,1.2485185185185186,504
10141,0,0,0,1.248641975308642,504
10142,0,0,0,1.2487654320987653,504
10143,0,0,0,1.248888888888889,504
10144,0,0,0,1.2490123456790123,504
10145,0,0,0,1.2491358024691357,504
10146,0,0,0,1.2492592592592593,504
10147,0,0,0,1.2493827160493827,504
10148,0,0,0,1.2495061728395063,504
10149,0,0,0,1.2496296296296296,504
10150,0,0,0,1.249753086419753,504
10151,0,0,0,1.2498765432098766,504
10152,0,0,0,1.25,504
10153,0,0,0,1.2501234567901234,504
10154,0,0,0,1.250246913580247,504
10155,0,0,0,1.2503703703703704,504
10156,0,0,0,1.2504938271604937,504
10157,0,0,0,1.2506172839506173,504
10158,0,0,0,1.2507407407407407,504
10159,0,0,0,1.2508641975308643,504
10160,2,2,0,1.2509876543209877,506
10161,0,0,0,1.251111111111111,506
10162,0,0,0,1.2512345679012347,506
10163,0,0,0,1.251358024691358,506
10164,0,0,0,1.2514814814814814,506
10165,0,0,0,1.251604938271605,506
10166,0,0,0,1.2517283950617284,506
10167,0,0,0,1.2518518518518518,506
10168,0,0,0,1.2519753086419754,506
10169,0,0,0,1.2520987654320987,506
10170,10,10,0,1.2522222222222221,516
10171,0,0,0,1.2523456790123457,516
10172,0,0,0,1.252469135802469,516
10173,0,0,0,1.2525925925925927,516
10174,0,0,0,1.252716049382716,516
10175,0,0,0,1.2528395061728395,516
10176,0,0,0,1.252962962962963,516
10177,0,0,0,1.2530864197530864,516
10178,0,0,0,1.2532098765432098,516
10179,0,0,0,1.2533333333333334,516
10180,0,0,0,1.2534567901234568,516
10181,0,0,0,1.2535802469135802,516
10182,0,0,0,1.2537037037037038,516
10183,0,0,0,1.2538271604938271,516
10184,0,0,0,1.2539506172839505,516
10185,1,1,0,1.2540740740740741,517
10186,0,0,0,1.2541975308641975,517
10187,0,0,0,1.254320987654321,517
10188,0,0,0,1.2544444444444445,517
10189,0,0,0,1.2545679012345679,517
10190,0,0,0,1.2546913580246914,517
10191,0,0,0,1.2548148148148148,517
10192,0,0,0,1.2549382716049382,517
10193,0,0,0,1.2550617283950618,517
10194,0,0,0,1.2551851851851852,517
10195,0,0,0,1.2553086419753086,517
10196,0,0,0,1.2554320987654322,517
10197,0,0,0,1.2555555555555555,517
10198,0,0,0,1.255679012345679,517
10199,0,0,0,1.2558024691358025,517
10200,0,0,0,1.255925925925926,517
10201,0,0,0,1.2560493827160495,517
10202,0,0,0,1.2561728395061729,517
10203,0,0,0,1.2562962962962962,517
10204,0,0,0,1.2564197530864198,517
10205,0,0,0,1.2565432098765432,517
10206,0,0,0,1.2566666666666666,517
10207,0,0,0,1.2567901234567902,517
10208,3,3,0,1.2569135802469136,520
10209,0,0,0,1.257037037037037,520
10210,2,2,0,1.2571604938271606,522
10211,0,0,0,1.257283950617284,522
10212,0,0,0,1.2574074074074073,522
10213,0,0,0,1.257530864197531,522
10214,0,0,0,1.2576543209876543,522
10215,0,0,0,1.2577777777777779,522
10216,0,0,0,1.2579012345679013,522
10217,0,0,0,1.2580246913580246,522
10218,2,2,0,1.2581481481481482,524
10219,0,0,0,1.2582716049382716,524
10220,0,0,0,1.258395061728395,524
10221,0,0,0,1.2585185185185186,524
10222,0,0,0,1.258641975308642,524
10223,0,0,0,1.2587654320987653,524
10224,0,0,0,1.258888888888889,524
10225,0,0,0,1.2590123456790123,524
10226,0,0,0,1.2591358024691357,524
10227,0,0,0,1.2592592592592593,524
10228,0,0,0,1.2593827160493827,524
10229,0,0,0,1.2595061728395063,524
10230,0,0,0,1.2596296296296297,524
10231,0,0,0,1.259753086419753,524
10232,0,0,0,1.2598765432098766,524
10233,0,0,0,1.26,524
10234,1,1,0,1.2601234567901234,525
10235,0,0,0,1.260246913580247,525
10236,0,0,0,1.2603703703703704,525
10237,2,2,0,1.2604938271604937,527
10238,0,0,0,1.2606172839506173,527
10239,0,0,0,1.2607407407407407,527
10240,0,0,0,1.260864197530864,527
10241,1,1,0,1.2609876543209877,528
10242,0,0,0,1.261111111111111,528
10243,0,0,0,1.2612345679012347,528
10244,0,0,0,1.261358024691358,528
10245,0,0,0,1.2614814814814814,528
10246,0,0,0,1.261604938271605,528
10247,0,0,0,1.2617283950617284,528
10248,0,0,0,1.2618518518518518,528
10249,0,0,0,1.2619753086419754,528
10250,0,0,0,1.2620987654320988,528
10251,0,0,0,1.2622222222222221,528
10252,0,0,0,1.2623456790123457,528
10253,1,1,0,1.2624691358024691,529
10254,0,0,0,1.2625925925925925,529
10255,0,0,0,1.262716049382716,529
10256,0,0,0,1.2628395061728395,529
10257,0,0,0,1.262962962962963,529
10258,0,0,0,1.2630864197530864,529
10259,0,0,0,1.2632098765432098,529
10260,0,0,0,1.2633333333333334,529
10261,0,0,0,1.2634567901234568,529
10262,0,0,0,1.2635802469135802,529
10263,0,0,0,1.2637037037037038,529
10264,0,0,0,1.2638271604938272,529
10265,2,2,0,1.2639506172839505,531
10266,4,4,0,1.2640740740740741,535
10267,0,0,0,1.2641975308641975,535
10268,1,1,0,1.2643209876543209,536
10269,1,1,0,1.2644444444444445,537
10270,0,0,0,1.2645679012345679,537
10271,1,1,0,1.2646913580246915,538
10272,0,0,0,1.2648148148148148,538
10273,0,0,0,1.2649382716049382,538
10274,0,0,0,1.2650617283950618,538
10275,0,0,0,1.2651851851851852,538
10276,0,0,0,1.2653086419753086,538
10277,0,0,0,1.2654320987654322,538
10278,0,0,0,1.2655555555555555,538
10279,3,3,0,1.265679012345679,541
10280,0,0,0,1.2658024691358025,541
10281,0,0,0,1.265925925925926,541
10282,0,0,0,1.2660493827160493,541
10283,0,0,0,1.2661728395061729,541
10284,0,0,0,1.2662962962962963,541
10285,0,0,0,1.2664197530864199,541
10286,0,0,0,1.2665432098765432,541
10287,0,0,0,1.2666666666666666,541
10288,0,0,0,1.2667901234567902,541
10289,0,0,0,1.2669135802469136,541
10290,0,0,0,1.267037037037037,541
10291,0,0,0,1.2671604938271606,541
10292,0,0,0,1.267283950617284,541
10293,4,4,0,1.2674074074074073,545
10294,0,0,0,1.267530864197531,545
10295,0,0,0,1.2676543209876543,545
10296,0,0,0,1.2677777777777777,545
10297,0,0,0,1.2679012345679013,545
10298,0,0,0,1.2680246913580246,545
10299,0,0,0,1.2681481481481482,545
10300,0,0,0,1.2682716049382716,545
10301,0,0,0,1.268395061728395,545
10302,0,0,0,1.2685185185185186,545
10303,0,0,0,1.268641975308642,545
10304,1,1,0,1.2687654320987654,546
10305,0,0,0,1.268888888888889,546
10306,0,0,0,1.2690123456790123,546
10307,0,0,0,1.2691358024691357,546
10308,0,0,0,1.2692592592592593,546
10309,0,0,0,1.2693827160493827,546
10310,0,0,0,1.269506172839506,546
10311,0,0,0,1.2696296296296297,546
10312,0,0,0,1.269753086419753,546
10313,0,0,0,1.2698765432098766,546
10314,0,0,0,1.27,546
10315,0,0,0,1.2701234567901234,546
10316,0,0,0,1.270246913580247,546
10317,0,0,0,1.2703703703703704,546
10318,0,0,0,1.2704938271604937,546
10319,1,1,0,1.2706172839506173,547
10320,0,0,0,1.2707407407407407,547
10321,0,0,0,1.270864197530864,547
10322,4,4,1,1.270864197530864,551
10323,0,0,0,1.2709876543209877,551
10324,0,0,0,1.271111111111111,551
10325,0,0,0,1.2712345679012345,551
10326,0,0,0,1.271358024691358,551
10327,0,0,0,1.2714814814814814,551
10328,0,0,0,1.271604938271605,551
10329,0,0,0,1.2717283950617284,551
10330,0,0,0,1.2718518518518518,551
10331,0,0,0,1.2719753086419754,551
10332,0,0,0,1.2720987654320988,551
10333,0,0,0,1.2722222222222221,551
10334,1,1,0,1.2723456790123457,552
10335,2,2,0,1.2724691358024691,554
10336,0,0,0,1.2725925925925925,554
10337,1,1,0,1.272716049382716,555
10338,0,0,0,1.2728395061728395,555
10339,0,0,0,1.272962962962963,555
10340,0,0,0,1.2730864197530865,555
10341,0,0,0,1.2732098765432098,555
10342,0,0,0,1.2733333333333334,555
10343,7,7,0,1.2734567901234568,562
10344,0,0,0,1.2735802469135802,562
10345,0,0,0,1.2737037037037038,562
10346,0,0,0,1.2738271604938272,562
10347,0,0,0,1.2739506172839505,562
10348,1,1,0,1.2740740740740741,563
10349,0,0,0,1.2741975308641975,563
10350,0,0,0,1.274320987654321,563
10351,0,0,0,1.2744444444444445,563
10352,1,1,0,1.2745679012345679,564
10353,1,1,0,1.2746913580246915,565
10354,1,1,0,1.2748148148148148,566
10355,0,0,0,1.2749382716049382,566
10356,1,1,0,1.2750617283950618,567
10357,1,1,0,1.2751851851851852,568
10358,0,0,0,1.2753086419753086,568
10359,0,0,0,1.2754320987654322,568
10360,0,0,0,1.2755555555555556,568
10361,0,0,0,1.275679012345679,568
10362,0,0,0,1.2758024691358025,568
10363,0,0,0,1.275925925925926,568
10364,0,0,0,1.2760493827160493,568
10365,1,1,0,1.2761728395061729,569
10366,0,0,0,1.2762962962962963,569
10367,0,0,0,1.2764197530864199,569
10368,0,0,0,1.2765432098765432,569
10369,0,0,0,1.2766666666666666,569
10370,0,0,0,1.2767901234567902,569
10371,0,0,0,1.2769135802469136,569
10372,0,0,0,1.277037037037037,569
10373,0,0,0,1.2771604938271606,569
10374,0,0,0,1.277283950617284,569
10375,0,0,0,1.2774074074074073,569
10376,0,0,0,1.277530864197531,569
10377,0,0,0,1.2776543209876543,569
10378,0,0,0,1.2777777777777777,569
10379,0,0,0,1.2779012345679013,569
10380,0,0,0,1.2780246913580247,569
10381,1,1,0,1.2781481481481483,570
10382,2,2,0,1.2782716049382716,572
10383,0,0,0,1.278395061728395,572
10384,2,2,0,1.2785185185185186,574
10385,0,0,0,1.278641975308642,574
10386,0,0,0,1.2787654320987654,574
10387,0,0,0,1.278888888888889,574
10388,0,0,0,1.2790123456790123,574
10389,0,0,0,1.2791358024691357,574
10390,0,0,0,1.2792592592592593,574
10391,0,0,0,1.2793827160493827,574
10392,0,0,0,1.279506172839506,574
10393,0,0,0,1.2796296296296297,574
10394,1,1,0,1.279753086419753,575
10395,0,0,0,1.2798765432098766,575
10396,0,0,0,1.28,575
10397,0,0,0,1.2801234567901234,575
10398,0,0,0,1.280246913580247,575
10399,0,0,0,1.2803703703703704,575
10400,0,0,0,1.2804938271604938,575
10401,4,4,1,1.2804938271604938,579
10402,0,0,0,1.2806172839506174,579
10403,0,0,0,1.2807407407407407,579
10404,0,0,0,1.2808641975308641,579
10405,3,3,0,1.2809876543209877,582
10406,0,0,0,1.281111111111111,582
10407,0,0,0,1.2812345679012345,582
10408,5,5,0,1.281358024691358,587
10409,0,0,0,1.2814814814814814,587
10410,0,0,0,1.281604938271605,587
10411,0,0,0,1.2817283950617284,587
10412,0,0,0,1.2818518518518518,587
10413,0,0,0,1.2819753086419754,587
10414,0,0,0,1.2820987654320988,587
10415,0,0,0,1.2822222222222222,587
10416,0,0,0,1.2823456790123458,587
10417,0,0,0,1.2824691358024691,587
10418,0,0,0,1.2825925925925925,587
10419,0,0,0,1.282716049382716,587
10420,2,2,0,1.2828395061728395,589
10421,0,0,0,1.2829629629629629,589
10422,0,0,0,1.2830864197530865,589
10423,0,0,0,1.2832098765432098,589
10424,0,0,0,1.2833333333333334,589
10425,0,0,0,1.2834567901234568,589
10426,0,0,0,1.2835802469135802,589
10427,0,0,0,1.2837037037037038,589
10428,0,0,0,1.2838271604938272,589
10429,0,0,0,1.2839506172839505,589
10430,3,3,0,1.2840740740740741,592
10431,0,0,0,1.2841975308641975,592
10432,0,0,0,1.284320987654321,592
10433,1,1,0,1.2844444444444445,593
10434,4,4,0,1.2845679012345679,597
10435,0,0,0,1.2846913580246913,597
10436,0,0,0,1.2848148148148149,597
10437,0,0,0,1.2849382716049382,597
10438,0,0,0,1.2850617283950618,597
10439,0,0,0,1.2851851851851852,597
10440,0,0,0,1.2853086419753086,597
10441,0,0,0,1.2854320987654322,597
10442,0,0,0,1.2855555555555556,597
10443,0,0,0,1.285679012345679,597
10444,0,0,0,1.2858024691358025,597
10445,0,0,0,1.285925925925926,597
10446,0,0,0,1.2860493827160493,597
10447,1,1,0,1.286172839506173,598
10448,0,0,0,1.2862962962962963,598
10449,1,1,0,1.2864197530864196,599
10450,0,0,0,1.2865432098765432,599
10451,1,1,1,1.2865432098765432,600
10452,0,0,0,1.2866666666666666,600
10453,0,0,0,1.2867901234567902,600
10454,0,0,0,1.2869135802469136,600
10455,1,1,0,1.287037037037037,601
10456,0,0,0,1.2871604938271606,601
10457,1,1,0,1.287283950617284,602
10458,1,1,0,1.2874074074074073,603
10459,0,0,0,1.287530864197531,603
10460,0,0,0,1.2876543209876543,603
10461,0,0,0,1.2877777777777777,603
10462,0,0,0,1.2879012345679013,603
10463,0,0,0,1.2880246913580247,603
10464,2,2,0,1.288148148148148,605
10465,0,0,0,1.2882716049382716,605
10466,0,0,0,1.288395061728395,605
10467,0,0,0,1.2885185185185186,605
10468,0,0,0,1.288641975308642,605
10469,0,0,0,1.2887654320987654,605
10470,0,0,0,1.288888888888889,605
10471,0,0,0,1.2890123456790124,605
10472,0,0,0,1.2891358024691357,605
10473,0,0,0,1.2892592592592593,605
10474,0,0,0,1.2893827160493827,605
10475,0,0,0,1.289506172839506,605
10476,0,0,0,1.2896296296296297,605
10477,0,0,0,1.289753086419753,605
10478,0,0,0,1.2898765432098764,605
10479,0,0,0,1.29,605
10480,1,1,0,1.2901234567901234,606
10481,0,0,0,1.290246913580247,606
10482,0,0,0,1.2903703703703704,606
10483,0,0,0,1.2904938271604938,606
10484,0,0,0,1.2906172839506174,606
10485,0,0,0,1.2907407407407407,606
10486,0,0,0,1.2908641975308641,606
10487,0,0,0,1.2909876543209877,606
10488,0,0,0,1.291111111111111,606
10489,0,0,0,1.2912345679012345,606
10490,1,1,0,1.291358024691358,607
10491,0,0,0,1.2914814814814815,607
10492,1,1,0,1.2916049382716048,608
10493,0,0,0,1.2917283950617284,608
10494,0,0,0,1.2918518518518518,608
10495,0,0,0,1.2919753086419754,608
10496,0,0,0,1.2920987654320988,608
10497,0,0,0,1.2922222222222222,608
10498,0,0,0,1.2923456790123458,608
10499,0,0,0,1.2924691358024691,608
10500,0,0,0,1.2925925925925925,608
10501,0,0,0,1.2927160493827161,608
10502,0,0,0,1.2928395061728395,608
10503,1,1,0,1.2929629629629629,609
10504,0,0,0,1.2930864197530865,609
10505,0,0,0,1.2932098765432098,609
10506,0,0,0,1.2933333333333332,609
10507,1,1,0,1.2934567901234568,610
10508,0,0,0,1.2935802469135802,610
10509,1,1,0,1.2937037037037038,611
10510,0,0,0,1.2938271604938272,611
10511,1,1,0,1.2939506172839506,612
10512,0,0,0,1.2940740740740742,612
10513,0,0,0,1.2941975308641975,612
10514,0,0,0,1.294320987654321,612
10515,0,0,0,1.2944444444444445,612
10516,0,0,0,1.2945679012345679,612
10517,0,0,0,1.2946913580246913,612
10518,0,0,0,1.2948148148148149,612
10519,0,0,0,1.2949382716049382,612
10520,0,0,0,1.2950617283950616,612
10521,0,0,0,1.2951851851851852,612
10522,0,0,0,1.2953086419753086,612
10523,0,0,0,1.2954320987654322,612
10524,0,0,0,1.2955555555555556,612
10525,0,0,0,1.295679012345679,612
10526,0,0,0,1.2958024691358025,612
10527,0,0,0,1.295925925925926,612
10528,0,0,0,1.2960493827160493,612
10529,0,0,0,1.296172839506173,612
10530,0,0,0,1.2962962962962963,612
10531,0,0,0,1.2964197530864197,612
10532,2,2,0,1.2965432098765433,614
10533,0,0,0,1.2966666666666666,614
10534,0,0,0,1.2967901234567902,614
10535,0,0,0,1.2969135802469136,614
10536,0,0,0,1.297037037037037,614
10537,0,0,0,1.2971604938271606,614
10538,0,0,0,1.297283950617284,614
10539,0,0,0,1.2974074074074073,614
10540,0,0,0,1.297530864197531,614
10541,0,0,0,1.2976543209876543,614
10542,0,0,0,1.2977777777777777,614
10543,0,0,0,1.2979012345679013,614
10544,0,0,0,1.2980246913580247,614
10545,0,0,0,1.298148148148148,614
10546,1,1,1,1.298148148148148,615
10547,0,0,0,1.2982716049382717,615
10548,1,1,1,1.2982716049382717,616
10549,0,0,0,1.298395061728395,616
10550,0,0,0,1.2985185185185186,616
10551,0,0,0,1.298641975308642,616
10552,0,0,0,1.2987654320987654,616
10553,0,0,0,1.298888888888889,616
10554,0,0,0,1.2990123456790124,616
10555,0,0,0,1.2991358024691357,616
10556,0,0,0,1.2992592592592593,616
10557,0,0,0,1.2993827160493827,616
10558,0,0,0,1.299506172839506,616
10559,0,0,0,1.2996296296296297,616
10560,8,8,0,1.299753086419753,624
10561,4,4,0,1.2998765432098764,628
10562,0,0,0,1.3,628
10563,2,2,0,1.3001234567901234,630
10564,0,0,0,1.300246913580247,630
10565,1,1,0,1.3003703703703704,631
10566,0,0,0,1.3004938271604938,631
10567,0,0,0,1.3006172839506174,631
10568,0,0,0,1.3007407407407408,631
10569,0,0,0,1.3008641975308641,631
10570,0,0,0,1.3009876543209877,631
10571,0,0,0,1.301111111111111,631
10572,0,0,0,1.3012345679012345,631
10573,0,0,0,1.301358024691358,631
10574,0,0,0,1.3014814814814815,631
10575,0,0,0,1.3016049382716048,631
10576,0,0,0,1.3017283950617284,631
10577,5,5,0,1.3018518518518518,636
10578,1,1,0,1.3019753086419754,637
10579,0,0,0,1.3020987654320988,637
10580,0,0,0,1.3022222222222222,637
10581,3,3,0,1.3023456790123458,640
10582,0,0,0,1.3024691358024691,640
10583,0,0,0,1.3025925925925925,640
10584,0,0,0,1.3027160493827161,640
10585,3,3,0,1.3028395061728395,643
10586,0,0,0,1.3029629629629629,643
10587,0,0,0,1.3030864197530865,643
10588,0,0,0,1.3032098765432099,643
10589,0,0,0,1.3033333333333332,643
10590,0,0,0,1.3034567901234568,643
10591,0,0,0,1.3035802469135802,643
10592,0,0,0,1.3037037037037038,643
10593,0,0,0,1.3038271604938272,643
10594,0,0,0,1.3039506172839506,643
10595,0,0,0,1.3040740740740742,643
10596,0,0,0,1.3041975308641975,643
10597,0,0,0,1.304320987654321,643
10598,0,0,0,1.3044444444444445,643
10599,2,2,0,1.304567901234568,645
10600,0,0,0,1.3046913580246913,645
10601,1,1,0,1.3048148148148149,646
10602,2,2,0,1.3049382716049382,648
10603,0,0,0,1.3050617283950616,648
10604,0,0,0,1.3051851851851852,648
10605,0,0,0,1.3053086419753086,648
10606,0,0,0,1.3054320987654322,648
10607,0,0,0,1.3055555555555556,648
10608,1,1,0,1.305679012345679,649
10609,0,0,0,1.3058024691358026,649
10610,0,0,0,1.305925925925926,649
10611,0,0,0,1.3060493827160493,649
10612,0,0,0,1.306172839506173,649
10613,0,0,0,1.3062962962962963,649
10614,0,0,0,1.3064197530864197,649
10615,0,0,0,1.3065432098765433,649
10616,0,0,0,1.3066666666666666,649
10617,0,0,0,1.30679012345679,649
10618,0,0,0,1.3069135802469136,649
10619,0,0,0,1.307037037037037,649
10620,0,0,0,1.3071604938271606,649
10621,0,0,0,1.307283950617284,649
10622,0,0,0,1.3074074074074074,649
10623,0,0,0,1.307530864197531,649
10624,0,0,0,1.3076543209876543,649
10625,0,0,0,1.3077777777777777,649
10626,2,2,0,1.3079012345679013,651
10627,0,0,0,1.3080246913580247,651
10628,0,0,0,1.308148148148148,651
10629,0,0,0,1.3082716049382717,651
10630,0,0,0,1.308395061728395,651
10631,0,0,0,1.3085185185185184,651
10632,0,0,0,1.308641975308642,651
10633,0,0,0,1.3087654320987654,651
10634,2,2,0,1.308888888888889,653
10635,0,0,0,1.3090123456790124,653
10636,0,0,0,1.3091358024691357,653
10637,0,0,0,1.3092592592592593,653
10638,0,0,0,1.3093827160493827,653
10639,0,0,0,1.309506172839506,653
10640,0,0,0,1.3096296296296297,653
10641,0,0,0,1.309753086419753,653
10642,0,0,0,1.3098765432098765,653
10643,0,0,0,1.31,653
10644,0,0,0,1.3101234567901234,653
10645,0,0,0,1.3102469135802468,653
10646,0,0,0,1.3103703703703704,653
10647,0,0,0,1.3104938271604938,653
10648,0,0,0,1.3106172839506174,653
10649,1,1,0,1.3107407407407408,654
10650,0,0,0,1.3108641975308641,654
10651,0,0,0,1.3109876543209877,654
10652,0,0,0,1.3111111111111111,654
10653,0,0,0,1.3112345679012345,654
10654,0,0,0,1.311358024691358,654
10655,0,0,0,1.3114814814814815,654
10656,0,0,0,1.3116049382716048,654
10657,0,0,0,1.3117283950617284,654
10658,0,0,0,1.3118518518518518,654
10659,0,0,0,1.3119753086419752,654
10660,0,0,0,1.3120987654320988,654
10661,0,0,0,1.3122222222222222,654
10662,0,0,0,1.3123456790123458,654
10663,0,0,0,1.3124691358024692,654
10664,0,0,0,1.3125925925925925,654
10665,0,0,0,1.3127160493827161,654
10666,0,0,0,1.3128395061728395,654
10667,2,2,0,1.3129629629629629,656
10668,4,4,0,1.3130864197530865,660
10669,0,0,0,1.3132098765432099,660
10670,0,0,0,1.3133333333333332,660
10671,0,0,0,1.3134567901234568,660
10672,0,0,0,1.3135802469135802,660
10673,0,0,0,1.3137037037037036,660
10674,0,0,0,1.3138271604938272,660
10675,0,0,0,1.3139506172839506,660
10676,0,0,0,1.3140740740740742,660
10677,0,0,0,1.3141975308641975,660
10678,0,0,0,1.314320987654321,660
10679,0,0,0,1.3144444444444445,660
10680,2,2,0,1.314567901234568,662
10681,0,0,0,1.3146913580246913,662
10682,0,0,0,1.3148148148148149,662
10683,0,0,0,1.3149382716049383,662
10684,0,0,0,1.3150617283950616,662
10685,0,0,0,1.3151851851851852,662
10686,0,0,0,1.3153086419753086,662
10687,2,2,0,1.315432098765432,664
10688,1,1,0,1.3155555555555556,665
10689,0,0,0,1.315679012345679,665
10690,0,0,0,1.3158024691358026,665
10691,0,0,0,1.315925925925926,665
10692,0,0,0,1.3160493827160493,665
10693,0,0,0,1.316172839506173,665
10694,1,1,0,1.3162962962962963,666
10695,1,1,0,1.3164197530864197,667
10696,0,0,0,1.3165432098765433,667
10697,0,0,0,1.3166666666666667,667
10698,0,0,0,1.31679012345679,667
10699,0,0,0,1.3169135802469136,667
10700,0,0,0,1.317037037037037,667
10701,0,0,0,1.3171604938271604,667
10702,0,0,0,1.317283950617284,667
10703,0,0,0,1.3174074074074074,667
10704,0,0,0,1.317530864197531,667
10705,0,0,0,1.3176543209876543,667
10706,0,0,0,1.3177777777777777,667
10707,0,0,0,1.3179012345679013,667
10708,0,0,0,1.3180246913580247,667
10709,0,0,0,1.318148148148148,667
10710,0,0,0,1.3182716049382717,667
10711,1,1,0,1.318395061728395,668
10712,0,0,0,1.3185185185185184,668
10713,0,0,0,1.318641975308642,668
10714,0,0,0,1.3187654320987654,668
10715,0,0,0,1.318888888888889,668
10716,0,0,0,1.3190123456790124,668
10717,0,0,0,1.3191358024691358,668
10718,0,0,0,1.3192592592592594,668
10719,5,5,0,1.3193827160493827,673
10720,0,0,0,1.319506172839506,673
10721,0,0,0,1.3196296296296297,673
10722,0,0,0,1.319753086419753,673
10723,0,0,0,1.3198765432098765,673
10724,0,0,0,1.32,673
10725,0,0,0,1.3201234567901234,673
10726,0,0,0,1.3202469135802468,673
10727,0,0,0,1.3203703703703704,673
10728,0,0,0,1.3204938271604938,673
10729,0,0,0,1.3206172839506174,673
10730,0,0,0,1.3207407407407408,673
10731,0,0,0,1.3208641975308641,673
10732,0,0,0,1.3209876543209877,673
10733,0,0,0,1.3211111111111111,673
10734,0,0,0,1.3212345679012345,673
10735,0,0,0,1.321358024691358,673
10736,0,0,0,1.3214814814814815,673
10737,0,0,0,1.3216049382716049,673
10738,0,0,0,1.3217283950617285,673
10739,3,3,0,1.3218518518518518,676
10740,0,0,0,1.3219753086419752,676
10741,0,0,0,1.3220987654320988,676
10742,6,6,0,1.3222222222222222,682
10743,3,3,0,1.3223456790123458,685
10744,0,0,0,1.3224691358024692,685
10745,0,0,0,1.3225925925925925,685
10746,0,0,0,1.3227160493827161,685
10747,0,0,0,1.3228395061728395,685
10748,2,2,0,1.322962962962963,687
10749,0,0,0,1.3230864197530865,687
10750,0,0,0,1.3232098765432099,687
10751,0,0,0,1.3233333333333333,687
10752,0,0,0,1.3234567901234568,687
10753,0,0,0,1.3235802469135802,687
10754,0,0,0,1.3237037037037036,687
10755,0,0,0,1.3238271604938272,687
10756,0,0,0,1.3239506172839506,687
10757,0,0,0,1.3240740740740742,687
10758,1,1,0,1.3241975308641976,688
10759,0,0,0,1.324320987654321,688
10760,0,0,0,1.3244444444444445,688
10761,0,0,0,1.324567901234568,688
10762,0,0,0,1.3246913580246913,688
10763,0,0,0,1.324814814814815,688
10764,0,0,0,1.3249382716049383,688
10765,0,0,0,1.3250617283950616,688
10766,0,0,0,1.3251851851851852,688
10767,0,0,0,1.3253086419753086,688
10768,1,1,0,1.325432098765432,689
10769,0,0,0,1.3255555555555556,689
10770,0,0,0,1.325679012345679,689
10771,0,0,0,1.3258024691358026,689
10772,0,0,0,1.325925925925926,689
10773,0,0,0,1.3260493827160493,689
10774,0,0,0,1.326172839506173,689
10775,0,0,0,1.3262962962962963,689
10776,0,0,0,1.3264197530864197,689
10777,0,0,0,1.3265432098765433,689
10778,0,0,0,1.3266666666666667,689
10779,0,0,0,1.32679012345679,689
10780,3,3,0,1.3269135802469136,692
10781,0,0,0,1.327037037037037,692
10782,0,0,0,1.3271604938271604,692
10783,0,0,0,1.327283950617284,692
10784,1,1,0,1.3274074074074074,693
10785,0,0,0,1.327530864197531,693
10786,0,0,0,1.3276543209876543,693
10787,0,0,0,1.3277777777777777,693
10788,0,0,0,1.3279012345679013,693
10789,0,0,0,1.3280246913580247,693
10790,0,0,0,1.328148148148148,693
10791,0,0,0,1.3282716049382717,693
10792,0,0,0,1.328395061728395,693
10793,0,0,0,1.3285185185185184,693
10794,0,0,0,1.328641975308642,693
10795,0,0,0,1.3287654320987654,693
10796,0,0,0,1.3288888888888888,693
10797,0,0,0,1.3290123456790124,693
10798,0,0,0,1.3291358024691358,693
10799,0,0,0,1.3292592592592594,693
10800,0,0,0,1.3293827160493827,693
10801,0,0,0,1.3295061728395061,693
10802,0,0,0,1.3296296296296297,693
10803,1,1,0,1.329753086419753,694
10804,0,0,0,1.3298765432098765,694
10805,0,0,0,1.33,694
10806,0,0,0,1.3301234567901234,694
10807,0,0,0,1.3302469135802468,694
10808,1,1,0,1.3303703703703704,695
10809,0,0,0,1.3304938271604938,695
10810,0,0,0,1.3306172839506172,695
10811,0,0,0,1.3307407407407408,695
10812,1,1,0,1.3308641975308642,696
10813,0,0,0,1.3309876543209878,696
10814,0,0,0,1.3311111111111111,696
10815,0,0,0,1.3312345679012345,696
10816,0,0,0,1.331358024691358,696
10817,0,0,0,1.3314814814814815,696
10818,0,0,0,1.3316049382716049,696
10819,0,0,0,1.3317283950617285,696
10820,0,0,0,1.3318518518518518,696
10821,1,1,0,1.3319753086419752,697
10822,0,0,0,1.3320987654320988,697
10823,0,0,0,1.3322222222222222,697
10824,0,0,0,1.3323456790123456,697
10825,0,0,0,1.3324691358024692,697
10826,0,0,0,1.3325925925925926,697
10827,0,0,0,1.3327160493827162,697
10828,1,1,0,1.3328395061728395,698
10829,1,1,0,1.332962962962963,699
10830,0,0,0,1.3330864197530865,699
10831,1,1,0,1.3332098765432099,700
10832,0,0,0,1.3333333333333333,700
10833,0,0,0,1.3334567901234569,700
10834,0,0,0,1.3335802469135802,700
10835,0,0,0,1.3337037037037036,700
10836,0,0,0,1.3338271604938272,700
10837,0,0,0,1.3339506172839506,700
10838,0,0,0,1.334074074074074,700
10839,0,0,0,1.3341975308641976,700
10840,0,0,0,1.334320987654321,700
10841,0,0,0,1.3344444444444445,700
10842,0,0,0,1.334567901234568,700
10843,0,0,0,1.3346913580246913,700
10844,1,1,0,1.334814814814815,701
10845,0,0,0,1.3349382716049383,701
10846,0,0,0,1.3350617283950617,701
10847,0,0,0,1.3351851851851853,701
10848,0,0,0,1.3353086419753086,701
10849,0,0,0,1.335432098765432,701
10850,0,0,0,1.3355555555555556,701
10851,0,0,0,1.335679012345679,701
10852,0,0,0,1.3358024691358024,701
10853,0,0,0,1.335925925925926,701
10854,0,0,0,1.3360493827160493,701
10855,0,0,0,1.336172839506173,701
10856,0,0,0,1.3362962962962963,701
10857,0,0,0,1.3364197530864197,701
10858,0,0,0,1.3365432098765433,701
10859,0,0,0,1.3366666666666667,701
10860,0,0,0,1.33679012345679,701
10861,0,0,0,1.3369135802469136,701
10862,0,0,0,1.337037037037037,701
10863,0,0,0,1.3371604938271604,701
10864,0,0,0,1.337283950617284,701
10865,0,0,0,1.3374074074074074,701
10866,0,0,0,1.3375308641975308,701
10867,0,0,0,1.3376543209876544,701
10868,0,0,0,1.3377777777777777,701
10869,0,0,0,1.3379012345679013,701
10870,0,0,0,1.3380246913580247,701
10871,0,0,0,1.338148148148148,701
10872,0,0,0,1.3382716049382717,701
10873,0,0,0,1.338395061728395,701
10874,0,0,0,1.3385185185185184,701
10875,0,0,0,1.338641975308642,701
10876,0,0,0,1.3387654320987654,701
10877,1,1,0,1.3388888888888888,702
10878,0,0,0,1.3390123456790124,702
10879,0,0,0,1.3391358024691358,702
10880,0,0,0,1.3392592592592591,702
10881,0,0,0,1.3393827160493827,702
10882,0,0,0,1.3395061728395061,702
10883,2,2,0,1.3396296296296297,704
10884,0,0,0,1.339753086419753,704
10885,0,0,0,1.3398765432098765,704
10886,0,0,0,1.34,704
10887,0,0,0,1.3401234567901235,704
10888,1,1,0,1.3402469135802468,705
10889,0,0,0,1.3403703703703704,705
10890,0,0,0,1.3404938271604938,705
10891,0,0,0,1.3406172839506172,705
10892,0,0,0,1.3407407407407408,705
10893,0,0,0,1.3408641975308642,705
10894,0,0,0,1.3409876543209878,705
10895,0,0,0,1.3411111111111111,705
10896,0,0,0,1.3412345679012345,705
10897,0,0,0,1.3413580246913581,705
10898,0,0,0,1.3414814814814815,705
10899,0,0,0,1.3416049382716049,705
10900,0,0,0,1.3417283950617285,705
10901,0,0,0,1.3418518518518519,705
10902,0,0,0,1.3419753086419752,705
10903,0,0,0,1.3420987654320988,705
10904,0,0,0,1.3422222222222222,705
10905,0,0,0,1.3423456790123456,705
10906,0,0,0,1.3424691358024692,705
10907,2,2,0,1.3425925925925926,707
10908,0,0,0,1.3427160493827162,707
10909,0,0,0,1.3428395061728395,707
10910,0,0,0,1.342962962962963,707
10911,0,0,0,1.3430864197530865,707
10912,0,0,0,1.34320987654321,707
10913,0,0,0,1.3433333333333333,707
10914,0,0,0,1.3434567901234569,707
10915,0,0,0,1.3435802469135802,707
10916,2,2,0,1.3437037037037036,709
10917,0,0,0,1.3438271604938272,709
10918,0,0,0,1.3439506172839506,709
10919,4,4,0,1.344074074074074,713
10920,0,0,0,1.3441975308641976,713
10921,1,1,0,1.344320987654321,714
10922,0,0,0,1.3444444444444446,714
10923,1,1,0,1.344567901234568,715
10924,0,0,0,1.3446913580246913,715
10925,0,0,0,1.344814814814815,715
10926,0,0,0,1.3449382716049383,715
10927,0,0,0,1.3450617283950617,715
10928,0,0,0,1.3451851851851853,715
10929,0,0,0,1.3453086419753086,715
10930,0,0,0,1.345432098765432,715
10931,1,1,0,1.3455555555555556,716
10932,0,0,0,1.345679012345679,716
10933,0,0,0,1.3458024691358024,716
10934,0,0,0,1.345925925925926,716
10935,0,0,0,1.3460493827160493,716
10936,0,0,0,1.346172839506173,716
10937,0,0,0,1.3462962962962963,716
10938,0,0,0,1.3464197530864197,716
10939,0,0,0,1.3465432098765433,716
10940,1,1,0,1.3466666666666667,717
10941,0,0,0,1.34679012345679,717
10942,0,0,0,1.3469135802469137,717
10943,0,0,0,1.347037037037037,717
10944,5,5,0,1.3471604938271604,722
10945,0,0,0,1.347283950617284,722
10946,0,0,0,1.3474074074074074,722
10947,0,0,0,1.3475308641975308,722
10948,0,0,0,1.3476543209876544,722
10949,0,0,0,1.3477777777777777,722
10950,2,2,0,1.3479012345679013,724
10951,0,0,0,1.3480246913580247,724
10952,2,2,0,1.348148148148148,726
10953,0,0,0,1.3482716049382717,726
10954,0,0,0,1.348395061728395,726
10955,0,0,0,1.3485185185185184,726
10956,0,0,0,1.348641975308642,726
10957,0,0,0,1.3487654320987654,726
10958,0,0,0,1.3488888888888888,726
10959,0,0,0,1.3490123456790124,726
10960,0,0,0,1.3491358024691358,726
10961,3,3,0,1.3492592592592592,729
10962,0,0,0,1.3493827160493828,729
10963,1,1,1,1.3493827160493828,730
10964,0,0,0,1.3495061728395061,730
10965,0,0,0,1.3496296296296297,730
10966,0,0,0,1.3497530864197531,730
10967,0,0,0,1.3498765432098765,730
10968,5,5,0,1.35,735
10969,0,0,0,1.3501234567901235,735
10970,0,0,0,1.3502469135802468,735
10971,0,0,0,1.3503703703703704,735
10972,2,2,0,1.3504938271604938,737
10973,0,0,0,1.3506172839506172,737
10974,0,0,0,1.3507407407407408,737
10975,0,0,0,1.3508641975308642,737
10976,0,0,0,1.3509876543209876,737
10977,0,0,0,1.3511111111111112,737
10978,0,0,0,1.3512345679012345,737
10979,0,0,0,1.3513580246913581,737
10980,0,0,0,1.3514814814814815,737
10981,0,0,0,1.3516049382716049,737
10982,0,0,0,1.3517283950617285,737
10983,0,0,0,1.3518518518518519,737
10984,0,0,0,1.3519753086419752,737
10985,0,0,0,1.3520987654320988,737
10986,0,0,0,1.3522222222222222,737
10987,0,0,0,1.3523456790123456,737
10988,1,1,0,1.3524691358024692,738
10989,0,0,0,1.3525925925925926,738
10990,0,0,0,1.352716049382716,738
10991,0,0,0,1.3528395061728395,738
10992,0,0,0,1.352962962962963,738
10993,0,0,0,1.3530864197530865,738
10994,0,0,0,1.35320987654321,738
10995,0,0,0,1.3533333333333333,738
10996,0,0,0,1.3534567901234569,738
10997,0,0,0,1.3535802469135803,738
10998,0,0,0,1.3537037037037036,738
10999,0,0,0,1.3538271604938272,738
11000,0,0,0,1.3539506172839506,738
11001,0,0,0,1.354074074074074,738
11002,0,0,0,1.3541975308641976,738
11003,0,0,0,1.354320987654321,738
11004,0,0,0,1.3544444444444443,738
11005,0,0,0,1.354567901234568,738
11006,1,1,0,1.3546913580246913,739
11007,0,0,0,1.354814814814815,739
11008,0,0,0,1.3549382716049383,739
11009,0,0,0,1.3550617283950617,739
11010,1,1,0,1.3551851851851853,740
11011,0,0,0,1.3553086419753086,740
11012,0,0,0,1.355432098765432,740
11013,0,0,0,1.3555555555555556,740
11014,2,2,0,1.355679012345679,742
11015,0,0,0,1.3558024691358024,742
11016,0,0,0,1.355925925925926,742
11017,0,0,0,1.3560493827160494,742
11018,0,0,0,1.3561728395061727,742
11019,0,0,0,1.3562962962962963,742
11020,0,0,0,1.3564197530864197,742
11021,0,0,0,1.3565432098765433,742
11022,0,0,0,1.3566666666666667,742
11023,0,0,0,1.35679012345679,742
11024,0,0,0,1.3569135802469137,742
11025,0,0,0,1.357037037037037,742
11026,0,0,0,1.3571604938271604,742
11027,0,0,0,1.357283950617284,742
11028,0,0,0,1.3574074074074074,742
11029,0,0,0,1.3575308641975308,742
11030,0,0,0,1.3576543209876544,742
11031,0,0,0,1.3577777777777778,742
11032,0,0,0,1.3579012345679011,742
11033,2,2,0,1.3580246913580247,744
11034,0,0,0,1.358148148148148,744
11035,0,0,0,1.3582716049382717,744
11036,0,0,0,1.358395061728395,744
11037,2,2,0,1.3585185185185185,746
11038,0,0,0,1.358641975308642,746
11039,0,0,0,1.3587654320987654,746
11040,0,0,0,1.3588888888888888,746
11041,0,0,0,1.3590123456790124,746
11042,0,0,0,1.3591358024691358,746
11043,0,0,0,1.3592592592592592,746
11044,0,0,0,1.3593827160493828,746
11045,4,4,0,1.3595061728395061,750
11046,0,0,0,1.3596296296296295,750
11047,0,0,0,1.3597530864197531,750
11048,0,0,0,1.3598765432098765,750
11049,0,0,0,1.36,750
11050,0,0,0,1.3601234567901235,750
11051,1,1,0,1.3602469135802469,751
11052,0,0,0,1.3603703703703705,751
11053,0,0,0,1.3604938271604938,751
11054,1,1,0,1.3606172839506172,752
11055,0,0,0,1.3607407407407408,752
11056,0,0,0,1.3608641975308642,752
11057,1,1,0,1.3609876543209876,753
11058,0,0,0,1.3611111111111112,753
11059,1,1,0,1.3612345679012345,754
11060,0,0,0,1.361358024691358,754
11061,0,0,0,1.3614814814814815,754
11062,0,0,0,1.361604938271605,754
11063,0,0,0,1.3617283950617285,754
11064,0,0,0,1.3618518518518519,754
11065,1,1,0,1.3619753086419752,755
11066,0,0,0,1.3620987654320988,755
11067,0,0,0,1.3622222222222222,755
11068,0,0,0,1.3623456790123456,755
11069,1,1,0,1.3624691358024692,756
11070,0,0,0,1.3625925925925926,756
11071,0,0,0,1.362716049382716,756
11072,4,4,0,1.3628395061728396,760
11073,0,0,0,1.362962962962963,760
11074,0,0,0,1.3630864197530863,760
11075,0,0,0,1.36320987654321,760
11076,3,3,0,1.3633333333333333,763
11077,0,0,0,1.3634567901234569,763
11078,1,1,0,1.3635802469135803,764
11079,0,0,0,1.3637037037037036,764
11080,0,0,0,1.3638271604938272,764
11081,3,3,0,1.3639506172839506,767
11082,0,0,0,1.364074074074074,767
11083,0,0,0,1.3641975308641976,767
11084,0,0,0,1.364320987654321,767
11085,0,0,0,1.3644444444444443,767
11086,0,0,0,1.364567901234568,767
11087,0,0,0,1.3646913580246913,767
11088,0,0,0,1.364814814814815,767
11089,6,6,2,1.3646913580246913,773
11090,1,1,0,1.364814814814815,774
11091,0,0,0,1.3649382716049383,774
11092,0,0,0,1.3650617283950617,774
11093,0,0,0,1.3651851851851853,774
11094,0,0,0,1.3653086419753087,774
11095,0,0,0,1.365432098765432,774
11096,0,0,0,1.3655555555555556,774
11097,0,0,0,1.365679012345679,774
11098,0,0,0,1.3658024691358024,774
11099,0,0,0,1.365925925925926,774
11100,0,0,0,1.3660493827160494,774
11101,0,0,0,1.3661728395061727,774
11102,0,0,0,1.3662962962962963,774
11103,0,0,0,1.3664197530864197,774
11104,0,0,0,1.3665432098765433,774
11105,0,0,0,1.3666666666666667,774
11106,0,0,0,1.36679012345679,774
11107,0,0,0,1.3669135802469137,774
11108,0,0,0,1.367037037037037,774
11109,0,0,0,1.3671604938271604,774
11110,0,0,0,1.367283950617284,774
11111,0,0,0,1.3674074074074074,774
11112,0,0,0,1.3675308641975308,774
11113,0,0,0,1.3676543209876544,774
11114,0,0,0,1.3677777777777778,774
11115,0,0,0,1.3679012345679011,774
11116,0,0,0,1.3680246913580247,774
11117,5,5,0,1.3681481481481481,779
11118,0,0,0,1.3682716049382717,779
11119,0,0,0,1.368395061728395,779
11120,0,0,0,1.3685185185185185,779
11121,0,0,0,1.368641975308642,779
11122,1,1,0,1.3687654320987654,780
11123,1,1,0,1.3688888888888888,781
11124,0,0,0,1.3690123456790124,781
11125,0,0,0,1.3691358024691358,781
11126,0,0,0,1.3692592592592592,781
11127,0,0,0,1.3693827160493828,781
11128,0,0,0,1.3695061728395062,781
11129,0,0,0,1.3696296296296295,781
11130,1,1,0,1.3697530864197531,782
11131,0,0,0,1.3698765432098765,782
11132,0,0,0,1.37,782
11133,0,0,0,1.3701234567901235,782
11134,0,0,0,1.3702469135802469,782
11135,0,0,0,1.3703703703703705,782
11136,1,1,0,1.3704938271604938,783
11137,0,0,0,1.3706172839506172,783
11138,0,0,0,1.3707407407407408,783
11139,0,0,0,1.3708641975308642,783
11140,3,3,0,1.3709876543209876,786
11141,0,0,0,1.3711111111111112,786
11142,0,0,0,1.3712345679012345,786
11143,0,0,0,1.371358024691358,786
11144,1,1,0,1.3714814814814815,787
11145,0,0,0,1.371604938271605,787
11146,0,0,0,1.3717283950617285,787
11147,0,0,0,1.3718518518518519,787
11148,0,0,0,1.3719753086419753,787
11149,0,0,0,1.3720987654320989,787
11150,0,0,0,1.3722222222222222,787
11151,0,0,0,1.3723456790123456,787
11152,0,0,0,1.3724691358024692,787
11153,0,0,0,1.3725925925925926,787
11154,0,0,0,1.372716049382716,787
11155,0,0,0,1.3728395061728396,787
11156,0,0,0,1.372962962962963,787
11157,1,1,0,1.3730864197530863,788
11158,0,0,0,1.37320987654321,788
11159,0,0,0,1.3733333333333333,788
11160,0,0,0,1.373456790123457,788
11161,0,0,0,1.3735802469135803,788
11162,0,0,0,1.3737037037037036,788
11163,0,0,0,1.3738271604938272,788
11164,0,0,0,1.3739506172839506,788
11165,0,0,0,1.374074074074074,788
11166,0,0,0,1.3741975308641976,788
11167,2,2,0,1.374320987654321,790
11168,0,0,0,1.3744444444444444,790
11169,2,2,0,1.374567901234568,792
11170,0,0,0,1.3746913580246913,792
11171,0,0,0,1.3748148148148147,792
11172,0,0,0,1.3749382716049383,792
11173,0,0,0,1.3750617283950617,792
11174,0,0,0,1.3751851851851853,792
11175,0,0,0,1.3753086419753087,792
11176,0,0,0,1.375432098765432,792
11177,0,0,0,1.3755555555555556,792
11178,0,0,0,1.375679012345679,792
11179,0,0,0,1.3758024691358024,792
11180,0,0,0,1.375925925925926,792
11181,0,0,0,1.3760493827160494,792
11182,0,0,0,1.3761728395061728,792
11183,0,0,0,1.3762962962962964,792
11184,0,0,0,1.3764197530864197,792
11185,0,0,0,1.376543209876543,792
11186,0,0,0,1.3766666666666667,792
11187,0,0,0,1.37679012345679,792
11188,0,0,0,1.3769135802469137,792
11189,0,0,0,1.377037037037037,792
11190,0,0,0,1.3771604938271604,792
11191,0,0,0,1.377283950617284,792
11192,0,0,0,1.3774074074074074,792
11193,0,0,0,1.3775308641975308,792
11194,0,0,0,1.3776543209876544,792
11195,3,3,0,1.3777777777777778,795
11196,0,0,0,1.3779012345679011,795
11197,0,0,0,1.3780246913580247,795
11198,0,0,0,1.3781481481481481,795
11199,0,0,0,1.3782716049382715,795
11200,1,1,0,1.378395061728395,796
11201,0,0,0,1.3785185185185185,796
11202,0,0,0,1.378641975308642,796
11203,0,0,0,1.3787654320987655,796
11204,0,0,0,1.3788888888888888,796
11205,0,0,0,1.3790123456790124,796
11206,0,0,0,1.3791358024691358,796
11207,0,0,0,1.3792592592592592,796
11208,0,0,0,1.3793827160493828,796
11209,0,0,0,1.3795061728395062,796
11210,0,0,0,1.3796296296296295,796
11211,0,0,0,1.3797530864197531,796
11212,0,0,0,1.3798765432098765,796
11213,0,0,0,1.38,796
11214,0,0,0,1.3801234567901235,796
11215,0,0,0,1.3802469135802469,796
11216,0,0,0,1.3803703703703705,796
11217,3,3,0,1.3804938271604938,799
11218,0,0,0,1.3806172839506172,799
11219,1,1,0,1.3807407407407408,800
11220,0,0,0,1.3808641975308642,800
11221,0,0,0,1.3809876543209876,800
11222,0,0,0,1.3811111111111112,800
11223,4,4,0,1.3812345679012346,804
11224,0,0,0,1.381358024691358,804
11225,0,0,0,1.3814814814814815,804
11226,4,4,0,1.381604938271605,808
11227,0,0,0,1.3817283950617283,808
11228,0,0,0,1.3818518518518519,808
11229,0,0,0,1.3819753086419753,808
11230,0,0,0,1.3820987654320989,808
11231,0,0,0,1.3822222222222222,808
11232,0,0,0,1.3823456790123456,808
11233,0,0,0,1.3824691358024692,808
11234,0,0,0,1.3825925925925926,808
11235,0,0,0,1.382716049382716,808
11236,0,0,0,1.3828395061728396,808
11237,0,0,0,1.382962962962963,808
11238,1,1,0,1.3830864197530863,809
11239,0,0,0,1.38320987654321,809
11240,0,0,0,1.3833333333333333,809
11241,0,0,0,1.3834567901234567,809
11242,0,0,0,1.3835802469135803,809
11243,0,0,0,1.3837037037037037,809
11244,2,2,0,1.3838271604938273,811
11245,0,0,0,1.3839506172839506,811
11246,0,0,0,1.384074074074074,811
11247,0,0,0,1.3841975308641976,811
11248,0,0,0,1.384320987654321,811
11249,0,0,0,1.3844444444444444,811
11250,0,0,0,1.384567901234568,811
11251,0,0,0,1.3846913580246913,811
11252,0,0,0,1.3848148148148147,811
11253,0,0,0,1.3849382716049383,811
11254,0,0,0,1.3850617283950617,811
11255,0,0,0,1.385185185185185,811
11256,0,0,0,1.3853086419753087,811
11257,4,4,0,1.385432098765432,815
11258,0,0,0,1.3855555555555557,815
11259,0,0,0,1.385679012345679,815
11260,0,0,0,1.3858024691358024,815
11261,0,0,0,1.385925925925926,815
11262,0,0,0,1.3860493827160494,815
11263,0,0,0,1.3861728395061728,815
11264,0,0,0,1.3862962962962964,815
11265,4,4,0,1.3864197530864197,819
11266,0,0,0,1.3865432098765431,819
11267,0,0,0,1.3866666666666667,819
11268,2,2,0,1.38679012345679,821
11269,0,0,0,1.3869135802469137,821
11270,0,0,0,1.387037037037037,821
11271,0,0,0,1.3871604938271604,821
11272,0,0,0,1.387283950617284,821
11273,0,0,0,1.3874074074074074,821
11274,0,0,0,1.3875308641975308,821
11275,0,0,0,1.3876543209876544,821
11276,0,0,0,1.3877777777777778,821
11277,0,0,0,1.3879012345679012,821
11278,0,0,0,1.3880246913580248,821
11279,0,0,0,1.3881481481481481,821
11280,0,0,0,1.3882716049382715,821
11281,0,0,0,1.388395061728395,821
11282,0,0,0,1.3885185185185185,821
11283,0,0,0,1.388641975308642,821
11284,0,0,0,1.3887654320987655,821
11285,0,0,0,1.3888888888888888,821
11286,0,0,0,1.3890123456790124,821
11287,0,0,0,1.3891358024691358,821
11288,0,0,0,1.3892592592592592,821
11289,0,0,0,1.3893827160493828,821
11290,0,0,0,1.3895061728395062,821
11291,0,0,0,1.3896296296296295,821
11292,0,0,0,1.3897530864197531,821
11293,0,0,0,1.3898765432098765,821
11294,0,0,0,1.39,821
11295,0,0,0,1.3901234567901235,821
11296,0,0,0,1.3902469135802469,821
11297,0,0,0,1.3903703703703705,821
11298,0,0,0,1.3904938271604939,821
11299,0,0,0,1.3906172839506172,821
11300,0,0,0,1.3907407407407408,821
11301,1,1,0,1.3908641975308642,822
11302,0,0,0,1.3909876543209876,822
11303,0,0,0,1.3911111111111112,822
11304,0,0,0,1.3912345679012346,822
11305,1,1,0,1.391358024691358,823
11306,0,0,0,1.3914814814814815,823
11307,0,0,0,1.391604938271605,823
11308,0,0,0,1.3917283950617283,823
11309,0,0,0,1.391851851851852,823
11310,0,0,0,1.3919753086419753,823
11311,0,0,0,1.3920987654320989,823
11312,0,0,0,1.3922222222222222,823
11313,0,0,0,1.3923456790123456,823
11314,0,0,0,1.3924691358024692,823
11315,0,0,0,1.3925925925925926,823
11316,0,0,0,1.392716049382716,823
11317,11,11,2,1.3925925925925926,834
11318,0,0,0,1.392716049382716,834
11319,0,0,0,1.3928395061728396,834
11320,0,0,0,1.392962962962963,834
11321,1,1,0,1.3930864197530863,835
11322,0,0,0,1.39320987654321,835
11323,0,0,0,1.3933333333333333,835
11324,1,1,1,1.3933333333333333,836
11325,0,0,0,1.3934567901234567,836
11326,0,0,0,1.3935802469135803,836
11327,0,0,0,1.3937037037037037,836
11328,0,0,0,1.3938271604938273,836
11329,0,0,0,1.3939506172839506,836
11330,0,0,0,1.394074074074074,836
11331,0,0,0,1.3941975308641976,836
11332,0,0,0,1.394320987654321,836
11333,3,3,0,1.3944444444444444,839
11334,0,0,0,1.394567901234568,839
11335,0,0,0,1.3946913580246914,839
11336,0,0,0,1.3948148148148147,839
11337,0,0,0,1.3949382716049383,839
11338,0,0,0,1.3950617283950617,839
11339,0,0,0,1.395185185185185,839
11340,0,0,0,1.3953086419753087,839
11341,0,0,0,1.395432098765432,839
11342,0,0,0,1.3955555555555557,839
11343,0,0,0,1.395679012345679,839
11344,0,0,0,1.3958024691358024,839
11345,0,0,0,1.395925925925926,839
11346,0,0,0,1.3960493827160494,839
11347,0,0,0,1.3961728395061728,839
11348,0,0,0,1.3962962962962964,839
11349,0,0,0,1.3964197530864197,839
11350,0,0,0,1.3965432098765431,839
11351,0,0,0,1.3966666666666667,839
11352,2,2,0,1.39679012345679,841
11353,0,0,0,1.3969135802469135,841
11354,0,0,0,1.397037037037037,841
11355,1,1,0,1.3971604938271605,842
11356,0,0,0,1.397283950617284,842
11357,0,0,0,1.3974074074074074,842
11358,0,0,0,1.3975308641975308,842
11359,0,0,0,1.3976543209876544,842
11360,0,0,0,1.3977777777777778,842
11361,0,0,0,1.3979012345679012,842
11362,0,0,0,1.3980246913580248,842
11363,0,0,0,1.3981481481481481,842
11364,0,0,0,1.3982716049382715,842
11365,0,0,0,1.3983950617283951,842
11366,0,0,0,1.3985185185185185,842
11367,0,0,0,1.3986419753086419,842
11368,0,0,0,1.3987654320987655,842
11369,2,2,0,1.3988888888888888,844
11370,0,0,0,1.3990123456790124,844
11371,0,0,0,1.3991358024691358,844
11372,0,0,0,1.3992592592592592,844
11373,0,0,0,1.3993827160493828,844
11374,0,0,0,1.3995061728395062,844
11375,0,0,0,1.3996296296296296,844
11376,0,0,0,1.3997530864197532,844
11377,0,0,0,1.3998765432098765,844
11378,0,0,0,1.4,844
11379,0,0,0,1.4001234567901235,844
11380,0,0,0,1.4002469135802469,844
11381,0,0,0,1.4003703703703703,844
11382,0,0,0,1.4004938271604939,844
11383,0,0,0,1.4006172839506172,844
11384,0,0,0,1.4007407407407408,844
11385,0,0,0,1.4008641975308642,844
11386,0,0,0,1.4009876543209876,844
11387,0,0,0,1.4011111111111112,844
11388,0,0,0,1.4012345679012346,844
11389,0,0,0,1.401358024691358,844
11390,0,0,0,1.4014814814814816,844
11391,0,0,0,1.401604938271605,844
11392,0,0,0,1.4017283950617283,844
11393,0,0,0,1.401851851851852,844
11394,0,0,0,1.4019753086419753,844
11395,0,0,0,1.4020987654320987,844
11396,0,0,0,1.4022222222222223,844
11397,0,0,0,1.4023456790123456,844
11398,1,1,0,1.4024691358024692,845
11399,0,0,0,1.4025925925925926,845
11400,0,0,0,1.402716049382716,845
11401,0,0,0,1.4028395061728396,845
11402,0,0,0,1.402962962962963,845
11403,0,0,0,1.4030864197530863,845
11404,0,0,0,1.40320987654321,845
11405,0,0,0,1.4033333333333333,845
11406,0,0,0,1.4034567901234567,845
11407,0,0,0,1.4035802469135803,845
11408,0,0,0,1.4037037037037037,845
11409,0,0,0,1.403827160493827,845
11410,0,0,0,1.4039506172839507,845
11411,1,1,0,1.404074074074074,846
11412,0,0,0,1.4041975308641976,846
11413,0,0,0,1.404320987654321,846
11414,0,0,0,1.4044444444444444,846
11415,0,0,0,1.404567901234568,846
11416,0,0,0,1.4046913580246914,846
11417,0,0,0,1.4048148148148147,846
11418,0,0,0,1.4049382716049383,846
11419,0,0,0,1.4050617283950617,846
11420,0,0,0,1.405185185185185,846
11421,0,0,0,1.4053086419753087,846
11422,0,0,0,1.405432098765432,846
11423,0,0,0,1.4055555555555554,846
11424,0,0,0,1.405679012345679,846
11425,0,0,0,1.4058024691358024,846
11426,0,0,0,1.405925925925926,846
11427,0,0,0,1.4060493827160494,846
11428,0,0,0,1.4061728395061728,846
11429,0,0,0,1.4062962962962964,846
11430,0,0,0,1.4064197530864198,846
11431,6,6,0,1.4065432098765431,852
11432,1,1,0,1.4066666666666667,853
11433,0,0,0,1.40679012345679,853
11434,0,0,0,1.4069135802469135,853
11435,0,0,0,1.407037037037037,853
11436,2,2,0,1.4071604938271605,855
11437,0,0,0,1.4072839506172838,855
11438,0,0,0,1.4074074074074074,855
11439,0,0,0,1.4075308641975308,855
11440,0,0,0,1.4076543209876544,855
11441,0,0,0,1.4077777777777778,855
11442,0,0,0,1.4079012345679012,855
11443,1,1,0,1.4080246913580248,856
11444,7,7,0,1.4081481481481481,863
11445,0,0,0,1.4082716049382715,863
11446,0,0,0,1.4083950617283951,863
11447,0,0,0,1.4085185185185185,863
11448,0,0,0,1.4086419753086419,863
11449,4,4,0,1.4087654320987655,867
11450,0,0,0,1.4088888888888889,867
11451,0,0,0,1.4090123456790122,867
11452,0,0,0,1.4091358024691358,867
11453,1,1,0,1.4092592592592592,868
11454,0,0,0,1.4093827160493828,868
11455,1,1,0,1.4095061728395062,869
11456,0,0,0,1.4096296296296296,869
11457,0,0,0,1.4097530864197532,869
11458,0,0,0,1.4098765432098765,869
11459,0,0,0,1.41,869
11460,0,0,0,1.4101234567901235,869
11461,0,0,0,1.410246913580247,869
11462,0,0,0,1.4103703703703703,869
11463,0,0,0,1.4104938271604939,869
11464,0,0,0,1.4106172839506173,869
11465,0,0,0,1.4107407407407409,869
11466,1,1,0,1.4108641975308642,870
11467,0,0,0,1.4109876543209876,870
11468,0,0,0,1.4111111111111112,870
11469,0,0,0,1.4112345679012346,870
11470,0,0,0,1.411358024691358,870
11471,1,1,0,1.4114814814814816,871
11472,0,0,0,1.411604938271605,871
11473,1,1,0,1.4117283950617283,872
11474,1,1,0,1.411851851851852,873
11475,2,2,0,1.4119753086419753,875
11476,0,0,0,1.4120987654320987,875
11477,0,0,0,1.4122222222222223,875
11478,4,4,0,1.4123456790123456,879
11479,0,0,0,1.4124691358024692,879
11480,0,0,0,1.4125925925925926,879
11481,0,0,0,1.412716049382716,879
11482,1,1,0,1.4128395061728396,880
11483,0,0,0,1.412962962962963,880
11484,0,0,0,1.4130864197530864,880
11485,1,1,0,1.41320987654321,881
11486,4,4,0,1.4133333333333333,885
11487,1,1,0,1.4134567901234567,886
11488,0,0,0,1.4135802469135803,886
11489,0,0,0,1.4137037037037037,886
11490,0,0,0,1.413827160493827,886
11491,0,0,0,1.4139506172839507,886
11492,0,0,0,1.414074074074074,886
11493,0,0,0,1.4141975308641976,886
11494,0,0,0,1.414320987654321,886
11495,0,0,0,1.4144444444444444,886
11496,0,0,0,1.414567901234568,886
11497,0,0,0,1.4146913580246914,886
11498,0,0,0,1.4148148148148147,886
11499,1,1,0,1.4149382716049383,887
11500,0,0,0,1.4150617283950617,887
11501,0,0,0,1.415185185185185,887
11502,0,0,0,1.4153086419753087,887
11503,0,0,0,1.415432098765432,887
11504,1,1,0,1.4155555555555555,888
11505,0,0,0,1.415679012345679,888
11506,0,0,0,1.4158024691358024,888
11507,0,0,0,1.415925925925926,888
11508,0,0,0,1.4160493827160494,888
11509,12,11,0,1.4161728395061728,900
11510,0,0,0,1.4162962962962964,900
11511,0,0,0,1.4164197530864198,900
11512,0,0,0,1.4165432098765431,900
11513,0,0,0,1.4166666666666667,900
11514,1,1,0,1.4167901234567901,901
11515,0,0,0,1.4169135802469135,901
11516,0,0,0,1.417037037037037,901
11517,0,0,0,1.4171604938271605,901
11518,0,0,0,1.4172839506172838,901
11519,0,0,0,1.4174074074074074,901
11520,2,2,0,1.4175308641975308,903
11521,0,0,0,1.4176543209876544,903
11522,0,0,0,1.4177777777777778,903
11523,0,0,0,1.4179012345679012,903
11524,2,2,0,1.4180246913580248,905
11525,0,0,0,1.4181481481481482,905
11526,0,0,0,1.4182716049382715,905
11527,0,0,0,1.4183950617283951,905
11528,0,0,0,1.4185185185185185,905
11529,2,2,0,1.418641975308642,907
11530,0,0,0,1.4187654320987655,907
11531,0,0,0,1.4188888888888889,907
11532,0,0,0,1.4190123456790122,907
11533,0,0,0,1.4191358024691358,907
11534,0,0,0,1.4192592592592592,907
11535,0,0,0,1.4193827160493828,907
11536,1,1,0,1.4195061728395062,908
11537,1,1,1,1.4195061728395062,909
11538,0,0,0,1.4196296296296296,909
11539,0,0,0,1.4197530864197532,909
11540,0,0,0,1.4198765432098766,909
11541,0,0,0,1.42,909
11542,0,0,0,1.4201234567901235,909
11543,0,0,0,1.420246913580247,909
11544,0,0,0,1.4203703703703703,909
11545,0,0,0,1.4204938271604939,909
11546,0,0,0,1.4206172839506173,909
11547,0,0,0,1.4207407407407406,909
11548,0,0,0,1.4208641975308642,909
11549,0,0,0,1.4209876543209876,909
11550,4,4,0,1.4211111111111112,913
11551,0,0,0,1.4212345679012346,913
11552,0,0,0,1.421358024691358,913
11553,2,2,0,1.4214814814814816,915
11554,0,0,0,1.421604938271605,915
11555,0,0,0,1.4217283950617283,915
11556,0,0,0,1.421851851851852,915
11557,0,0,0,1.4219753086419753,915
11558,0,0,0,1.4220987654320987,915
11559,0,0,0,1.4222222222222223,915
11560,0,0,0,1.4223456790123457,915
11561,0,0,0,1.422469135802469,915
11562,0,0,0,1.4225925925925926,915
11563,0,0,0,1.422716049382716,915
11564,0,0,0,1.4228395061728396,915
11565,0,0,0,1.422962962962963,915
11566,3,3,0,1.4230864197530864,918
11567,0,0,0,1.42320987654321,918
11568,0,0,0,1.4233333333333333,918
11569,0,0,0,1.4234567901234567,918
11570,0,0,0,1.4235802469135803,918
11571,0,0,0,1.4237037037037037,918
11572,0,0,0,1.423827160493827,918
11573,1,1,0,1.4239506172839507,919
11574,0,0,0,1.424074074074074,919
11575,0,0,0,1.4241975308641974,919
11576,0,0,0,1.424320987654321,919
11577,0,0,0,1.4244444444444444,919
11578,0,0,0,1.424567901234568,919
11579,1,1,0,1.4246913580246914,920
11580,0,0,0,1.4248148148148148,920
11581,0,0,0,1.4249382716049384,920
11582,1,1,0,1.4250617283950617,921
11583,0,0,0,1.425185185185185,921
11584,0,0,0,1.4253086419753087,921
11585,0,0,0,1.425432098765432,921
11586,0,0,0,1.4255555555555555,921
11587,0,0,0,1.425679012345679,921
11588,2,2,0,1.4258024691358024,923
11589,0,0,0,1.4259259259259258,923
11590,0,0,0,1.4260493827160494,923
11591,0,0,0,1.4261728395061728,923
11592,12,11,3,1.4259259259259258,935
11593,0,0,0,1.4260493827160494,935
11594,0,0,0,1.4261728395061728,935
11595,0,0,0,1.4262962962962964,935
11596,0,0,0,1.4264197530864198,935
11597,0,0,0,1.4265432098765432,935
11598,0,0,0,1.4266666666666667,935
11599,0,0,0,1.4267901234567901,935
11600,0,0,0,1.4269135802469135,935
11601,0,0,0,1.427037037037037,935
11602,0,0,0,1.4271604938271605,935
11603,0,0,0,1.4272839506172839,935
11604,0,0,0,1.4274074074074075,935
11605,0,0,0,1.4275308641975308,935
11606,0,0,0,1.4276543209876542,935
11607,0,0,0,1.4277777777777778,935
11608,0,0,0,1.4279012345679012,935
11609,0,0,0,1.4280246913580248,935
11610,0,0,0,1.4281481481481482,935
11611,1,1,0,1.4282716049382715,936
11612,0,0,0,1.4283950617283951,936
11613,0,0,0,1.4285185185185185,936
11614,1,1,0,1.428641975308642,937
11615,0,0,0,1.4287654320987655,937
11616,0,0,0,1.4288888888888889,937
11617,0,0,0,1.4290123456790123,937
11618,0,0,0,1.4291358024691359,937
11619,0,0,0,1.4292592592592592,937
11620,0,0,0,1.4293827160493826,937
11621,1,1,0,1.4295061728395062,938
11622,0,0,0,1.4296296296296296,938
11623,0,0,0,1.4297530864197532,938
11624,0,0,0,1.4298765432098766,938
11625,6,6,0,1.43,944
11626,0,0,0,1.4301234567901235,944
11627,0,0,0,1.430246913580247,944
11628,1,1,0,1.4303703703703703,945
11629,0,0,0,1.430493827160494,945
11630,2,2,0,1.4306172839506173,947
11631,0,0,0,1.4307407407407406,947
11632,0,0,0,1.4308641975308642,947
11633,4,4,0,1.4309876543209876,951
11634,0,0,0,1.431111111111111,951
11635,0,0,0,1.4312345679012346,951
11636,0,0,0,1.431358024691358,951
11637,0,0,0,1.4314814814814816,951
11638,0,0,0,1.431604938271605,951
11639,0,0,0,1.4317283950617283,951
11640,0,0,0,1.431851851851852,951
11641,1,1,0,1.4319753086419753,952
11642,0,0,0,1.4320987654320987,952
11643,4,4,0,1.4322222222222223,956
11644,0,0,0,1.4323456790123457,956
11645,0,0,0,1.432469135802469,956
11646,0,0,0,1.4325925925925926,956
11647,0,0,0,1.432716049382716,956
11648,0,0,0,1.4328395061728396,956
11649,0,0,0,1.432962962962963,956
11650,0,0,0,1.4330864197530864,956
11651,0,0,0,1.43320987654321,956
11652,0,0,0,1.4333333333333333,956
11653,0,0,0,1.4334567901234567,956
11654,0,0,0,1.4335802469135803,956
11655,0,0,0,1.4337037037037037,956
11656,0,0,0,1.433827160493827,956
11657,0,0,0,1.4339506172839507,956
11658,1,1,0,1.434074074074074,957
11659,0,0,0,1.4341975308641974,957
11660,0,0,0,1.434320987654321,957
11661,0,0,0,1.4344444444444444,957
11662,3,3,0,1.434567901234568,960
11663,0,0,0,1.4346913580246914,960
11664,0,0,0,1.4348148148148148,960
11665,0,0,0,1.4349382716049384,960
11666,1,1,1,1.4349382716049384,961
11667,3,3,0,1.4350617283950617,964
11668,0,0,0,1.4351851851851851,964
11669,0,0,0,1.4353086419753087,964
11670,0,0,0,1.435432098765432,964
11671,3,3,0,1.4355555555555555,967
11672,0,0,0,1.435679012345679,967
11673,0,0,0,1.4358024691358025,967
11674,0,0,0,1.4359259259259258,967
11675,0,0,0,1.4360493827160494,967
11676,0,0,0,1.4361728395061728,967
11677,0,0,0,1.4362962962962964,967
11678,0,0,0,1.4364197530864198,967
11679,0,0,0,1.4365432098765432,967
11680,0,0,0,1.4366666666666668,967
11681,0,0,0,1.4367901234567901,967
11682,0,0,0,1.4369135802469135,967
11683,0,0,0,1.4370370370370371,967
11684,0,0,0,1.4371604938271605,967
11685,0,0,0,1.4372839506172839,967
11686,0,0,0,1.4374074074074075,967
11687,0,0,0,1.4375308641975308,967
11688,0,0,0,1.4376543209876542,967
11689,0,0,0,1.4377777777777778,967
11690,0,0,0,1.4379012345679012,967
11691,0,0,0,1.4380246913580248,967
11692,0,0,0,1.4381481481481482,967
11693,0,0,0,1.4382716049382716,967
11694,0,0,0,1.4383950617283952,967
11695,13,13,0,1.4385185185185185,980
11696,0,0,0,1.438641975308642,980
11697,0,0,0,1.4387654320987655,980
11698,0,0,0,1.4388888888888889,980
11699,0,0,0,1.4390123456790123,980
11700,0,0,0,1.4391358024691359,980
11701,2,2,0,1.4392592592592592,982
11702,1,1,0,1.4393827160493826,983
11703,0,0,0,1.4395061728395062,983
11704,0,0,0,1.4396296296296296,983
11705,1,1,0,1.4397530864197532,984
11706,0,0,0,1.4398765432098766,984
11707,0,0,0,1.44,984
11708,1,1,0,1.4401234567901235,985
11709,0,0,0,1.440246913580247,985
11710,0,0,0,1.4403703703703703,985
11711,2,2,0,1.440493827160494,987
11712,0,0,0,1.4406172839506173,987
11713,0,0,0,1.4407407407407407,987
11714,0,0,0,1.4408641975308643,987
11715,0,0,0,1.4409876543209876,987
11716,0,0,0,1.441111111111111,987
11717,0,0,0,1.4412345679012346,987
11718,0,0,0,1.441358024691358,987
11719,0,0,0,1.4414814814814816,987
11720,1,1,0,1.441604938271605,988
11721,0,0,0,1.4417283950617283,988
11722,1,1,0,1.441851851851852,989
11723,0,0,0,1.4419753086419753,989
11724,0,0,0,1.4420987654320987,989
11725,0,0,0,1.4422222222222223,989
11726,0,0,0,1.4423456790123457,989
11727,0,0,0,1.442469135802469,989
11728,0,0,0,1.4425925925925926,989
11729,0,0,0,1.442716049382716,989
11730,5,5,0,1.4428395061728394,994
11731,1,1,0,1.442962962962963,995
11732,0,0,0,1.4430864197530864,995
11733,0,0,0,1.44320987654321,995
11734,1,1,1,1.44320987654321,996
11735,0,0,0,1.4433333333333334,996
11736,0,0,0,1.4434567901234567,996
11737,0,0,0,1.4435802469135803,996
11738,0,0,0,1.4437037037037037,996
11739,0,0,0,1.443827160493827,996
11740,0,0,0,1.4439506172839507,996
11741,0,0,0,1.444074074074074,996
11742,0,0,0,1.4441975308641974,996
11743,1,1,0,1.444320987654321,997
11744,0,0,0,1.4444444444444444,997
11745,0,0,0,1.4445679012345678,997
11746,0,0,0,1.4446913580246914,997
11747,0,0,0,1.4448148148148148,997
11748,0,0,0,1.4449382716049384,997
11749,0,0,0,1.4450617283950618,997
11750,0,0,0,1.4451851851851851,997
11751,0,0,0,1.4453086419753087,997
11752,0,0,0,1.445432098765432,997
11753,0,0,0,1.4455555555555555,997
11754,0,0,0,1.445679012345679,997
11755,0,0,0,1.4458024691358025,997
11756,0,0,0,1.4459259259259258,997
11757,5,5,0,1.4460493827160494,1002
11758,0,0,0,1.4461728395061728,1002
11759,0,0,0,1.4462962962962962,1002
11760,1,1,0,1.4464197530864198,1003
11761,0,0,0,1.4465432098765432,1003
11762,0,0,0,1.4466666666666668,1003
11763,0,0,0,1.4467901234567901,1003
11764,0,0,0,1.4469135802469135,1003
11765,0,0,0,1.4470370370370371,1003
11766,1,1,0,1.4471604938271605,1004
11767,3,3,0,1.4472839506172839,1007
11768,0,0,0,1.4474074074074075,1007
11769,0,0,0,1.4475308641975309,1007
11770,0,0,0,1.4476543209876542,1007
11771,0,0,0,1.4477777777777778,1007
11772,1,1,0,1.4479012345679012,1008
11773,0,0,0,1.4480246913580246,1008
11774,0,0,0,1.4481481481481482,1008
11775,0,0,0,1.4482716049382716,1008
11776,0,0,0,1.4483950617283952,1008
11777,0,0,0,1.4485185185185185,1008
11778,0,0,0,1.448641975308642,1008
11779,3,3,0,1.4487654320987655,1011
11780,3,3,0,1.448888888888889,1014
11781,0,0,0,1.4490123456790123,1014
11782,0,0,0,1.4491358024691359,1014
11783,0,0,0,1.4492592592592592,1014
11784,1,1,1,1.4492592592592592,1015
11785,0,0,0,1.4493827160493826,1015
11786,0,0,0,1.4495061728395062,1015
11787,0,0,0,1.4496296296296296,1015
11788,0,0,0,1.449753086419753,1015
11789,0,0,0,1.4498765432098766,1015
11790,0,0,0,1.45,1015
11791,0,0,0,1.4501234567901236,1015
11792,0,0,0,1.450246913580247,1015
11793,0,0,0,1.4503703703703703,1015
11794,0,0,0,1.450493827160494,1015
11795,0,0,0,1.4506172839506173,1015
11796,0,0,0,1.4507407407407407,1015
11797,0,0,0,1.4508641975308643,1015
11798,0,0,0,1.4509876543209876,1015
11799,0,0,0,1.451111111111111,1015
11800,0,0,0,1.4512345679012346,1015
11801,0,0,0,1.451358024691358,1015
11802,0,0,0,1.4514814814814814,1015
11803,0,0,0,1.451604938271605,1015
11804,0,0,0,1.4517283950617283,1015
11805,0,0,0,1.451851851851852,1015
11806,0,0,0,1.4519753086419753,1015
11807,0,0,0,1.4520987654320987,1015
11808,0,0,0,1.4522222222222223,1015
11809,0,0,0,1.4523456790123457,1015
11810,2,2,0,1.452469135802469,1017
11811,1,1,0,1.4525925925925927,1018
11812,0,0,0,1.452716049382716,1018
11813,0,0,0,1.4528395061728394,1018
11814,0,0,0,1.452962962962963,1018
11815,0,0,0,1.4530864197530864,1018
11816,0,0,0,1.4532098765432098,1018
11817,0,0,0,1.4533333333333334,1018
11818,0,0,0,1.4534567901234567,1018
11819,0,0,0,1.4535802469135803,1018
11820,1,1,0,1.4537037037037037,1019
11821,0,0,0,1.453827160493827,1019
11822,0,0,0,1.4539506172839507,1019
11823,0,0,0,1.454074074074074,1019
11824,0,0,0,1.4541975308641975,1019
11825,0,0,0,1.454320987654321,1019
11826,0,0,0,1.4544444444444444,1019
11827,6,6,0,1.4545679012345678,1025
11828,0,0,0,1.4546913580246914,1025
11829,0,0,0,1.4548148148148148,1025
11830,0,0,0,1.4549382716049384,1025
11831,0,0,0,1.4550617283950618,1025
11832,0,0,0,1.4551851851851851,1025
11833,4,4,0,1.4553086419753087,1029
11834,0,0,0,1.4554320987654321,1029
11835,0,0,0,1.4555555555555555,1029
11836,0,0,0,1.455679012345679,1029
11837,0,0,0,1.4558024691358025,1029
11838,0,0,0,1.4559259259259258,1029
11839,0,0,0,1.4560493827160494,1029
11840,0,0,0,1.4561728395061728,1029
11841,0,0,0,1.4562962962962962,1029
11842,0,0,0,1.4564197530864198,1029
11843,0,0,0,1.4565432098765432,1029
11844,0,0,0,1.4566666666666668,1029
11845,0,0,0,1.4567901234567902,1029
11846,0,0,0,1.4569135802469135,1029
11847,0,0,0,1.4570370370370371,1029
11848,0,0,0,1.4571604938271605,1029
11849,0,0,0,1.4572839506172839,1029
11850,0,0,0,1.4574074074074075,1029
11851,0,0,0,1.4575308641975309,1029
11852,0,0,0,1.4576543209876542,1029
11853,0,0,0,1.4577777777777778,1029
11854,0,0,0,1.4579012345679012,1029
11855,0,0,0,1.4580246913580246,1029
11856,0,0,0,1.4581481481481482,1029
11857,0,0,0,1.4582716049382716,1029
11858,0,0,0,1.4583950617283952,1029
11859,1,1,0,1.4585185185185185,1030
11860,0,0,0,1.458641975308642,1030
11861,0,0,0,1.4587654320987655,1030
11862,7,7,0,1.458888888888889,1037
11863,0,0,0,1.4590123456790123,1037
11864,0,0,0,1.4591358024691359,1037
11865,5,5,3,1.458888888888889,1042
11866,0,0,0,1.4590123456790123,1042
11867,1,1,1,1.4590123456790123,1043
11868,0,0,0,1.4591358024691359,1043
11869,0,0,0,1.4592592592592593,1043
11870,0,0,0,1.4593827160493826,1043
11871,0,0,0,1.4595061728395062,1043
11872,0,0,0,1.4596296296296296,1043
11873,0,0,0,1.459753086419753,1043
11874,1,1,0,1.4598765432098766,1044
11875,0,0,0,1.46,1044
11876,0,0,0,1.4601234567901236,1044
11877,0,0,0,1.460246913580247,1044
11878,2,2,0,1.4603703703703703,1046
11879,0,0,0,1.460493827160494,1046
11880,1,1,0,1.4606172839506173,1047
11881,0,0,0,1.4607407407407407,1047
11882,0,0,0,1.4608641975308643,1047
11883,0,0,0,1.4609876543209876,1047
11884,0,0,0,1.461111111111111,1047
11885,0,0,0,1.4612345679012346,1047
11886,5,5,0,1.461358024691358,1052
11887,0,0,0,1.4614814814814814,1052
11888,0,0,0,1.461604938271605,1052
11889,1,1,0,1.4617283950617284,1053
11890,0,0,0,1.461851851851852,1053
11891,0,0,0,1.4619753086419753,1053
11892,0,0,0,1.4620987654320987,1053
11893,0,0,0,1.4622222222222223,1053
11894,4,4,0,1.4623456790123457,1057
11895,1,1,0,1.462469135802469,1058
11896,0,0,0,1.4625925925925927,1058
11897,1,1,0,1.462716049382716,1059
11898,1,1,0,1.4628395061728394,1060
11899,2,2,0,1.462962962962963,1062
11900,0,0,0,1.4630864197530864,1062
11901,0,0,0,1.4632098765432098,1062
11902,0,0,0,1.4633333333333334,1062
11903,0,0,0,1.4634567901234568,1062
11904,1,1,0,1.4635802469135804,1063
11905,0,0,0,1.4637037037037037,1063
11906,0,0,0,1.463827160493827,1063
11907,0,0,0,1.4639506172839507,1063
11908,0,0,0,1.464074074074074,1063
11909,0,0,0,1.4641975308641975,1063
11910,5,5,0,1.464320987654321,1068
11911,0,0,0,1.4644444444444444,1068
11912,0,0,0,1.4645679012345678,1068
11913,0,0,0,1.4646913580246914,1068
11914,0,0,0,1.4648148148148148,1068
11915,0,0,0,1.4649382716049382,1068
11916,0,0,0,1.4650617283950618,1068
11917,0,0,0,1.4651851851851851,1068
11918,0,0,0,1.4653086419753087,1068
11919,0,0,0,1.4654320987654321,1068
11920,0,0,0,1.4655555555555555,1068
11921,0,0,0,1.465679012345679,1068
11922,0,0,0,1.4658024691358025,1068
11923,3,3,2,1.465679012345679,1071
11924,0,0,0,1.4658024691358025,1071
11925,0,0,0,1.4659259259259259,1071
11926,2,2,0,1.4660493827160495,1073
11927,0,0,0,1.4661728395061728,1073
11928,2,2,0,1.4662962962962962,1075
11929,0,0,0,1.4664197530864198,1075
11930,2,2,0,1.4665432098765432,1077
11931,2,2,0,1.4666666666666666,1079
11932,0,0,0,1.4667901234567902,1079
11933,0,0,0,1.4669135802469135,1079
11934,0,0,0,1.4670370370370371,1079
11935,0,0,0,1.4671604938271605,1079
11936,2,2,0,1.467283950617284,1081
11937,0,0,0,1.4674074074074075,1081
11938,0,0,0,1.4675308641975309,1081
11939,0,0,0,1.4676543209876542,1081
11940,1,1,0,1.4677777777777778,1082
11941,0,0,0,1.4679012345679012,1082
11942,0,0,0,1.4680246913580246,1082
11943,1,1,0,1.4681481481481482,1083
11944,0,0,0,1.4682716049382716,1083
11945,0,0,0,1.468395061728395,1083
11946,0,0,0,1.4685185185185186,1083
11947,0,0,0,1.468641975308642,1083
11948,0,0,0,1.4687654320987655,1083
11949,0,0,0,1.468888888888889,1083
11950,0,0,0,1.4690123456790123,1083
11951,0,0,0,1.4691358024691359,1083
11952,0,0,0,1.4692592592592593,1083
11953,0,0,0,1.4693827160493826,1083
11954,0,0,0,1.4695061728395062,1083
11955,0,0,0,1.4696296296296296,1083
11956,0,0,0,1.469753086419753,1083
11957,0,0,0,1.4698765432098766,1083
11958,0,0,0,1.47,1083
11959,0,0,0,1.4701234567901234,1083
11960,0,0,0,1.470246913580247,1083
11961,0,0,0,1.4703703703703703,1083
11962,0,0,0,1.470493827160494,1083
11963,0,0,0,1.4706172839506173,1083
11964,0,0,0,1.4707407407407407,1083
11965,0,0,0,1.4708641975308643,1083
11966,1,1,0,1.4709876543209877,1084
11967,0,0,0,1.471111111111111,1084
11968,0,0,0,1.4712345679012346,1084
11969,0,0,0,1.471358024691358,1084
11970,0,0,0,1.4714814814814814,1084
11971,0,0,0,1.471604938271605,1084
11972,0,0,0,1.4717283950617284,1084
11973,0,0,0,1.4718518518518517,1084
11974,2,2,0,1.4719753086419753,1086
11975,0,0,0,1.4720987654320987,1086
11976,0,0,0,1.4722222222222223,1086
11977,0,0,0,1.4723456790123457,1086
11978,8,8,0,1.472469135802469,1094
11979,0,0,0,1.4725925925925927,1094
11980,0,0,0,1.472716049382716,1094
11981,0,0,0,1.4728395061728394,1094
11982,0,0,0,1.472962962962963,1094
11983,3,3,0,1.4730864197530864,1097
11984,0,0,0,1.4732098765432098,1097
11985,0,0,0,1.4733333333333334,1097
11986,3,3,0,1.4734567901234568,1100
11987,0,0,0,1.4735802469135801,1100
11988,0,0,0,1.4737037037037037,1100
11989,23,21,0,1.4738271604938271,1123
11990,0,0,0,1.4739506172839507,1123
11991,0,0,0,1.474074074074074,1123
11992,1,1,0,1.4741975308641975,1124
11993,2,2,0,1.474320987654321,1126
11994,1,1,0,1.4744444444444444,1127
11995,0,0,0,1.4745679012345678,1127
11996,0,0,0,1.4746913580246914,1127
11997,0,0,0,1.4748148148148148,1127
11998,0,0,0,1.4749382716049382,1127
11999,0,0,0,1.4750617283950618,1127
12000,0,0,0,1.4751851851851852,1127
12001,0,0,0,1.4753086419753085,1127
12002,0,0,0,1.4754320987654321,1127
12003,0,0,0,1.4755555555555555,1127
12004,0,0,0,1.475679012345679,1127
12005,0,0,0,1.4758024691358025,1127
12006,0,0,0,1.4759259259259259,1127
12007,0,0,0,1.4760493827160495,1127
12008,0,0,0,1.4761728395061728,1127
12009,0,0,0,1.4762962962962962,1127
12010,0,0,0,1.4764197530864198,1127
12011,0,0,0,1.4765432098765432,1127
12012,0,0,0,1.4766666666666666,1127
12013,0,0,0,1.4767901234567902,1127
12014,0,0,0,1.4769135802469135,1127
12015,0,0,0,1.477037037037037,1127
12016,0,0,0,1.4771604938271605,1127
12017,0,0,0,1.477283950617284,1127
12018,0,0,0,1.4774074074074075,1127
12019,0,0,0,1.4775308641975309,1127
12020,0,0,0,1.4776543209876543,1127
12021,0,0,0,1.4777777777777779,1127
12022,0,0,0,1.4779012345679012,1127
12023,0,0,0,1.4780246913580246,1127
12024,0,0,0,1.4781481481481482,1127
12025,0,0,0,1.4782716049382716,1127
12026,0,0,0,1.478395061728395,1127
12027,0,0,0,1.4785185185185186,1127
12028,1,1,0,1.478641975308642,1128
12029,2,2,0,1.4787654320987655,1130
12030,0,0,0,1.478888888888889,1130
12031,0,0,0,1.4790123456790123,1130
12032,2,2,0,1.479135802469136,1132
12033,0,0,0,1.4792592592592593,1132
12034,0,0,0,1.4793827160493827,1132
12035,1,1,0,1.4795061728395063,1133
12036,2,2,0,1.4796296296296296,1135
12037,0,0,0,1.479753086419753,1135
12038,0,0,0,1.4798765432098766,1135
12039,0,0,0,1.48,1135
12040,0,0,0,1.4801234567901234,1135
12041,1,1,0,1.480246913580247,1136
12042,0,0,0,1.4803703703703703,1136
12043,0,0,0,1.480493827160494,1136
12044,0,0,0,1.4806172839506173,1136
12045,0,0,0,1.4807407407407407,1136
12046,0,0,0,1.4808641975308643,1136
12047,0,0,0,1.4809876543209877,1136
12048,19,19,0,1.481111111111111,1155
12049,1,1,0,1.4812345679012346,1156
12050,0,0,0,1.481358024691358,1156
12051,0,0,0,1.4814814814814814,1156
12052,1,1,0,1.481604938271605,1157
12053,4,4,0,1.4817283950617284,1161
12054,0,0,0,1.4818518518518518,1161
12055,6,6,0,1.4819753086419754,1167
12056,1,1,0,1.4820987654320987,1168
12057,0,0,0,1.4822222222222223,1168
12058,0,0,0,1.4823456790123457,1168
12059,0,0,0,1.482469135802469,1168
12060,8,8,0,1.4825925925925927,1176
12061,1,1,0,1.482716049382716,1177
12062,0,0,0,1.4828395061728394,1177
12063,0,0,0,1.482962962962963,1177
12064,0,0,0,1.4830864197530864,1177
12065,0,0,0,1.4832098765432098,1177
12066,2,2,0,1.4833333333333334,1179
12067,0,0,0,1.4834567901234568,1179
12068,0,0,0,1.4835802469135801,1179
12069,0,0,0,1.4837037037037037,1179
12070,0,0,0,1.4838271604938271,1179
12071,0,0,0,1.4839506172839507,1179
12072,1,1,0,1.484074074074074,1180
12073,0,0,0,1.4841975308641975,1180
12074,0,0,0,1.484320987654321,1180
12075,0,0,0,1.4844444444444445,1180
12076,0,0,0,1.4845679012345678,1180
12077,0,0,0,1.4846913580246914,1180
12078,0,0,0,1.4848148148148148,1180
12079,0,0,0,1.4849382716049382,1180
12080,0,0,0,1.4850617283950618,1180
12081,0,0,0,1.4851851851851852,1180
12082,1,1,0,1.4853086419753085,1181
12083,5,5,0,1.4854320987654321,1186
12084,0,0,0,1.4855555555555555,1186
12085,0,0,0,1.4856790123456791,1186
12086,0,0,0,1.4858024691358025,1186
12087,0,0,0,1.4859259259259259,1186
12088,1,1,0,1.4860493827160495,1187
12089,0,0,0,1.4861728395061728,1187
12090,0,0,0,1.4862962962962962,1187
12091,0,0,0,1.4864197530864198,1187
12092,0,0,0,1.4865432098765432,1187
12093,1,1,0,1.4866666666666666,1188
12094,0,0,0,1.4867901234567902,1188
12095,0,0,0,1.4869135802469136,1188
12096,0,0,0,1.487037037037037,1188
12097,0,0,0,1.4871604938271605,1188
12098,0,0,0,1.487283950617284,1188
12099,0,0,0,1.4874074074074075,1188
12100,2,2,1,1.4874074074074075,1190
12101,0,0,0,1.4875308641975309,1190
12102,0,0,0,1.4876543209876543,1190
12103,1,1,0,1.4877777777777779,1191
12104,3,3,0,1.4879012345679012,1194
12105,0,0,0,1.4880246913580246,1194
12106,0,0,0,1.4881481481481482,1194
12107,0,0,0,1.4882716049382716,1194
12108,0,0,0,1.488395061728395,1194
12109,0,0,0,1.4885185185185186,1194
12110,0,0,0,1.488641975308642,1194
12111,0,0,0,1.4887654320987653,1194
12112,2,2,0,1.488888888888889,1196
12113,0,0,0,1.4890123456790123,1196
12114,0,0,0,1.489135802469136,1196
12115,0,0,0,1.4892592592592593,1196
12116,0,0,0,1.4893827160493827,1196
12117,0,0,0,1.4895061728395063,1196
12118,1,1,0,1.4896296296296296,1197
12119,0,0,0,1.489753086419753,1197
12120,0,0,0,1.4898765432098766,1197
12121,6,6,0,1.49,1203
12122,0,0,0,1.4901234567901234,1203
12123,0,0,0,1.490246913580247,1203
12124,0,0,0,1.4903703703703703,1203
12125,0,0,0,1.4904938271604937,1203
12126,0,0,0,1.4906172839506173,1203
12127,0,0,0,1.4907407407407407,1203
12128,0,0,0,1.4908641975308643,1203
12129,0,0,0,1.4909876543209877,1203
12130,3,3,0,1.491111111111111,1206
12131,0,0,0,1.4912345679012347,1206
12132,4,4,0,1.491358024691358,1210
12133,0,0,0,1.4914814814814814,1210
12134,0,0,0,1.491604938271605,1210
12135,0,0,0,1.4917283950617284,1210
12136,0,0,0,1.4918518518518518,1210
12137,0,0,0,1.4919753086419754,1210
12138,0,0,0,1.4920987654320987,1210
12139,0,0,0,1.4922222222222221,1210
12140,0,0,0,1.4923456790123457,1210
12141,0,0,0,1.492469135802469,1210
12142,2,2,0,1.4925925925925927,1212
12143,0,0,0,1.492716049382716,1212
12144,0,0,0,1.4928395061728394,1212
12145,0,0,0,1.492962962962963,1212
12146,0,0,0,1.4930864197530864,1212
12147,0,0,0,1.4932098765432098,1212
12148,0,0,0,1.4933333333333334,1212
12149,0,0,0,1.4934567901234568,1212
12150,1,1,0,1.4935802469135802,1213
12151,4,4,0,1.4937037037037038,1217
12152,0,0,0,1.4938271604938271,1217
12153,0,0,0,1.4939506172839505,1217
12154,0,0,0,1.494074074074074,1217
12155,0,0,0,1.4941975308641975,1217
12156,0,0,0,1.494320987654321,1217
12157,0,0,0,1.4944444444444445,1217
12158,1,1,0,1.4945679012345678,1218
12159,0,0,0,1.4946913580246914,1218
12160,0,0,0,1.4948148148148148,1218
12161,0,0,0,1.4949382716049382,1218
12162,0,0,0,1.4950617283950618,1218
12163,0,0,0,1.4951851851851852,1218
12164,1,1,1,1.4951851851851852,1219
12165,2,2,0,1.4953086419753086,1221
12166,0,0,0,1.4954320987654321,1221
12167,0,0,0,1.4955555555555555,1221
12168,2,2,0,1.495679012345679,1223
12169,0,0,0,1.4958024691358025,1223
12170,0,0,0,1.4959259259259259,1223
12171,0,0,0,1.4960493827160495,1223
12172,0,0,0,1.4961728395061729,1223
12173,0,0,0,1.4962962962962962,1223
12174,0,0,0,1.4964197530864198,1223
12175,0,0,0,1.4965432098765432,1223
12176,0,0,0,1.4966666666666666,1223
12177,0,0,0,1.4967901234567902,1223
12178,0,0,0,1.4969135802469136,1223
12179,0,0,0,1.497037037037037,1223
12180,0,0,0,1.4971604938271605,1223
12181,0,0,0,1.497283950617284,1223
12182,0,0,0,1.4974074074074073,1223
12183,0,0,0,1.497530864197531,1223
12184,0,0,0,1.4976543209876543,1223
12185,2,2,0,1.4977777777777779,1225
12186,0,0,0,1.4979012345679013,1225
12187,0,0,0,1.4980246913580246,1225
12188,0,0,0,1.4981481481481482,1225
12189,1,1,1,1.4981481481481482,1226
12190,0,0,0,1.4982716049382716,1226
12191,1,1,0,1.498395061728395,1227
12192,0,0,0,1.4985185185185186,1227
12193,1,1,0,1.498641975308642,1228
12194,1,1,0,1.4987654320987653,1229
12195,0,0,0,1.498888888888889,1229
12196,0,0,0,1.4990123456790123,1229
12197,5,5,0,1.4991358024691357,1234
12198,0,0,0,1.4992592592592593,1234
12199,0,0,0,1.4993827160493827,1234
12200,0,0,0,1.4995061728395063,1234
12201,0,0,0,1.4996296296296296,1234
12202,0,0,0,1.499753086419753,1234
12203,0,0,0,1.4998765432098766,1234
12204,0,0,0,1.5,1234
12205,0,0,0,1.5001234567901234,1234
12206,0,0,0,1.500246913580247,1234
12207,0,0,0,1.5003703703703704,1234
12208,0,0,0,1.5004938271604937,1234
12209,0,0,0,1.5006172839506173,1234
12210,0,0,0,1.5007407407407407,1234
12211,1,1,0,1.5008641975308643,1235
12212,0,0,0,1.5009876543209877,1235
12213,0,0,0,1.501111111111111,1235
12214,0,0,0,1.5012345679012347,1235
12215,0,0,0,1.501358024691358,1235
12216,0,0,0,1.5014814814814814,1235
12217,0,0,0,1.501604938271605,1235
12218,0,0,0,1.5017283950617284,1235
12219,0,0,0,1.5018518518518518,1235
12220,0,0,0,1.5019753086419754,1235
12221,0,0,0,1.5020987654320987,1235
12222,4,4,0,1.5022222222222221,1239
12223,6,6,0,1.5023456790123457,1245
12224,0,0,0,1.502469135802469,1245
12225,0,0,0,1.5025925925925927,1245
12226,0,0,0,1.502716049382716,1245
12227,0,0,0,1.5028395061728395,1245
12228,0,0,0,1.502962962962963,1245
12229,0,0,0,1.5030864197530864,1245
12230,1,1,0,1.5032098765432098,1246
12231,0,0,0,1.5033333333333334,1246
12232,1,1,0,1.5034567901234568,1247
12233,0,0,0,1.5035802469135802,1247
12234,0,0,0,1.5037037037037038,1247
12235,0,0,0,1.5038271604938271,1247
12236,6,6,0,1.5039506172839505,1253
12237,0,0,0,1.5040740740740741,1253
12238,0,0,0,1.5041975308641975,1253
12239,1,1,0,1.504320987654321,1254
12240,4,4,0,1.5044444444444445,1258
12241,0,0,0,1.5045679012345679,1258
12242,0,0,0,1.5046913580246914,1258
12243,0,0,0,1.5048148148148148,1258
12244,0,0,0,1.5049382716049382,1258
12245,0,0,0,1.5050617283950618,1258
12246,0,0,0,1.5051851851851852,1258
12247,0,0,0,1.5053086419753086,1258
12248,1,1,0,1.5054320987654322,1259
12249,2,2,0,1.5055555555555555,1261
12250,0,0,0,1.505679012345679,1261
12251,0,0,0,1.5058024691358025,1261
12252,0,0,0,1.505925925925926,1261
12253,0,0,0,1.5060493827160495,1261
12254,1,1,0,1.5061728395061729,1262
12255,0,0,0,1.5062962962962962,1262
12256,0,0,0,1.5064197530864198,1262
12257,3,3,0,1.5065432098765432,1265
12258,0,0,0,1.5066666666666666,1265
12259,0,0,0,1.5067901234567902,1265
12260,0,0,0,1.5069135802469136,1265
12261,0,0,0,1.507037037037037,1265
12262,0,0,0,1.5071604938271606,1265
12263,0,0,0,1.507283950617284,1265
12264,0,0,0,1.5074074074074073,1265
12265,0,0,0,1.507530864197531,1265
12266,0,0,0,1.5076543209876543,1265
12267,0,0,0,1.5077777777777779,1265
12268,0,0,0,1.5079012345679013,1265
12269,0,0,0,1.5080246913580246,1265
12270,1,1,0,1.5081481481481482,1266
12271,0,0,0,1.5082716049382716,1266
12272,0,0,0,1.508395061728395,1266
12273,0,0,0,1.5085185185185186,1266
12274,0,0,0,1.508641975308642,1266
12275,0,0,0,1.5087654320987653,1266
12276,0,0,0,1.508888888888889,1266
12277,2,2,0,1.5090123456790123,1268
12278,0,0,0,1.5091358024691357,1268
12279,0,0,0,1.5092592592592593,1268
12280,0,0,0,1.5093827160493827,1268
12281,2,2,0,1.5095061728395063,1270
12282,0,0,0,1.5096296296296297,1270
12283,0,0,0,1.509753086419753,1270
12284,0,0,0,1.5098765432098766,1270
12285,0,0,0,1.51,1270
12286,0,0,0,1.5101234567901234,1270
12287,0,0,0,1.510246913580247,1270
12288,2,2,1,1.510246913580247,1272
12289,0,0,0,1.5103703703703704,1272
12290,0,0,0,1.5104938271604937,1272
12291,0,0,0,1.5106172839506173,1272
12292,0,0,0,1.5107407407407407,1272
12293,0,0,0,1.510864197530864,1272
12294,0,0,0,1.5109876543209877,1272
12295,0,0,0,1.511111111111111,1272
12296,0,0,0,1.5112345679012347,1272
12297,2,2,0,1.511358024691358,1274
12298,0,0,0,1.5114814814814814,1274
12299,0,0,0,1.511604938271605,1274
12300,0,0,0,1.5117283950617284,1274
12301,0,0,0,1.5118518518518518,1274
12302,0,0,0,1.5119753086419754,1274
12303,0,0,0,1.5120987654320988,1274
12304,0,0,0,1.5122222222222221,1274
12305,2,2,0,1.5123456790123457,1276
12306,0,0,0,1.5124691358024691,1276
12307,0,0,0,1.5125925925925925,1276
12308,0,0,0,1.512716049382716,1276
12309,0,0,0,1.5128395061728395,1276
12310,0,0,0,1.512962962962963,1276
12311,0,0,0,1.5130864197530864,1276
12312,0,0,0,1.5132098765432098,1276
12313,0,0,0,1.5133333333333334,1276
12314,0,0,0,1.5134567901234568,1276
12315,1,1,0,1.5135802469135802,1277
12316,0,0,0,1.5137037037037038,1277
12317,0,0,0,1.5138271604938272,1277
12318,0,0,0,1.5139506172839505,1277
12319,0,0,0,1.5140740740740741,1277
12320,3,3,0,1.5141975308641975,1280
12321,0,0,0,1.5143209876543209,1280
12322,1,1,0,1.5144444444444445,1281
12323,0,0,0,1.5145679012345679,1281
12324,0,0,0,1.5146913580246915,1281
12325,0,0,0,1.5148148148148148,1281
12326,0,0,0,1.5149382716049382,1281
12327,1,1,0,1.5150617283950618,1282
12328,2,2,2,1.5149382716049382,1284
12329,2,2,0,1.5150617283950618,1286
12330,0,0,0,1.5151851851851852,1286
12331,0,0,0,1.5153086419753086,1286
12332,0,0,0,1.5154320987654322,1286
12333,0,0,0,1.5155555555555555,1286
12334,0,0,0,1.515679012345679,1286
12335,0,0,0,1.5158024691358025,1286
12336,3,3,0,1.515925925925926,1289
12337,0,0,0,1.5160493827160493,1289
12338,1,1,0,1.5161728395061729,1290
12339,0,0,0,1.5162962962962963,1290
12340,2,2,0,1.5164197530864199,1292
12341,0,0,0,1.5165432098765432,1292
12342,0,0,0,1.5166666666666666,1292
12343,0,0,0,1.5167901234567902,1292
12344,0,0,0,1.5169135802469136,1292
12345,0,0,0,1.517037037037037,1292
12346,0,0,0,1.5171604938271606,1292
12347,0,0,0,1.517283950617284,1292
12348,0,0,0,1.5174074074074073,1292
12349,0,0,0,1.517530864197531,1292
12350,0,0,0,1.5176543209876543,1292
12351,0,0,0,1.5177777777777777,1292
12352,0,0,0,1.5179012345679013,1292
12353,0,0,0,1.5180246913580246,1292
12354,0,0,0,1.5181481481481482,1292
12355,0,0,0,1.5182716049382716,1292
12356,0,0,0,1.518395061728395,1292
12357,0,0,0,1.5185185185185186,1292
12358,0,0,0,1.518641975308642,1292
12359,0,0,0,1.5187654320987654,1292
12360,0,0,0,1.518888888888889,1292
12361,0,0,0,1.5190123456790123,1292
12362,0,0,0,1.5191358024691357,1292
12363,0,0,0,1.5192592592592593,1292
12364,0,0,0,1.5193827160493827,1292
12365,0,0,0,1.519506172839506,1292
12366,0,0,0,1.5196296296296297,1292
12367,0,0,0,1.519753086419753,1292
12368,0,0,0,1.5198765432098766,1292
12369,0,0,0,1.52,1292
12370,0,0,0,1.5201234567901234,1292
12371,0,0,0,1.520246913580247,1292
12372,0,0,0,1.5203703703703704,1292
12373,0,0,0,1.5204938271604937,1292
12374,0,0,0,1.5206172839506173,1292
12375,0,0,0,1.5207407407407407,1292
12376,0,0,0,1.520864197530864,1292
12377,0,0,0,1.5209876543209877,1292
12378,0,0,0,1.521111111111111,1292
12379,0,0,0,1.5212345679012345,1292
12380,0,0,0,1.521358024691358,1292
12381,0,0,0,1.5214814814814814,1292
12382,0,0,0,1.521604938271605,1292
12383,0,0,0,1.5217283950617284,1292
12384,0,0,0,1.5218518518518518,1292
12385,12,12,0,1.5219753086419754,1304
12386,0,0,0,1.5220987654320988,1304
12387,1,1,0,1.5222222222222221,1305
12388,0,0,0,1.5223456790123457,1305
12389,0,0,0,1.5224691358024691,1305
12390,0,0,0,1.5225925925925925,1305
12391,0,0,0,1.522716049382716,1305
12392,0,0,0,1.5228395061728395,1305
12393,0,0,0,1.522962962962963,1305
12394,0,0,0,1.5230864197530865,1305
12395,0,0,0,1.5232098765432098,1305
12396,0,0,0,1.5233333333333334,1305
12397,5,5,0,1.5234567901234568,1310
12398,0,0,0,1.5235802469135802,1310
12399,0,0,0,1.5237037037037038,1310
12400,0,0,0,1.5238271604938272,1310
12401,0,0,0,1.5239506172839505,1310
12402,0,0,0,1.5240740740740741,1310
12403,0,0,0,1.5241975308641975,1310
12404,4,4,0,1.524320987654321,1314
12405,0,0,0,1.5244444444444445,1314
12406,2,2,0,1.5245679012345679,1316
12407,0,0,0,1.5246913580246915,1316
12408,0,0,0,1.5248148148148148,1316
12409,0,0,0,1.5249382716049382,1316
12410,0,0,0,1.5250617283950618,1316
12411,0,0,0,1.5251851851851852,1316
12412,0,0,0,1.5253086419753086,1316
12413,0,0,0,1.5254320987654322,1316
12414,0,0,0,1.5255555555555556,1316
12415,18,18,0,1.525679012345679,1334
12416,0,0,0,1.5258024691358025,1334
12417,0,0,0,1.525925925925926,1334
12418,0,0,0,1.5260493827160493,1334
12419,0,0,0,1.5261728395061729,1334
12420,0,0,0,1.5262962962962963,1334
12421,0,0,0,1.5264197530864199,1334
12422,0,0,0,1.5265432098765432,1334
12423,0,0,0,1.5266666666666666,1334
12424,3,3,0,1.5267901234567902,1337
12425,0,0,0,1.5269135802469136,1337
12426,0,0,0,1.527037037037037,1337
12427,2,2,0,1.5271604938271606,1339
12428,1,1,0,1.527283950617284,1340
12429,0,0,0,1.5274074074074073,1340
12430,0,0,0,1.527530864197531,1340
12431,0,0,0,1.5276543209876543,1340
12432,0,0,0,1.5277777777777777,1340
12433,0,0,0,1.5279012345679013,1340
12434,0,0,0,1.5280246913580247,1340
12435,0,0,0,1.5281481481481483,1340
12436,2,2,0,1.5282716049382716,1342
12437,0,0,0,1.528395061728395,1342
12438,0,0,0,1.5285185185185186,1342
12439,0,0,0,1.528641975308642,1342
12440,0,0,0,1.5287654320987654,1342
12441,0,0,0,1.528888888888889,1342
12442,0,0,0,1.5290123456790123,1342
12443,0,0,0,1.5291358024691357,1342
12444,0,0,0,1.5292592592592593,1342
12445,0,0,0,1.5293827160493827,1342
12446,1,1,0,1.529506172839506,1343
12447,0,0,0,1.5296296296296297,1343
12448,0,0,0,1.529753086419753,1343
12449,0,0,0,1.5298765432098766,1343
12450,0,0,0,1.53,1343
12451,0,0,0,1.5301234567901234,1343
12452,0,0,0,1.530246913580247,1343
12453,0,0,0,1.5303703703703704,1343
12454,0,0,0,1.5304938271604938,1343
12455,0,0,0,1.5306172839506174,1343
12456,0,0,0,1.5307407407407407,1343
12457,0,0,0,1.5308641975308641,1343
12458,0,0,0,1.5309876543209877,1343
12459,0,0,0,1.531111111111111,1343
12460,0,0,0,1.5312345679012345,1343
12461,0,0,0,1.531358024691358,1343
12462,0,0,0,1.5314814814814814,1343
12463,4,4,0,1.531604938271605,1347
12464,0,0,0,1.5317283950617284,1347
12465,0,0,0,1.5318518518518518,1347
12466,0,0,0,1.5319753086419754,1347
12467,0,0,0,1.5320987654320988,1347
12468,0,0,0,1.5322222222222222,1347
12469,0,0,0,1.5323456790123458,1347
12470,0,0,0,1.5324691358024691,1347
12471,0,0,0,1.5325925925925925,1347
12472,0,0,0,1.532716049382716,1347
12473,0,0,0,1.5328395061728395,1347
12474,0,0,0,1.5329629629629629,1347
12475,0,0,0,1.5330864197530865,1347
12476,1,1,0,1.5332098765432098,1348
12477,1,1,0,1.5333333333333334,1349
12478,4,4,0,1.5334567901234568,1353
12479,2,2,0,1.5335802469135802,1355
12480,0,0,0,1.5337037037037038,1355
12481,0,0,0,1.5338271604938272,1355
12482,0,0,0,1.5339506172839505,1355
12483,0,0,0,1.5340740740740741,1355
12484,0,0,0,1.5341975308641975,1355
12485,13,13,0,1.534320987654321,1368
12486,1,1,1,1.534320987654321,1369
12487,0,0,0,1.5344444444444445,1369
12488,4,4,0,1.5345679012345679,1373
12489,0,0,0,1.5346913580246913,1373
12490,0,0,0,1.5348148148148149,1373
12491,0,0,0,1.5349382716049382,1373
12492,0,0,0,1.5350617283950618,1373
12493,0,0,0,1.5351851851851852,1373
12494,4,4,0,1.5353086419753086,1377
12495,0,0,0,1.5354320987654322,1377
12496,0,0,0,1.5355555555555556,1377
12497,0,0,0,1.535679012345679,1377
12498,0,0,0,1.5358024691358025,1377
12499,6,6,0,1.535925925925926,1383
12500,0,0,0,1.5360493827160493,1383
12501,0,0,0,1.536172839506173,1383
12502,8,8,0,1.5362962962962963,1391
12503,0,0,0,1.5364197530864196,1391
12504,0,0,0,1.5365432098765432,1391
12505,0,0,0,1.5366666666666666,1391
12506,0,0,0,1.5367901234567902,1391
12507,0,0,0,1.5369135802469136,1391
12508,0,0,0,1.537037037037037,1391
12509,0,0,0,1.5371604938271606,1391
12510,0,0,0,1.537283950617284,1391
12511,0,0,0,1.5374074074074073,1391
12512,1,1,0,1.537530864197531,1392
12513,0,0,0,1.5376543209876543,1392
12514,0,0,0,1.5377777777777777,1392
12515,0,0,0,1.5379012345679013,1392
12516,0,0,0,1.5380246913580247,1392
12517,0,0,0,1.538148148148148,1392
12518,0,0,0,1.5382716049382716,1392
12519,0,0,0,1.538395061728395,1392
12520,0,0,0,1.5385185185185186,1392
12521,0,0,0,1.538641975308642,1392
12522,0,0,0,1.5387654320987654,1392
12523,0,0,0,1.538888888888889,1392
12524,0,0,0,1.5390123456790124,1392
12525,4,4,0,1.5391358024691357,1396
12526,0,0,0,1.5392592592592593,1396
12527,0,0,0,1.5393827160493827,1396
12528,0,0,0,1.539506172839506,1396
12529,1,1,0,1.5396296296296297,1397
12530,3,3,0,1.539753086419753,1400
12531,0,0,0,1.5398765432098764,1400
12532,0,0,0,1.54,1400
12533,4,4,0,1.5401234567901234,1404
12534,0,0,0,1.540246913580247,1404
12535,1,1,0,1.5403703703703704,1405
12536,0,0,0,1.5404938271604938,1405
12537,0,0,0,1.5406172839506174,1405
12538,0,0,0,1.5407407407407407,1405
12539,0,0,0,1.5408641975308641,1405
12540,0,0,0,1.5409876543209877,1405
12541,0,0,0,1.541111111111111,1405
12542,2,2,0,1.5412345679012345,1407
12543,0,0,0,1.541358024691358,1407
12544,0,0,0,1.5414814814814815,1407
12545,0,0,0,1.5416049382716048,1407
12546,0,0,0,1.5417283950617284,1407
12547,0,0,0,1.5418518518518518,1407
12548,2,2,0,1.5419753086419754,1409
12549,2,2,0,1.5420987654320988,1411
12550,0,0,0,1.5422222222222222,1411
12551,0,0,0,1.5423456790123458,1411
12552,0,0,0,1.5424691358024691,1411
12553,1,1,0,1.5425925925925925,1412
12554,0,0,0,1.5427160493827161,1412
12555,2,2,0,1.5428395061728395,1414
12556,0,0,0,1.5429629629629629,1414
12557,1,1,0,1.5430864197530865,1415
12558,0,0,0,1.5432098765432098,1415
12559,0,0,0,1.5433333333333332,1415
12560,0,0,0,1.5434567901234568,1415
12561,0,0,0,1.5435802469135802,1415
12562,0,0,0,1.5437037037037038,1415
12563,0,0,0,1.5438271604938272,1415
12564,0,0,0,1.5439506172839506,1415
12565,0,0,0,1.5440740740740742,1415
12566,0,0,0,1.5441975308641975,1415
12567,0,0,0,1.544320987654321,1415
12568,0,0,0,1.5444444444444445,1415
12569,0,0,0,1.5445679012345679,1415
12570,0,0,0,1.5446913580246913,1415
12571,0,0,0,1.5448148148148149,1415
12572,0,0,0,1.5449382716049382,1415
12573,0,0,0,1.5450617283950616,1415
12574,0,0,0,1.5451851851851852,1415
12575,0,0,0,1.5453086419753086,1415
12576,0,0,0,1.5454320987654322,1415
12577,0,0,0,1.5455555555555556,1415
12578,0,0,0,1.545679012345679,1415
12579,0,0,0,1.5458024691358025,1415
12580,2,2,0,1.545925925925926,1417
12581,0,0,0,1.5460493827160493,1417
12582,0,0,0,1.546172839506173,1417
12583,2,2,0,1.5462962962962963,1419
12584,0,0,0,1.5464197530864197,1419
12585,0,0,0,1.5465432098765433,1419
12586,0,0,0,1.5466666666666666,1419
12587,6,6,0,1.5467901234567902,1425
12588,3,3,0,1.5469135802469136,1428
12589,0,0,0,1.547037037037037,1428
12590,5,5,1,1.547037037037037,1433
12591,1,1,0,1.5471604938271606,1434
12592,0,0,0,1.547283950617284,1434
12593,0,0,0,1.5474074074074073,1434
12594,0,0,0,1.547530864197531,1434
12595,0,0,0,1.5476543209876543,1434
12596,0,0,0,1.5477777777777777,1434
12597,0,0,0,1.5479012345679013,1434
12598,2,2,0,1.5480246913580247,1436
12599,0,0,0,1.548148148148148,1436
12600,0,0,0,1.5482716049382717,1436
12601,1,1,0,1.548395061728395,1437
12602,0,0,0,1.5485185185185186,1437
12603,0,0,0,1.548641975308642,1437
12604,0,0,0,1.5487654320987654,1437
12605,0,0,0,1.548888888888889,1437
12606,0,0,0,1.5490123456790124,1437
12607,0,0,0,1.5491358024691357,1437
12608,0,0,0,1.5492592592592593,1437
12609,0,0,0,1.5493827160493827,1437
12610,0,0,0,1.549506172839506,1437
12611,2,2,0,1.5496296296296297,1439
12612,5,5,0,1.549753086419753,1444
12613,0,0,0,1.5498765432098764,1444
12614,0,0,0,1.55,1444
12615,1,1,0,1.5501234567901234,1445
12616,0,0,0,1.550246913580247,1445
12617,0,0,0,1.5503703703703704,1445
12618,5,5,0,1.5504938271604938,1450
12619,0,0,0,1.5506172839506174,1450
12620,5,5,1,1.5506172839506174,1455
12621,0,0,0,1.5507407407407408,1455
12622,0,0,0,1.5508641975308641,1455
12623,0,0,0,1.5509876543209877,1455
12624,0,0,0,1.551111111111111,1455
12625,0,0,0,1.5512345679012345,1455
12626,0,0,0,1.551358024691358,1455
12627,2,2,0,1.5514814814814815,1457
12628,2,2,0,1.5516049382716048,1459
12629,0,0,0,1.5517283950617284,1459
12630,0,0,0,1.5518518518518518,1459
12631,0,0,0,1.5519753086419754,1459
12632,7,7,1,1.5519753086419754,1466
12633,8,8,0,1.5520987654320988,1474
12634,0,0,0,1.5522222222222222,1474
12635,0,0,0,1.5523456790123458,1474
12636,0,0,0,1.5524691358024691,1474
12637,1,1,0,1.5525925925925925,1475
12638,0,0,0,1.5527160493827161,1475
12639,0,0,0,1.5528395061728395,1475
12640,0,0,0,1.5529629629629629,1475
12641,0,0,0,1.5530864197530865,1475
12642,10,10,0,1.5532098765432099,1485
12643,0,0,0,1.5533333333333332,1485
12644,0,0,0,1.5534567901234568,1485
12645,0,0,0,1.5535802469135802,1485
12646,0,0,0,1.5537037037037038,1485
12647,0,0,0,1.5538271604938272,1485
12648,1,1,0,1.5539506172839506,1486
12649,1,1,0,1.5540740740740742,1487
12650,0,0,0,1.5541975308641975,1487
12651,1,1,0,1.554320987654321,1488
12652,0,0,0,1.5544444444444445,1488
12653,0,0,0,1.554567901234568,1488
12654,0,0,0,1.5546913580246913,1488
12655,0,0,0,1.5548148148148149,1488
12656,0,0,0,1.5549382716049382,1488
12657,0,0,0,1.5550617283950616,1488
12658,0,0,0,1.5551851851851852,1488
12659,0,0,0,1.5553086419753086,1488
12660,0,0,0,1.5554320987654322,1488
12661,0,0,0,1.5555555555555556,1488
12662,0,0,0,1.555679012345679,1488
12663,0,0,0,1.5558024691358026,1488
12664,0,0,0,1.555925925925926,1488
12665,0,0,0,1.5560493827160493,1488
12666,0,0,0,1.556172839506173,1488
12667,2,2,0,1.5562962962962963,1490
12668,0,0,0,1.5564197530864197,1490
12669,1,1,0,1.5565432098765433,1491
12670,0,0,0,1.5566666666666666,1491
12671,0,0,0,1.55679012345679,1491
12672,0,0,0,1.5569135802469136,1491
12673,0,0,0,1.557037037037037,1491
12674,0,0,0,1.5571604938271606,1491
12675,0,0,0,1.557283950617284,1491
12676,1,1,0,1.5574074074074074,1492
12677,0,0,0,1.557530864197531,1492
12678,1,1,0,1.5576543209876543,1493
12679,0,0,0,1.5577777777777777,1493
12680,1,1,0,1.5579012345679013,1494
12681,0,0,0,1.5580246913580247,1494
12682,4,4,0,1.558148148148148,1498
12683,0,0,0,1.5582716049382717,1498
12684,0,0,0,1.558395061728395,1498
12685,0,0,0,1.5585185185185184,1498
12686,0,0,0,1.558641975308642,1498
12687,0,0,0,1.5587654320987654,1498
12688,3,3,0,1.558888888888889,1501
12689,0,0,0,1.5590123456790124,1501
12690,0,0,0,1.5591358024691357,1501
12691,0,0,0,1.5592592592592593,1501
12692,0,0,0,1.5593827160493827,1501
12693,0,0,0,1.559506172839506,1501
12694,0,0,0,1.5596296296296297,1501
12695,0,0,0,1.559753086419753,1501
12696,0,0,0,1.5598765432098765,1501
12697,0,0,0,1.56,1501
12698,3,3,0,1.5601234567901234,1504
12699,0,0,0,1.5602469135802468,1504
12700,0,0,0,1.5603703703703704,1504
12701,0,0,0,1.5604938271604938,1504
12702,0,0,0,1.5606172839506174,1504
12703,0,0,0,1.5607407407407408,1504
12704,0,0,0,1.5608641975308641,1504
12705,0,0,0,1.5609876543209877,1504
12706,1,1,0,1.5611111111111111,1505
12707,0,0,0,1.5612345679012345,1505
12708,0,0,0,1.561358024691358,1505
12709,0,0,0,1.5614814814814815,1505
12710,0,0,0,1.5616049382716048,1505
12711,1,1,0,1.5617283950617284,1506
12712,0,0,0,1.5618518518518518,1506
12713,0,0,0,1.5619753086419752,1506
12714,0,0,0,1.5620987654320988,1506
12715,0,0,0,1.5622222222222222,1506
12716,0,0,0,1.5623456790123458,1506
12717,0,0,0,1.5624691358024692,1506
12718,0,0,0,1.5625925925925925,1506
12719,4,4,0,1.5627160493827161,1510
12720,0,0,0,1.5628395061728395,1510
12721,0,0,0,1.5629629629629629,1510
12722,0,0,0,1.5630864197530865,1510
12723,0,0,0,1.5632098765432099,1510
12724,0,0,0,1.5633333333333332,1510
12725,0,0,0,1.5634567901234568,1510
12726,0,0,0,1.5635802469135802,1510
12727,14,14,0,1.5637037037037036,1524
12728,0,0,0,1.5638271604938272,1524
12729,0,0,0,1.5639506172839506,1524
12730,0,0,0,1.5640740740740742,1524
12731,0,0,0,1.5641975308641975,1524
12732,0,0,0,1.564320987654321,1524
12733,0,0,0,1.5644444444444445,1524
12734,14,13,0,1.564567901234568,1538
12735,1,1,0,1.5646913580246913,1539
12736,0,0,0,1.5648148148148149,1539
12737,0,0,0,1.5649382716049383,1539
12738,0,0,0,1.5650617283950616,1539
12739,0,0,0,1.5651851851851852,1539
12740,0,0,0,1.5653086419753086,1539
12741,0,0,0,1.565432098765432,1539
12742,0,0,0,1.5655555555555556,1539
12743,0,0,0,1.565679012345679,1539
12744,0,0,0,1.5658024691358026,1539
12745,0,0,0,1.565925925925926,1539
12746,0,0,0,1.5660493827160493,1539
12747,0,0,0,1.566172839506173,1539
12748,0,0,0,1.5662962962962963,1539
12749,0,0,0,1.5664197530864197,1539
12750,0,0,0,1.5665432098765433,1539
12751,0,0,0,1.5666666666666667,1539
12752,0,0,0,1.56679012345679,1539
12753,0,0,0,1.5669135802469136,1539
12754,5,5,0,1.567037037037037,1544
12755,0,0,0,1.5671604938271604,1544
12756,0,0,0,1.567283950617284,1544
12757,0,0,0,1.5674074074074074,1544
12758,0,0,0,1.567530864197531,1544
12759,0,0,0,1.5676543209876543,1544
12760,0,0,0,1.5677777777777777,1544
12761,0,0,0,1.5679012345679013,1544
12762,0,0,0,1.5680246913580247,1544
12763,0,0,0,1.568148148148148,1544
12764,0,0,0,1.5682716049382717,1544
12765,2,2,0,1.568395061728395,1546
12766,0,0,0,1.5685185185185184,1546
12767,0,0,0,1.568641975308642,1546
12768,5,5,0,1.5687654320987654,1551
12769,0,0,0,1.568888888888889,1551
12770,0,0,0,1.5690123456790124,1551
12771,0,0,0,1.5691358024691358,1551
12772,0,0,0,1.5692592592592594,1551
12773,1,1,1,1.5692592592592594,1552
12774,0,0,0,1.5693827160493827,1552
12775,2,2,0,1.569506172839506,1554
12776,0,0,0,1.5696296296296297,1554
12777,0,0,0,1.569753086419753,1554
12778,0,0,0,1.5698765432098765,1554
12779,0,0,0,1.57,1554
12780,1,1,0,1.5701234567901234,1555
12781,0,0,0,1.5702469135802468,1555
12782,0,0,0,1.5703703703703704,1555
12783,0,0,0,1.5704938271604938,1555
12784,1,1,0,1.5706172839506174,1556
12785,0,0,0,1.5707407407407408,1556
12786,0,0,0,1.5708641975308641,1556
12787,0,0,0,1.5709876543209877,1556
12788,0,0,0,1.5711111111111111,1556
12789,0,0,0,1.5712345679012345,1556
12790,0,0,0,1.571358024691358,1556
12791,0,0,0,1.5714814814814815,1556
12792,0,0,0,1.5716049382716049,1556
12793,2,2,0,1.5717283950617285,1558
12794,0,0,0,1.5718518518518518,1558
12795,0,0,0,1.5719753086419752,1558
12796,0,0,0,1.5720987654320988,1558
12797,0,0,0,1.5722222222222222,1558
12798,0,0,0,1.5723456790123458,1558
12799,0,0,0,1.5724691358024692,1558
12800,0,0,0,1.5725925925925925,1558
12801,0,0,0,1.5727160493827161,1558
12802,0,0,0,1.5728395061728395,1558
12803,0,0,0,1.572962962962963,1558
12804,0,0,0,1.5730864197530865,1558
12805,1,1,0,1.5732098765432099,1559
12806,0,0,0,1.5733333333333333,1559
12807,2,2,0,1.5734567901234568,1561
12808,0,0,0,1.5735802469135802,1561
12809,0,0,0,1.5737037037037036,1561
12810,0,0,0,1.5738271604938272,1561
12811,0,0,0,1.5739506172839506,1561
12812,1,1,0,1.5740740740740742,1562
12813,0,0,0,1.5741975308641976,1562
12814,0,0,0,1.574320987654321,1562
12815,1,1,0,1.5744444444444445,1563
12816,0,0,0,1.574567901234568,1563
12817,0,0,0,1.5746913580246913,1563
12818,1,1,0,1.574814814814815,1564
12819,0,0,0,1.5749382716049383,1564
12820,0,0,0,1.5750617283950616,1564
12821,1,1,0,1.5751851851851852,1565
12822,0,0,0,1.5753086419753086,1565
12823,0,0,0,1.575432098765432,1565
12824,0,0,0,1.5755555555555556,1565
12825,0,0,0,1.575679012345679,1565
12826,3,3,0,1.5758024691358026,1568
12827,0,0,0,1.575925925925926,1568
12828,2,2,0,1.5760493827160493,1570
12829,0,0,0,1.576172839506173,1570
12830,0,0,0,1.5762962962962963,1570
12831,0,0,0,1.5764197530864197,1570
12832,0,0,0,1.5765432098765433,1570
12833,0,0,0,1.5766666666666667,1570
12834,0,0,0,1.57679012345679,1570
12835,0,0,0,1.5769135802469136,1570
12836,3,3,0,1.577037037037037,1573
12837,0,0,0,1.5771604938271604,1573
12838,0,0,0,1.577283950617284,1573
12839,0,0,0,1.5774074074074074,1573
12840,3,3,0,1.577530864197531,1576
12841,1,1,0,1.5776543209876543,1577
12842,0,0,0,1.5777777777777777,1577
12843,0,0,0,1.5779012345679013,1577
12844,0,0,0,1.5780246913580247,1577
12845,0,0,0,1.578148148148148,1577
12846,0,0,0,1.5782716049382717,1577
12847,0,0,0,1.578395061728395,1577
12848,0,0,0,1.5785185185185184,1577
12849,0,0,0,1.578641975308642,1577
12850,0,0,0,1.5787654320987654,1577
12851,0,0,0,1.5788888888888888,1577
12852,0,0,0,1.5790123456790124,1577
12853,0,0,0,1.5791358024691358,1577
12854,10,10,0,1.5792592592592594,1587
12855,0,0,0,1.5793827160493827,1587
12856,0,0,0,1.5795061728395061,1587
12857,1,1,0,1.5796296296296297,1588
12858,1,1,0,1.579753086419753,1589
12859,0,0,0,1.5798765432098765,1589
12860,0,0,0,1.58,1589
12861,0,0,0,1.5801234567901234,1589
12862,0,0,0,1.5802469135802468,1589
12863,2,2,0,1.5803703703703704,1591
12864,3,3,0,1.5804938271604938,1594
12865,0,0,0,1.5806172839506172,1594
12866,0,0,0,1.5807407407407408,1594
12867,0,0,0,1.5808641975308642,1594
12868,0,0,0,1.5809876543209878,1594
12869,0,0,0,1.5811111111111111,1594
12870,0,0,0,1.5812345679012345,1594
12871,0,0,0,1.581358024691358,1594
12872,0,0,0,1.5814814814814815,1594
12873,0,0,0,1.5816049382716049,1594
12874,0,0,0,1.5817283950617285,1594
12875,0,0,0,1.5818518518518518,1594
12876,0,0,0,1.5819753086419752,1594
12877,0,0,0,1.5820987654320988,1594
12878,0,0,0,1.5822222222222222,1594
12879,7,7,0,1.5823456790123456,1601
12880,0,0,0,1.5824691358024692,1601
12881,1,1,0,1.5825925925925926,1602
12882,0,0,0,1.5827160493827162,1602
12883,0,0,0,1.5828395061728395,1602
12884,0,0,0,1.582962962962963,1602
12885,0,0,0,1.5830864197530865,1602
12886,0,0,0,1.5832098765432099,1602
12887,3,3,0,1.5833333333333333,1605
12888,0,0,0,1.5834567901234569,1605
12889,0,0,0,1.5835802469135802,1605
12890,0,0,0,1.5837037037037036,1605
12891,0,0,0,1.5838271604938272,1605
12892,0,0,0,1.5839506172839506,1605
12893,0,0,0,1.584074074074074,1605
12894,1,1,0,1.5841975308641976,1606
12895,2,2,0,1.584320987654321,1608
12896,0,0,0,1.5844444444444445,1608
12897,0,0,0,1.584567901234568,1608
12898,0,0,0,1.5846913580246913,1608
12899,0,0,0,1.584814814814815,1608
12900,0,0,0,1.5849382716049383,1608
12901,0,0,0,1.5850617283950617,1608
12902,0,0,0,1.5851851851851853,1608
12903,0,0,0,1.5853086419753086,1608
12904,5,5,0,1.585432098765432,1613
12905,0,0,0,1.5855555555555556,1613
12906,11,11,0,1.585679012345679,1624
12907,0,0,0,1.5858024691358024,1624
12908,0,0,0,1.585925925925926,1624
12909,0,0,0,1.5860493827160493,1624
12910,0,0,0,1.586172839506173,1624
12911,17,17,0,1.5862962962962963,1641
12912,0,0,0,1.5864197530864197,1641
12913,0,0,0,1.5865432098765433,1641
12914,0,0,0,1.5866666666666667,1641
12915,0,0,0,1.58679012345679,1641
12916,0,0,0,1.5869135802469136,1641
12917,0,0,0,1.587037037037037,1641
12918,0,0,0,1.5871604938271604,1641
12919,0,0,0,1.587283950617284,1641
12920,0,0,0,1.5874074074074074,1641
12921,0,0,0,1.5875308641975308,1641
12922,1,1,0,1.5876543209876544,1642
12923,5,5,0,1.5877777777777777,1647
12924,2,2,2,1.5876543209876544,1649
12925,0,0,0,1.5877777777777777,1649
12926,0,0,0,1.5879012345679013,1649
12927,3,3,0,1.5880246913580247,1652
12928,0,0,0,1.588148148148148,1652
12929,5,5,0,1.5882716049382717,1657
12930,0,0,0,1.588395061728395,1657
12931,10,10,0,1.5885185185185184,1667
12932,0,0,0,1.588641975308642,1667
12933,0,0,0,1.5887654320987654,1667
12934,0,0,0,1.5888888888888888,1667
12935,0,0,0,1.5890123456790124,1667
12936,0,0,0,1.5891358024691358,1667
12937,0,0,0,1.5892592592592591,1667
12938,0,0,0,1.5893827160493827,1667
12939,4,4,0,1.5895061728395061,1671
12940,0,0,0,1.5896296296296297,1671
12941,0,0,0,1.589753086419753,1671
12942,2,2,0,1.5898765432098765,1673
12943,1,1,0,1.59,1674
12944,1,1,0,1.5901234567901235,1675
12945,0,0,0,1.5902469135802468,1675
12946,0,0,0,1.5903703703703704,1675
12947,0,0,0,1.5904938271604938,1675
12948,0,0,0,1.5906172839506172,1675
12949,1,1,0,1.5907407407407408,1676
12950,0,0,0,1.5908641975308642,1676
12951,0,0,0,1.5909876543209878,1676
12952,0,0,0,1.5911111111111111,1676
12953,0,0,0,1.5912345679012345,1676
12954,0,0,0,1.5913580246913581,1676
12955,1,1,0,1.5914814814814815,1677
12956,0,0,0,1.5916049382716049,1677
12957,0,0,0,1.5917283950617285,1677
12958,0,0,0,1.5918518518518519,1677
12959,1,1,0,1.5919753086419752,1678
12960,0,0,0,1.5920987654320988,1678
12961,0,0,0,1.5922222222222222,1678
12962,0,0,0,1.5923456790123456,1678
12963,0,0,0,1.5924691358024692,1678
12964,0,0,0,1.5925925925925926,1678
12965,0,0,0,1.5927160493827162,1678
12966,0,0,0,1.5928395061728395,1678
12967,0,0,0,1.592962962962963,1678
12968,0,0,0,1.5930864197530865,1678
12969,2,2,0,1.59320987654321,1680
12970,9,9,0,1.5933333333333333,1689
12971,0,0,0,1.5934567901234569,1689
12972,0,0,0,1.5935802469135802,1689
12973,13,13,0,1.5937037037037036,1702
12974,0,0,0,1.5938271604938272,1702
12975,0,0,0,1.5939506172839506,1702
12976,0,0,0,1.594074074074074,1702
12977,0,0,0,1.5941975308641976,1702
12978,0,0,0,1.594320987654321,1702
12979,0,0,0,1.5944444444444446,1702
12980,0,0,0,1.594567901234568,1702
12981,1,1,0,1.5946913580246913,1703
12982,0,0,0,1.594814814814815,1703
12983,0,0,0,1.5949382716049383,1703
12984,0,0,0,1.5950617283950617,1703
12985,0,0,0,1.5951851851851853,1703
12986,8,8,0,1.5953086419753086,1711
12987,0,0,0,1.595432098765432,1711
12988,0,0,0,1.5955555555555556,1711
12989,0,0,0,1.595679012345679,1711
12990,1,1,0,1.5958024691358024,1712
12991,0,0,0,1.595925925925926,1712
12992,0,0,0,1.5960493827160493,1712
12993,0,0,0,1.596172839506173,1712
12994,0,0,0,1.5962962962962963,1712
12995,7,7,0,1.5964197530864197,1719
12996,5,5,0,1.5965432098765433,1724
12997,0,0,0,1.5966666666666667,1724
12998,0,0,0,1.59679012345679,1724
12999,0,0,0,1.5969135802469137,1724
13000,6,6,0,1.597037037037037,1730
13001,3,3,0,1.5971604938271604,1733
13002,0,0,0,1.597283950617284,1733
13003,0,0,0,1.5974074074074074,1733
13004,1,1,0,1.5975308641975308,1734
13005,0,0,0,1.5976543209876544,1734
13006,0,0,0,1.5977777777777777,1734
13007,0,0,0,1.5979012345679013,1734
13008,0,0,0,1.5980246913580247,1734
13009,0,0,0,1.598148148148148,1734
13010,6,6,0,1.5982716049382717,1740
13011,3,3,0,1.598395061728395,1743
13012,0,0,0,1.5985185185185184,1743
13013,0,0,0,1.598641975308642,1743
13014,0,0,0,1.5987654320987654,1743
13015,0,0,0,1.5988888888888888,1743
13016,0,0,0,1.5990123456790124,1743
13017,0,0,0,1.5991358024691358,1743
13018,0,0,0,1.5992592592592592,1743
13019,0,0,0,1.5993827160493828,1743
13020,0,0,0,1.5995061728395061,1743
13021,0,0,0,1.5996296296296297,1743
13022,0,0,0,1.5997530864197531,1743
13023,0,0,0,1.5998765432098765,1743
13024,0,0,0,1.6,1743
13025,0,0,0,1.6001234567901235,1743
13026,0,0,0,1.6002469135802468,1743
13027,0,0,0,1.6003703703703704,1743
13028,0,0,0,1.6004938271604938,1743
13029,0,0,0,1.6006172839506172,1743
13030,5,5,0,1.6007407407407408,1748
13031,1,1,0,1.6008641975308642,1749
13032,0,0,0,1.6009876543209876,1749
13033,2,2,0,1.6011111111111112,1751
13034,0,0,0,1.6012345679012345,1751
13035,0,0,0,1.6013580246913581,1751
13036,0,0,0,1.6014814814814815,1751
13037,3,3,0,1.6016049382716049,1754
13038,0,0,0,1.6017283950617285,1754
13039,0,0,0,1.6018518518518519,1754
13040,1,1,0,1.6019753086419752,1755
13041,1,1,0,1.6020987654320988,1756
13042,0,0,0,1.6022222222222222,1756
13043,0,0,0,1.6023456790123456,1756
13044,0,0,0,1.6024691358024692,1756
13045,0,0,0,1.6025925925925926,1756
13046,0,0,0,1.602716049382716,1756
13047,0,0,0,1.6028395061728395,1756
13048,0,0,0,1.602962962962963,1756
13049,0,0,0,1.6030864197530865,1756
13050,13,13,0,1.60320987654321,1769
13051,0,0,0,1.6033333333333333,1769
13052,0,0,0,1.6034567901234569,1769
13053,3,3,0,1.6035802469135803,1772
13054,1,1,0,1.6037037037037036,1773
13055,1,1,0,1.6038271604938272,1774
13056,0,0,0,1.6039506172839506,1774
13057,1,1,0,1.604074074074074,1775
13058,0,0,0,1.6041975308641976,1775
13059,0,0,0,1.604320987654321,1775
13060,9,9,0,1.6044444444444443,1784
13061,1,1,0,1.604567901234568,1785
13062,0,0,0,1.6046913580246913,1785
13063,0,0,0,1.604814814814815,1785
13064,0,0,0,1.6049382716049383,1785
13065,0,0,0,1.6050617283950617,1785
13066,40,40,0,1.6051851851851853,1825
13067,0,0,0,1.6053086419753086,1825
13068,0,0,0,1.605432098765432,1825
13069,0,0,0,1.6055555555555556,1825
13070,0,0,0,1.605679012345679,1825
13071,0,0,0,1.6058024691358024,1825
13072,0,0,0,1.605925925925926,1825
13073,1,1,0,1.6060493827160494,1826
13074,0,0,0,1.6061728395061727,1826
13075,0,0,0,1.6062962962962963,1826
13076,0,0,0,1.6064197530864197,1826
13077,3,3,0,1.6065432098765433,1829
13078,0,0,0,1.6066666666666667,1829
13079,0,0,0,1.60679012345679,1829
13080,0,0,0,1.6069135802469137,1829
13081,2,2,0,1.607037037037037,1831
13082,2,2,0,1.6071604938271604,1833
13083,0,0,0,1.607283950617284,1833
13084,0,0,0,1.6074074074074074,1833
13085,0,0,0,1.6075308641975308,1833
13086,0,0,0,1.6076543209876544,1833
13087,3,3,0,1.6077777777777778,1836
13088,0,0,0,1.6079012345679011,1836
13089,2,2,0,1.6080246913580247,1838
13090,0,0,0,1.608148148148148,1838
13091,0,0,0,1.6082716049382717,1838
13092,0,0,0,1.608395061728395,1838
13093,0,0,0,1.6085185185185185,1838
13094,0,0,0,1.608641975308642,1838
13095,1,1,0,1.6087654320987654,1839
13096,0,0,0,1.6088888888888888,1839
13097,9,9,0,1.6090123456790124,1848
13098,3,3,0,1.6091358024691358,1851
13099,0,0,0,1.6092592592592592,1851
13100,0,0,0,1.6093827160493828,1851
13101,0,0,0,1.6095061728395061,1851
13102,0,0,0,1.6096296296296295,1851
13103,0,0,0,1.6097530864197531,1851
13104,0,0,0,1.6098765432098765,1851
13105,1,1,0,1.61,1852
13106,0,0,0,1.6101234567901235,1852
13107,0,0,0,1.6102469135802469,1852
13108,2,2,0,1.6103703703703705,1854
13109,0,0,0,1.6104938271604938,1854
13110,1,1,0,1.6106172839506172,1855
13111,0,0,0,1.6107407407407408,1855
13112,0,0,0,1.6108641975308642,1855
13113,3,3,0,1.6109876543209876,1858
13114,0,0,0,1.6111111111111112,1858
13115,0,0,0,1.6112345679012345,1858
13116,0,0,0,1.611358024691358,1858
13117,0,0,0,1.6114814814814815,1858
13118,2,2,0,1.611604938271605,1860
13119,0,0,0,1.6117283950617285,1860
13120,0,0,0,1.6118518518518519,1860
13121,2,2,0,1.6119753086419752,1862
13122,0,0,0,1.6120987654320988,1862
13123,0,0,0,1.6122222222222222,1862
13124,0,0,0,1.6123456790123456,1862
13125,0,0,0,1.6124691358024692,1862
13126,0,0,0,1.6125925925925926,1862
13127,0,0,0,1.612716049382716,1862
13128,2,2,0,1.6128395061728396,1864
13129,0,0,0,1.612962962962963,1864
13130,0,0,0,1.6130864197530863,1864
13131,0,0,0,1.61320987654321,1864
13132,0,0,0,1.6133333333333333,1864
13133,0,0,0,1.6134567901234569,1864
13134,0,0,0,1.6135802469135803,1864
13135,0,0,0,1.6137037037037036,1864
13136,2,2,0,1.6138271604938272,1866
13137,0,0,0,1.6139506172839506,1866
13138,0,0,0,1.614074074074074,1866
13139,0,0,0,1.6141975308641976,1866
13140,0,0,0,1.614320987654321,1866
13141,1,1,0,1.6144444444444443,1867
13142,0,0,0,1.614567901234568,1867
13143,0,0,0,1.6146913580246913,1867
13144,0,0,0,1.614814814814815,1867
13145,1,1,0,1.6149382716049383,1868
13146,0,0,0,1.6150617283950617,1868
13147,0,0,0,1.6151851851851853,1868
13148,0,0,0,1.6153086419753087,1868
13149,0,0,0,1.615432098765432,1868
13150,0,0,0,1.6155555555555556,1868
13151,0,0,0,1.615679012345679,1868
13152,2,2,0,1.6158024691358024,1870
13153,0,0,0,1.615925925925926,1870
13154,0,0,0,1.6160493827160494,1870
13155,0,0,0,1.6161728395061727,1870
13156,0,0,0,1.6162962962962963,1870
13157,0,0,0,1.6164197530864197,1870
13158,0,0,0,1.6165432098765433,1870
13159,0,0,0,1.6166666666666667,1870
13160,0,0,0,1.61679012345679,1870
13161,0,0,0,1.6169135802469137,1870
13162,0,0,0,1.617037037037037,1870
13163,0,0,0,1.6171604938271604,1870
13164,5,5,0,1.617283950617284,1875
13165,0,0,0,1.6174074074074074,1875
13166,1,1,0,1.6175308641975308,1876
13167,0,0,0,1.6176543209876544,1876
13168,8,8,0,1.6177777777777778,1884
13169,0,0,0,1.6179012345679011,1884
13170,0,0,0,1.6180246913580247,1884
13171,0,0,0,1.6181481481481481,1884
13172,0,0,0,1.6182716049382717,1884
13173,0,0,0,1.618395061728395,1884
13174,0,0,0,1.6185185185185185,1884
13175,0,0,0,1.618641975308642,1884
13176,1,1,0,1.6187654320987654,1885
13177,0,0,0,1.6188888888888888,1885
13178,1,1,0,1.6190123456790124,1886
13179,0,0,0,1.6191358024691358,1886
13180,0,0,0,1.6192592592592592,1886
13181,1,1,0,1.6193827160493828,1887
13182,9,9,0,1.6195061728395062,1896
13183,0,0,0,1.6196296296296295,1896
13184,0,0,0,1.6197530864197531,1896
13185,4,4,0,1.6198765432098765,1900
13186,0,0,0,1.62,1900
13187,6,6,0,1.6201234567901235,1906
13188,0,0,0,1.6202469135802469,1906
13189,0,0,0,1.6203703703703705,1906
13190,0,0,0,1.6204938271604938,1906
13191,0,0,0,1.6206172839506172,1906
13192,0,0,0,1.6207407407407408,1906
13193,0,0,0,1.6208641975308642,1906
13194,0,0,0,1.6209876543209876,1906
13195,0,0,0,1.6211111111111112,1906
13196,0,0,0,1.6212345679012345,1906
13197,0,0,0,1.621358024691358,1906
13198,0,0,0,1.6214814814814815,1906
13199,0,0,0,1.621604938271605,1906
13200,0,0,0,1.6217283950617285,1906
13201,1,1,0,1.6218518518518519,1907
13202,0,0,0,1.6219753086419753,1907
13203,3,3,0,1.6220987654320989,1910
13204,0,0,0,1.6222222222222222,1910
13205,0,0,0,1.6223456790123456,1910
13206,0,0,0,1.6224691358024692,1910
13207,0,0,0,1.6225925925925926,1910
13208,1,1,0,1.622716049382716,1911
13209,0,0,0,1.6228395061728396,1911
13210,0,0,0,1.622962962962963,1911
13211,0,0,0,1.6230864197530863,1911
13212,0,0,0,1.62320987654321,1911
13213,0,0,0,1.6233333333333333,1911
13214,0,0,0,1.623456790123457,1911
13215,0,0,0,1.6235802469135803,1911
13216,0,0,0,1.6237037037037036,1911
13217,0,0,0,1.6238271604938272,1911
13218,0,0,0,1.6239506172839506,1911
13219,0,0,0,1.624074074074074,1911
13220,0,0,0,1.6241975308641976,1911
13221,0,0,0,1.624320987654321,1911
13222,1,1,0,1.6244444444444444,1912
13223,0,0,0,1.624567901234568,1912
13224,0,0,0,1.6246913580246913,1912
13225,0,0,0,1.6248148148148147,1912
13226,0,0,0,1.6249382716049383,1912
13227,1,1,0,1.6250617283950617,1913
13228,0,0,0,1.6251851851851853,1913
13229,0,0,0,1.6253086419753087,1913
13230,0,0,0,1.625432098765432,1913
13231,0,0,0,1.6255555555555556,1913
13232,0,0,0,1.625679012345679,1913
13233,0,0,0,1.6258024691358024,1913
13234,0,0,0,1.625925925925926,1913
13235,0,0,0,1.6260493827160494,1913
13236,0,0,0,1.6261728395061728,1913
13237,0,0,0,1.6262962962962964,1913
13238,1,1,0,1.6264197530864197,1914
13239,0,0,0,1.626543209876543,1914
13240,1,1,0,1.6266666666666667,1915
13241,0,0,0,1.62679012345679,1915
13242,0,0,0,1.6269135802469137,1915
13243,4,4,2,1.62679012345679,1919
13244,0,0,0,1.6269135802469137,1919
13245,5,5,0,1.627037037037037,1924
13246,0,0,0,1.6271604938271604,1924
13247,0,0,0,1.627283950617284,1924
13248,14,14,0,1.6274074074074074,1938
13249,0,0,0,1.6275308641975308,1938
13250,0,0,0,1.6276543209876544,1938
13251,2,2,0,1.6277777777777778,1940
13252,0,0,0,1.6279012345679011,1940
13253,5,5,0,1.6280246913580247,1945
13254,1,1,0,1.6281481481481481,1946
13255,0,0,0,1.6282716049382715,1946
13256,2,2,0,1.628395061728395,1948
13257,0,0,0,1.6285185185185185,1948
13258,0,0,0,1.628641975308642,1948
13259,1,1,0,1.6287654320987655,1949
13260,0,0,0,1.6288888888888888,1949
13261,0,0,0,1.6290123456790124,1949
13262,0,0,0,1.6291358024691358,1949
13263,0,0,0,1.6292592592592592,1949
13264,0,0,0,1.6293827160493828,1949
13265,0,0,0,1.6295061728395062,1949
13266,0,0,0,1.6296296296296295,1949
13267,0,0,0,1.6297530864197531,1949
13268,0,0,0,1.6298765432098765,1949
13269,0,0,0,1.63,1949
13270,0,0,0,1.6301234567901235,1949
13271,1,1,0,1.6302469135802469,1950
13272,0,0,0,1.6303703703703705,1950
13273,0,0,0,1.6304938271604938,1950
13274,0,0,0,1.6306172839506172,1950
13275,0,0,0,1.6307407407407408,1950
13276,8,8,0,1.6308641975308642,1958
13277,0,0,0,1.6309876543209876,1958
13278,0,0,0,1.6311111111111112,1958
13279,0,0,0,1.6312345679012346,1958
13280,0,0,0,1.631358024691358,1958
13281,6,6,0,1.6314814814814815,1964
13282,14,14,0,1.631604938271605,1978
13283,4,4,0,1.6317283950617283,1982
13284,0,0,0,1.6318518518518519,1982
13285,0,0,0,1.6319753086419753,1982
13286,0,0,0,1.6320987654320989,1982
13287,0,0,0,1.6322222222222222,1982
13288,0,0,0,1.6323456790123456,1982
13289,0,0,0,1.6324691358024692,1982
13290,1,1,1,1.6324691358024692,1983
13291,0,0,0,1.6325925925925926,1983
13292,0,0,0,1.632716049382716,1983
13293,0,0,0,1.6328395061728396,1983
13294,0,0,0,1.632962962962963,1983
13295,0,0,0,1.6330864197530863,1983
13296,2,2,0,1.63320987654321,1985
13297,0,0,0,1.6333333333333333,1985
13298,0,0,0,1.6334567901234567,1985
13299,0,0,0,1.6335802469135803,1985
13300,0,0,0,1.6337037037037037,1985
13301,0,0,0,1.6338271604938273,1985
13302,0,0,0,1.6339506172839506,1985
13303,0,0,0,1.634074074074074,1985
13304,2,2,0,1.6341975308641976,1987
13305,6,6,0,1.634320987654321,1993
13306,5,5,0,1.6344444444444444,1998
13307,1,1,0,1.634567901234568,1999
13308,0,0,0,1.6346913580246913,1999
13309,2,2,0,1.6348148148148147,2001
13310,0,0,0,1.6349382716049383,2001
13311,0,0,0,1.6350617283950617,2001
13312,0,0,0,1.635185185185185,2001
13313,0,0,0,1.6353086419753087,2001
13314,0,0,0,1.635432098765432,2001
13315,0,0,0,1.6355555555555557,2001
13316,0,0,0,1.635679012345679,2001
13317,1,1,0,1.6358024691358024,2002
13318,0,0,0,1.635925925925926,2002
13319,0,0,0,1.6360493827160494,2002
13320,0,0,0,1.6361728395061728,2002
13321,0,0,0,1.6362962962962964,2002
13322,0,0,0,1.6364197530864197,2002
13323,0,0,0,1.6365432098765431,2002
13324,0,0,0,1.6366666666666667,2002
13325,3,3,0,1.63679012345679,2005
13326,0,0,0,1.6369135802469137,2005
13327,0,0,0,1.637037037037037,2005
13328,0,0,0,1.6371604938271604,2005
13329,0,0,0,1.637283950617284,2005
13330,4,4,0,1.6374074074074074,2009
13331,0,0,0,1.6375308641975308,2009
13332,0,0,0,1.6376543209876544,2009
13333,0,0,0,1.6377777777777778,2009
13334,0,0,0,1.6379012345679012,2009
13335,0,0,0,1.6380246913580248,2009
13336,0,0,0,1.6381481481481481,2009
13337,0,0,0,1.6382716049382715,2009
13338,0,0,0,1.638395061728395,2009
13339,0,0,0,1.6385185185185185,2009
13340,0,0,0,1.638641975308642,2009
13341,0,0,0,1.6387654320987655,2009
13342,0,0,0,1.6388888888888888,2009
13343,0,0,0,1.6390123456790124,2009
13344,0,0,0,1.6391358024691358,2009
13345,0,0,0,1.6392592592592592,2009
13346,0,0,0,1.6393827160493828,2009
13347,4,4,0,1.6395061728395062,2013
13348,0,0,0,1.6396296296296295,2013
13349,0,0,0,1.6397530864197531,2013
13350,0,0,0,1.6398765432098765,2013
13351,0,0,0,1.64,2013
13352,0,0,0,1.6401234567901235,2013
13353,0,0,0,1.6402469135802469,2013
13354,0,0,0,1.6403703703703705,2013
13355,0,0,0,1.6404938271604939,2013
13356,0,0,0,1.6406172839506172,2013
13357,0,0,0,1.6407407407407408,2013
13358,0,0,0,1.6408641975308642,2013
13359,0,0,0,1.6409876543209876,2013
13360,0,0,0,1.6411111111111112,2013
13361,2,2,0,1.6412345679012346,2015
13362,0,0,0,1.641358024691358,2015
13363,0,0,0,1.6414814814814815,2015
13364,0,0,0,1.641604938271605,2015
13365,0,0,0,1.6417283950617283,2015
13366,0,0,0,1.641851851851852,2015
13367,0,0,0,1.6419753086419753,2015
13368,1,1,0,1.6420987654320989,2016
13369,1,1,0,1.6422222222222222,2017
13370,0,0,0,1.6423456790123456,2017
13371,2,2,0,1.6424691358024692,2019
13372,0,0,0,1.6425925925925926,2019
13373,0,0,0,1.642716049382716,2019
13374,1,1,0,1.6428395061728396,2020
13375,0,0,0,1.642962962962963,2020
13376,0,0,0,1.6430864197530863,2020
13377,0,0,0,1.64320987654321,2020
13378,0,0,0,1.6433333333333333,2020
13379,0,0,0,1.6434567901234567,2020
13380,0,0,0,1.6435802469135803,2020
13381,0,0,0,1.6437037037037037,2020
13382,0,0,0,1.6438271604938273,2020
13383,2,2,0,1.6439506172839506,2022
13384,14,14,0,1.644074074074074,2036
13385,0,0,0,1.6441975308641976,2036
13386,0,0,0,1.644320987654321,2036
13387,0,0,0,1.6444444444444444,2036
13388,0,0,0,1.644567901234568,2036
13389,0,0,0,1.6446913580246914,2036
13390,0,0,0,1.6448148148148147,2036
13391,0,0,0,1.6449382716049383,2036
13392,0,0,0,1.6450617283950617,2036
13393,2,2,0,1.645185185185185,2038
13394,0,0,0,1.6453086419753087,2038
13395,0,0,0,1.645432098765432,2038
13396,0,0,0,1.6455555555555557,2038
13397,0,0,0,1.645679012345679,2038
13398,0,0,0,1.6458024691358024,2038
13399,0,0,0,1.645925925925926,2038
13400,0,0,0,1.6460493827160494,2038
13401,0,0,0,1.6461728395061728,2038
13402,0,0,0,1.6462962962962964,2038
13403,0,0,0,1.6464197530864197,2038
13404,0,0,0,1.6465432098765431,2038
13405,0,0,0,1.6466666666666667,2038
13406,0,0,0,1.64679012345679,2038
13407,0,0,0,1.6469135802469135,2038
13408,0,0,0,1.647037037037037,2038
13409,0,0,0,1.6471604938271605,2038
13410,0,0,0,1.647283950617284,2038
13411,0,0,0,1.6474074074074074,2038
13412,3,3,0,1.6475308641975308,2041
13413,1,1,1,1.6475308641975308,2042
13414,0,0,0,1.6476543209876544,2042
13415,0,0,0,1.6477777777777778,2042
13416,1,1,0,1.6479012345679012,2043
13417,0,0,0,1.6480246913580248,2043
13418,0,0,0,1.6481481481481481,2043
13419,0,0,0,1.6482716049382715,2043
13420,1,1,0,1.6483950617283951,2044
13421,0,0,0,1.6485185185185185,2044
13422,0,0,0,1.6486419753086419,2044
13423,0,0,0,1.6487654320987655,2044
13424,0,0,0,1.6488888888888888,2044
13425,2,2,0,1.6490123456790124,2046
13426,0,0,0,1.6491358024691358,2046
13427,1,1,0,1.6492592592592592,2047
13428,0,0,0,1.6493827160493828,2047
13429,16,16,0,1.6495061728395062,2063
13430,0,0,0,1.6496296296296296,2063
13431,0,0,0,1.6497530864197532,2063
13432,0,0,0,1.6498765432098765,2063
13433,3,3,0,1.65,2066
13434,0,0,0,1.6501234567901235,2066
13435,0,0,0,1.6502469135802469,2066
13436,0,0,0,1.6503703703703703,2066
13437,1,1,0,1.6504938271604939,2067
13438,3,3,0,1.6506172839506172,2070
13439,0,0,0,1.6507407407407408,2070
13440,0,0,0,1.6508641975308642,2070
13441,1,1,0,1.6509876543209876,2071
13442,2,2,0,1.6511111111111112,2073
13443,0,0,0,1.6512345679012346,2073
13444,0,0,0,1.651358024691358,2073
13445,1,1,0,1.6514814814814816,2074
13446,4,4,0,1.651604938271605,2078
13447,2,2,0,1.6517283950617283,2080
13448,0,0,0,1.651851851851852,2080
13449,1,1,0,1.6519753086419753,2081
13450,3,3,0,1.6520987654320987,2084
13451,0,0,0,1.6522222222222223,2084
13452,15,15,0,1.6523456790123456,2099
13453,0,0,0,1.6524691358024692,2099
13454,3,3,0,1.6525925925925926,2102
13455,2,2,0,1.652716049382716,2104
13456,0,0,0,1.6528395061728396,2104
13457,3,3,0,1.652962962962963,2107
13458,0,0,0,1.6530864197530863,2107
13459,0,0,0,1.65320987654321,2107
13460,0,0,0,1.6533333333333333,2107
13461,0,0,0,1.6534567901234567,2107
13462,0,0,0,1.6535802469135803,2107
13463,2,2,0,1.6537037037037037,2109
13464,0,0,0,1.653827160493827,2109
13465,0,0,0,1.6539506172839507,2109
13466,0,0,0,1.654074074074074,2109
13467,0,0,0,1.6541975308641976,2109
13468,0,0,0,1.654320987654321,2109
13469,0,0,0,1.6544444444444444,2109
13470,0,0,0,1.654567901234568,2109
13471,0,0,0,1.6546913580246914,2109
13472,2,2,0,1.6548148148148147,2111
13473,0,0,0,1.6549382716049383,2111
13474,4,4,0,1.6550617283950617,2115
13475,0,0,0,1.655185185185185,2115
13476,0,0,0,1.6553086419753087,2115
13477,0,0,0,1.655432098765432,2115
13478,0,0,0,1.6555555555555554,2115
13479,0,0,0,1.655679012345679,2115
13480,0,0,0,1.6558024691358024,2115
13481,0,0,0,1.655925925925926,2115
13482,0,0,0,1.6560493827160494,2115
13483,1,1,0,1.6561728395061728,2116
13484,0,0,0,1.6562962962962964,2116
13485,0,0,0,1.6564197530864198,2116
13486,0,0,0,1.6565432098765431,2116
13487,0,0,0,1.6566666666666667,2116
13488,0,0,0,1.65679012345679,2116
13489,0,0,0,1.6569135802469135,2116
13490,0,0,0,1.657037037037037,2116
13491,0,0,0,1.6571604938271605,2116
13492,0,0,0,1.6572839506172838,2116
13493,2,2,0,1.6574074074074074,2118
13494,0,0,0,1.6575308641975308,2118
13495,3,3,0,1.6576543209876544,2121
13496,0,0,0,1.6577777777777778,2121
13497,0,0,0,1.6579012345679012,2121
13498,1,1,0,1.6580246913580248,2122
13499,0,0,0,1.6581481481481481,2122
13500,0,0,0,1.6582716049382715,2122
13501,0,0,0,1.6583950617283951,2122
13502,0,0,0,1.6585185185185185,2122
13503,0,0,0,1.6586419753086419,2122
13504,1,1,0,1.6587654320987655,2123
13505,0,0,0,1.6588888888888889,2123
13506,0,0,0,1.6590123456790122,2123
13507,1,1,0,1.6591358024691358,2124
13508,1,1,0,1.6592592592592592,2125
13509,0,0,0,1.6593827160493828,2125
13510,0,0,0,1.6595061728395062,2125
13511,0,0,0,1.6596296296296296,2125
13512,1,1,0,1.6597530864197532,2126
13513,0,0,0,1.6598765432098765,2126
13514,0,0,0,1.66,2126
13515,0,0,0,1.6601234567901235,2126
13516,0,0,0,1.660246913580247,2126
13517,0,0,0,1.6603703703703703,2126
13518,4,4,0,1.6604938271604939,2130
13519,0,0,0,1.6606172839506173,2130
13520,0,0,0,1.6607407407407409,2130
13521,1,1,0,1.6608641975308642,2131
13522,0,0,0,1.6609876543209876,2131
13523,0,0,0,1.6611111111111112,2131
13524,0,0,0,1.6612345679012346,2131
13525,0,0,0,1.661358024691358,2131
13526,0,0,0,1.6614814814814816,2131
13527,6,6,0,1.661604938271605,2137
13528,0,0,0,1.6617283950617283,2137
13529,0,0,0,1.661851851851852,2137
13530,5,5,0,1.6619753086419753,2142
13531,0,0,0,1.6620987654320987,2142
13532,0,0,0,1.6622222222222223,2142
13533,0,0,0,1.6623456790123456,2142
13534,9,9,0,1.6624691358024692,2151
13535,0,0,0,1.6625925925925926,2151
13536,1,1,0,1.662716049382716,2152
13537,0,0,0,1.6628395061728396,2152
13538,0,0,0,1.662962962962963,2152
13539,0,0,0,1.6630864197530864,2152
13540,33,33,4,1.662716049382716,2185
13541,0,0,0,1.6628395061728396,2185
13542,0,0,0,1.662962962962963,2185
13543,1,1,1,1.662962962962963,2186
13544,0,0,0,1.6630864197530864,2186
13545,0,0,0,1.66320987654321,2186
13546,0,0,0,1.6633333333333333,2186
13547,0,0,0,1.6634567901234567,2186
13548,0,0,0,1.6635802469135803,2186
13549,0,0,0,1.6637037037037037,2186
13550,0,0,0,1.663827160493827,2186
13551,0,0,0,1.6639506172839507,2186
13552,0,0,0,1.664074074074074,2186
13553,1,1,0,1.6641975308641976,2187
13554,0,0,0,1.664320987654321,2187
13555,0,0,0,1.6644444444444444,2187
13556,1,1,1,1.6644444444444444,2188
13557,0,0,0,1.664567901234568,2188
13558,0,0,0,1.6646913580246914,2188
13559,0,0,0,1.6648148148148147,2188
13560,0,0,0,1.6649382716049383,2188
13561,0,0,0,1.6650617283950617,2188
13562,0,0,0,1.665185185185185,2188
13563,0,0,0,1.6653086419753087,2188
13564,0,0,0,1.665432098765432,2188
13565,0,0,0,1.6655555555555555,2188
13566,1,1,0,1.665679012345679,2189
13567,0,0,0,1.6658024691358024,2189
13568,0,0,0,1.665925925925926,2189
13569,0,0,0,1.6660493827160494,2189
13570,18,18,0,1.6661728395061728,2207
13571,0,0,0,1.6662962962962964,2207
13572,0,0,0,1.6664197530864198,2207
13573,0,0,0,1.6665432098765431,2207
13574,1,1,0,1.6666666666666667,2208
13575,0,0,0,1.6667901234567901,2208
13576,1,1,0,1.6669135802469135,2209
13577,0,0,0,1.667037037037037,2209
13578,0,0,0,1.6671604938271605,2209
13579,0,0,0,1.6672839506172838,2209
13580,0,0,0,1.6674074074074074,2209
13581,0,0,0,1.6675308641975308,2209
13582,0,0,0,1.6676543209876544,2209
13583,0,0,0,1.6677777777777778,2209
13584,0,0,0,1.6679012345679012,2209
13585,0,0,0,1.6680246913580248,2209
13586,0,0,0,1.6681481481481482,2209
13587,0,0,0,1.6682716049382715,2209
13588,0,0,0,1.6683950617283951,2209
13589,0,0,0,1.6685185185185185,2209
13590,0,0,0,1.668641975308642,2209
13591,0,0,0,1.6687654320987655,2209
13592,4,4,0,1.6688888888888889,2213
13593,0,0,0,1.6690123456790122,2213
13594,0,0,0,1.6691358024691358,2213
13595,10,10,0,1.6692592592592592,2223
13596,0,0,0,1.6693827160493828,2223
13597,0,0,0,1.6695061728395062,2223
13598,1,1,1,1.6695061728395062,2224
13599,0,0,0,1.6696296296296296,2224
13600,0,0,0,1.6697530864197532,2224
13601,0,0,0,1.6698765432098766,2224
13602,0,0,0,1.67,2224
13603,5,5,0,1.6701234567901235,2229
13604,0,0,0,1.670246913580247,2229
13605,1,1,0,1.6703703703703703,2230
13606,0,0,0,1.6704938271604939,2230
13607,0,0,0,1.6706172839506173,2230
13608,0,0,0,1.6707407407407406,2230
13609,12,12,0,1.6708641975308642,2242
13610,0,0,0,1.6709876543209876,2242
13611,0,0,0,1.6711111111111112,2242
13612,0,0,0,1.6712345679012346,2242
13613,0,0,0,1.671358024691358,2242
13614,9,9,0,1.6714814814814816,2251
13615,0,0,0,1.671604938271605,2251
13616,0,0,0,1.6717283950617283,2251
13617,0,0,0,1.671851851851852,2251
13618,0,0,0,1.6719753086419753,2251
13619,1,1,0,1.6720987654320987,2252
13620,3,3,1,1.6720987654320987,2255
13621,4,4,0,1.6722222222222223,2259
13622,0,0,0,1.6723456790123457,2259
13623,0,0,0,1.672469135802469,2259
13624,0,0,0,1.6725925925925926,2259
13625,3,3,0,1.672716049382716,2262
13626,0,0,0,1.6728395061728396,2262
13627,0,0,0,1.672962962962963,2262
13628,0,0,0,1.6730864197530864,2262
13629,0,0,0,1.67320987654321,2262
13630,0,0,0,1.6733333333333333,2262
13631,0,0,0,1.6734567901234567,2262
13632,0,0,0,1.6735802469135803,2262
13633,0,0,0,1.6737037037037037,2262
13634,3,3,0,1.673827160493827,2265
13635,9,9,0,1.6739506172839507,2274
13636,0,0,0,1.674074074074074,2274
13637,0,0,0,1.6741975308641974,2274
13638,0,0,0,1.674320987654321,2274
13639,0,0,0,1.6744444444444444,2274
13640,0,0,0,1.674567901234568,2274
13641,2,2,0,1.6746913580246914,2276
13642,0,0,0,1.6748148148148148,2276
13643,0,0,0,1.6749382716049384,2276
13644,0,0,0,1.6750617283950617,2276
13645,2,2,0,1.675185185185185,2278
13646,0,0,0,1.6753086419753087,2278
13647,0,0,0,1.675432098765432,2278
13648,1,1,0,1.6755555555555555,2279
13649,0,0,0,1.675679012345679,2279
13650,0,0,0,1.6758024691358024,2279
13651,0,0,0,1.6759259259259258,2279
13652,0,0,0,1.6760493827160494,2279
13653,1,1,0,1.6761728395061728,2280
13654,0,0,0,1.6762962962962964,2280
13655,0,0,0,1.6764197530864198,2280
13656,0,0,0,1.6765432098765432,2280
13657,0,0,0,1.6766666666666667,2280
13658,0,0,0,1.6767901234567901,2280
13659,0,0,0,1.6769135802469135,2280
13660,1,1,0,1.677037037037037,2281
13661,0,0,0,1.6771604938271605,2281
13662,0,0,0,1.6772839506172839,2281
13663,0,0,0,1.6774074074074075,2281
13664,0,0,0,1.6775308641975308,2281
13665,0,0,0,1.6776543209876542,2281
13666,0,0,0,1.6777777777777778,2281
13667,0,0,0,1.6779012345679012,2281
13668,0,0,0,1.6780246913580248,2281
13669,0,0,0,1.6781481481481482,2281
13670,0,0,0,1.6782716049382715,2281
13671,3,3,0,1.6783950617283951,2284
13672,1,1,0,1.6785185185185185,2285
13673,4,4,0,1.678641975308642,2289
13674,0,0,0,1.6787654320987655,2289
13675,0,0,0,1.6788888888888889,2289
13676,0,0,0,1.6790123456790123,2289
13677,0,0,0,1.6791358024691359,2289
13678,0,0,0,1.6792592592592592,2289
13679,0,0,0,1.6793827160493826,2289
13680,3,3,0,1.6795061728395062,2292
13681,1,1,0,1.6796296296296296,2293
13682,0,0,0,1.6797530864197532,2293
13683,0,0,0,1.6798765432098766,2293
13684,1,1,0,1.68,2294
13685,0,0,0,1.6801234567901235,2294
13686,0,0,0,1.680246913580247,2294
13687,0,0,0,1.6803703703703703,2294
13688,11,11,0,1.680493827160494,2305
13689,4,4,0,1.6806172839506173,2309
13690,0,0,0,1.6807407407407406,2309
13691,0,0,0,1.6808641975308642,2309
13692,1,1,0,1.6809876543209876,2310
13693,4,4,0,1.681111111111111,2314
13694,0,0,0,1.6812345679012346,2314
13695,0,0,0,1.681358024691358,2314
13696,2,2,0,1.6814814814814816,2316
13697,0,0,0,1.681604938271605,2316
13698,0,0,0,1.6817283950617283,2316
13699,0,0,0,1.681851851851852,2316
13700,0,0,0,1.6819753086419753,2316
13701,1,1,0,1.6820987654320987,2317
13702,2,2,0,1.6822222222222223,2319
13703,6,6,0,1.6823456790123457,2325
13704,8,8,0,1.682469135802469,2333
13705,0,0,0,1.6825925925925926,2333
13706,0,0,0,1.682716049382716,2333
13707,12,12,0,1.6828395061728396,2345
13708,0,0,0,1.682962962962963,2345
13709,0,0,0,1.6830864197530864,2345
13710,0,0,0,1.68320987654321,2345
13711,0,0,0,1.6833333333333333,2345
13712,0,0,0,1.6834567901234567,2345
13713,0,0,0,1.6835802469135803,2345
13714,0,0,0,1.6837037037037037,2345
13715,0,0,0,1.683827160493827,2345
13716,0,0,0,1.6839506172839507,2345
13717,0,0,0,1.684074074074074,2345
13718,0,0,0,1.6841975308641974,2345
13719,0,0,0,1.684320987654321,2345
13720,0,0,0,1.6844444444444444,2345
13721,0,0,0,1.684567901234568,2345
13722,0,0,0,1.6846913580246914,2345
13723,0,0,0,1.6848148148148148,2345
13724,0,0,0,1.6849382716049384,2345
13725,0,0,0,1.6850617283950617,2345
13726,0,0,0,1.6851851851851851,2345
13727,0,0,0,1.6853086419753087,2345
13728,0,0,0,1.685432098765432,2345
13729,6,6,0,1.6855555555555555,2351
13730,0,0,0,1.685679012345679,2351
13731,0,0,0,1.6858024691358025,2351
13732,0,0,0,1.6859259259259258,2351
13733,0,0,0,1.6860493827160494,2351
13734,0,0,0,1.6861728395061728,2351
13735,0,0,0,1.6862962962962964,2351
13736,0,0,0,1.6864197530864198,2351
13737,0,0,0,1.6865432098765432,2351
13738,3,3,0,1.6866666666666668,2354
13739,0,0,0,1.6867901234567901,2354
13740,0,0,0,1.6869135802469135,2354
13741,0,0,0,1.6870370370370371,2354
13742,0,0,0,1.6871604938271605,2354
13743,0,0,0,1.6872839506172839,2354
13744,2,2,0,1.6874074074074075,2356
13745,0,0,0,1.6875308641975308,2356
13746,0,0,0,1.6876543209876542,2356
13747,0,0,0,1.6877777777777778,2356
13748,0,0,0,1.6879012345679012,2356
13749,0,0,0,1.6880246913580248,2356
13750,2,2,0,1.6881481481481482,2358
13751,0,0,0,1.6882716049382716,2358
13752,0,0,0,1.6883950617283952,2358
13753,0,0,0,1.6885185185185185,2358
13754,1,1,0,1.688641975308642,2359
13755,0,0,0,1.6887654320987655,2359
13756,28,28,0,1.6888888888888889,2387
13757,0,0,0,1.6890123456790123,2387
13758,0,0,0,1.6891358024691359,2387
13759,1,1,0,1.6892592592592592,2388
13760,0,0,0,1.6893827160493826,2388
13761,0,0,0,1.6895061728395062,2388
13762,1,1,0,1.6896296296296296,2389
13763,0,0,0,1.6897530864197532,2389
13764,0,0,0,1.6898765432098766,2389
13765,0,0,0,1.69,2389
13766,0,0,0,1.6901234567901235,2389
13767,0,0,0,1.690246913580247,2389
13768,0,0,0,1.6903703703703703,2389
13769,0,0,0,1.690493827160494,2389
13770,0,0,0,1.6906172839506173,2389
13771,0,0,0,1.6907407407407407,2389
13772,0,0,0,1.6908641975308643,2389
13773,0,0,0,1.6909876543209876,2389
13774,0,0,0,1.691111111111111,2389
13775,0,0,0,1.6912345679012346,2389
13776,2,2,0,1.691358024691358,2391
13777,0,0,0,1.6914814814814816,2391
13778,0,0,0,1.691604938271605,2391
13779,0,0,0,1.6917283950617283,2391
13780,0,0,0,1.691851851851852,2391
13781,0,0,0,1.6919753086419753,2391
13782,0,0,0,1.6920987654320987,2391
13783,0,0,0,1.6922222222222223,2391
13784,0,0,0,1.6923456790123457,2391
13785,0,0,0,1.692469135802469,2391
13786,0,0,0,1.6925925925925926,2391
13787,0,0,0,1.692716049382716,2391
13788,1,1,0,1.6928395061728394,2392
13789,0,0,0,1.692962962962963,2392
13790,0,0,0,1.6930864197530864,2392
13791,0,0,0,1.69320987654321,2392
13792,0,0,0,1.6933333333333334,2392
13793,0,0,0,1.6934567901234567,2392
13794,4,4,0,1.6935802469135803,2396
13795,0,0,0,1.6937037037037037,2396
13796,0,0,0,1.693827160493827,2396
13797,0,0,0,1.6939506172839507,2396
13798,0,0,0,1.694074074074074,2396
13799,0,0,0,1.6941975308641974,2396
13800,2,2,0,1.694320987654321,2398
13801,0,0,0,1.6944444444444444,2398
13802,0,0,0,1.6945679012345678,2398
13803,0,0,0,1.6946913580246914,2398
13804,17,16,0,1.6948148148148148,2415
13805,0,0,0,1.6949382716049384,2415
13806,0,0,0,1.6950617283950618,2415
13807,5,5,0,1.6951851851851851,2420
13808,0,0,0,1.6953086419753087,2420
13809,1,1,0,1.695432098765432,2421
13810,5,5,0,1.6955555555555555,2426
13811,18,18,0,1.695679012345679,2444
13812,0,0,0,1.6958024691358025,2444
13813,0,0,0,1.6959259259259258,2444
13814,0,0,0,1.6960493827160494,2444
13815,0,0,0,1.6961728395061728,2444
13816,0,0,0,1.6962962962962962,2444
13817,0,0,0,1.6964197530864198,2444
13818,0,0,0,1.6965432098765432,2444
13819,0,0,0,1.6966666666666668,2444
13820,0,0,0,1.6967901234567901,2444
13821,0,0,0,1.6969135802469135,2444
13822,0,0,0,1.6970370370370371,2444
13823,0,0,0,1.6971604938271605,2444
13824,2,2,0,1.6972839506172839,2446
13825,0,0,0,1.6974074074074075,2446
13826,0,0,0,1.6975308641975309,2446
13827,2,2,0,1.6976543209876542,2448
13828,0,0,0,1.6977777777777778,2448
13829,0,0,0,1.6979012345679012,2448
13830,2,2,2,1.6977777777777778,2450
13831,0,0,0,1.6979012345679012,2450
13832,0,0,0,1.6980246913580246,2450
13833,1,1,0,1.6981481481481482,2451
13834,0,0,0,1.6982716049382716,2451
13835,0,0,0,1.6983950617283952,2451
13836,0,0,0,1.6985185185185185,2451
13837,0,0,0,1.698641975308642,2451
13838,0,0,0,1.6987654320987655,2451
13839,0,0,0,1.698888888888889,2451
13840,0,0,0,1.6990123456790123,2451
13841,4,4,0,1.6991358024691359,2455
13842,0,0,0,1.6992592592592592,2455
13843,7,7,0,1.6993827160493826,2462
13844,0,0,0,1.6995061728395062,2462
13845,0,0,0,1.6996296296296296,2462
13846,0,0,0,1.699753086419753,2462
13847,0,0,0,1.6998765432098766,2462
13848,0,0,0,1.7,2462
13849,0,0,0,1.7001234567901236,2462
13850,0,0,0,1.700246913580247,2462
13851,0,0,0,1.7003703703703703,2462
13852,0,0,0,1.700493827160494,2462
13853,0,0,0,1.7006172839506173,2462
13854,0,0,0,1.7007407407407407,2462
13855,0,0,0,1.7008641975308643,2462
13856,0,0,0,1.7009876543209876,2462
13857,1,1,0,1.701111111111111,2463
13858,0,0,0,1.7012345679012346,2463
13859,0,0,0,1.701358024691358,2463
13860,0,0,0,1.7014814814814814,2463
13861,0,0,0,1.701604938271605,2463
13862,0,0,0,1.7017283950617283,2463
13863,9,9,0,1.701851851851852,2472
13864,0,0,0,1.7019753086419753,2472
13865,0,0,0,1.7020987654320987,2472
13866,0,0,0,1.7022222222222223,2472
13867,1,1,0,1.7023456790123457,2473
13868,0,0,0,1.702469135802469,2473
13869,0,0,0,1.7025925925925927,2473
13870,0,0,0,1.702716049382716,2473
13871,0,0,0,1.7028395061728394,2473
13872,0,0,0,1.702962962962963,2473
13873,0,0,0,1.7030864197530864,2473
13874,0,0,0,1.7032098765432098,2473
13875,2,2,0,1.7033333333333334,2475
13876,0,0,0,1.7034567901234567,2475
13877,1,1,1,1.7034567901234567,2476
13878,0,0,0,1.7035802469135803,2476
13879,4,4,0,1.7037037037037037,2480
13880,6,6,0,1.703827160493827,2486
13881,0,0,0,1.7039506172839507,2486
13882,0,0,0,1.704074074074074,2486
13883,0,0,0,1.7041975308641975,2486
13884,0,0,0,1.704320987654321,2486
13885,0,0,0,1.7044444444444444,2486
13886,2,2,0,1.7045679012345678,2488
13887,1,1,0,1.7046913580246914,2489
13888,0,0,0,1.7048148148148148,2489
13889,0,0,0,1.7049382716049384,2489
13890,0,0,0,1.7050617283950618,2489
13891,0,0,0,1.7051851851851851,2489
13892,1,1,0,1.7053086419753087,2490
13893,0,0,0,1.7054320987654321,2490
13894,0,0,0,1.7055555555555555,2490
13895,0,0,0,1.705679012345679,2490
13896,0,0,0,1.7058024691358025,2490
13897,0,0,0,1.7059259259259258,2490
13898,0,0,0,1.7060493827160494,2490
13899,9,9,0,1.7061728395061728,2499
13900,0,0,0,1.7062962962962962,2499
13901,0,0,0,1.7064197530864198,2499
13902,0,0,0,1.7065432098765432,2499
13903,0,0,0,1.7066666666666668,2499
13904,0,0,0,1.7067901234567902,2499
13905,0,0,0,1.7069135802469135,2499
13906,0,0,0,1.7070370370370371,2499
13907,0,0,0,1.7071604938271605,2499
13908,1,1,0,1.7072839506172839,2500
13909,1,1,0,1.7074074074074075,2501
13910,0,0,0,1.7075308641975309,2501
13911,6,6,0,1.7076543209876542,2507
13912,0,0,0,1.7077777777777778,2507
13913,7,7,0,1.7079012345679012,2514
13914,0,0,0,1.7080246913580246,2514
13915,0,0,0,1.7081481481481482,2514
13916,0,0,0,1.7082716049382716,2514
13917,0,0,0,1.7083950617283952,2514
13918,0,0,0,1.7085185185185185,2514
13919,2,2,0,1.708641975308642,2516
13920,0,0,0,1.7087654320987655,2516
13921,0,0,0,1.708888888888889,2516
13922,0,0,0,1.7090123456790123,2516
13923,0,0,0,1.7091358024691359,2516
13924,0,0,0,1.7092592592592593,2516
13925,0,0,0,1.7093827160493826,2516
13926,9,9,0,1.7095061728395062,2525
13927,0,0,0,1.7096296296296296,2525
13928,0,0,0,1.709753086419753,2525
13929,0,0,0,1.7098765432098766,2525
13930,0,0,0,1.71,2525
13931,0,0,0,1.7101234567901236,2525
13932,0,0,0,1.710246913580247,2525
13933,0,0,0,1.7103703703703703,2525
13934,2,2,0,1.710493827160494,2527
13935,0,0,0,1.7106172839506173,2527
13936,0,0,0,1.7107407407407407,2527
13937,0,0,0,1.7108641975308643,2527
13938,3,3,0,1.7109876543209876,2530
13939,0,0,0,1.711111111111111,2530
13940,0,0,0,1.7112345679012346,2530
13941,0,0,0,1.711358024691358,2530
13942,0,0,0,1.7114814814814814,2530
13943,7,7,0,1.711604938271605,2537
13944,0,0,0,1.7117283950617284,2537
13945,0,0,0,1.711851851851852,2537
13946,0,0,0,1.7119753086419753,2537
13947,4,4,2,1.711851851851852,2541
13948,0,0,0,1.7119753086419753,2541
13949,0,0,0,1.7120987654320987,2541
13950,0,0,0,1.7122222222222223,2541
13951,0,0,0,1.7123456790123457,2541
13952,0,0,0,1.712469135802469,2541
13953,1,1,0,1.7125925925925927,2542
13954,0,0,0,1.712716049382716,2542
13955,5,5,0,1.7128395061728394,2547
13956,0,0,0,1.712962962962963,2547
13957,4,4,0,1.7130864197530864,2551
13958,12,10,0,1.7132098765432098,2563
13959,0,0,0,1.7133333333333334,2563
13960,1,1,0,1.7134567901234568,2564
13961,0,0,0,1.7135802469135804,2564
13962,0,0,0,1.7137037037037037,2564
13963,0,0,0,1.713827160493827,2564
13964,0,0,0,1.7139506172839507,2564
13965,1,1,0,1.714074074074074,2565
13966,1,1,1,1.714074074074074,2566
13967,0,0,0,1.7141975308641975,2566
13968,0,0,0,1.714320987654321,2566
13969,0,0,0,1.7144444444444444,2566
13970,0,0,0,1.7145679012345678,2566
13971,1,1,0,1.7146913580246914,2567
13972,0,0,0,1.7148148148148148,2567
13973,0,0,0,1.7149382716049382,2567
13974,0,0,0,1.7150617283950618,2567
13975,0,0,0,1.7151851851851851,2567
13976,0,0,0,1.7153086419753087,2567
13977,0,0,0,1.7154320987654321,2567
13978,0,0,0,1.7155555555555555,2567
13979,2,2,0,1.715679012345679,2569
13980,0,0,0,1.7158024691358025,2569
13981,0,0,0,1.7159259259259259,2569
13982,0,0,0,1.7160493827160495,2569
13983,2,2,0,1.7161728395061728,2571
13984,0,0,0,1.7162962962962962,2571
13985,0,0,0,1.7164197530864198,2571
13986,0,0,0,1.7165432098765432,2571
13987,0,0,0,1.7166666666666666,2571
13988,1,1,0,1.7167901234567902,2572
13989,0,0,0,1.7169135802469135,2572
13990,0,0,0,1.7170370370370371,2572
13991,0,0,0,1.7171604938271605,2572
13992,0,0,0,1.717283950617284,2572
13993,2,2,0,1.7174074074074075,2574
13994,2,2,0,1.7175308641975309,2576
13995,0,0,0,1.7176543209876542,2576
13996,0,0,0,1.7177777777777778,2576
13997,0,0,0,1.7179012345679012,2576
13998,1,1,0,1.7180246913580246,2577
13999,0,0,0,1.7181481481481482,2577
14000,33,32,0,1.7182716049382716,2610
14001,0,0,0,1.718395061728395,2610
14002,0,0,0,1.7185185185185186,2610
14003,2,2,0,1.718641975308642,2612
14004,0,0,0,1.7187654320987655,2612
14005,0,0,0,1.718888888888889,2612
14006,0,0,0,1.7190123456790123,2612
14007,0,0,0,1.7191358024691359,2612
14008,0,0,0,1.7192592592592593,2612
14009,0,0,0,1.7193827160493826,2612
14010,0,0,0,1.7195061728395062,2612
14011,0,0,0,1.7196296296296296,2612
14012,0,0,0,1.719753086419753,2612
14013,0,0,0,1.7198765432098766,2612
14014,0,0,0,1.72,2612
14015,0,0,0,1.7201234567901234,2612
14016,0,0,0,1.720246913580247,2612
14017,0,0,0,1.7203703703703703,2612
14018,0,0,0,1.720493827160494,2612
14019,0,0,0,1.7206172839506173,2612
14020,0,0,0,1.7207407407407407,2612
14021,16,16,4,1.7203703703703703,2628
14022,0,0,0,1.720493827160494,2628
14023,0,0,0,1.7206172839506173,2628
14024,0,0,0,1.7207407407407407,2628
14025,0,0,0,1.7208641975308643,2628
14026,0,0,0,1.7209876543209877,2628
14027,0,0,0,1.721111111111111,2628
14028,0,0,0,1.7212345679012346,2628
14029,2,2,0,1.721358024691358,2630
14030,0,0,0,1.7214814814814814,2630
14031,1,1,0,1.721604938271605,2631
14032,0,0,0,1.7217283950617284,2631
14033,0,0,0,1.7218518518518517,2631
14034,0,0,0,1.7219753086419753,2631
14035,1,1,0,1.7220987654320987,2632
14036,0,0,0,1.7222222222222223,2632
14037,0,0,0,1.7223456790123457,2632
14038,0,0,0,1.722469135802469,2632
14039,0,0,0,1.7225925925925927,2632
14040,0,0,0,1.722716049382716,2632
14041,0,0,0,1.7228395061728394,2632
14042,0,0,0,1.722962962962963,2632
14043,0,0,0,1.7230864197530864,2632
14044,0,0,0,1.7232098765432098,2632
14045,0,0,0,1.7233333333333334,2632
14046,0,0,0,1.7234567901234568,2632
14047,0,0,0,1.7235802469135801,2632
14048,0,0,0,1.7237037037037037,2632
14049,0,0,0,1.7238271604938271,2632
14050,0,0,0,1.7239506172839507,2632
14051,0,0,0,1.724074074074074,2632
14052,0,0,0,1.7241975308641975,2632
14053,0,0,0,1.724320987654321,2632
14054,0,0,0,1.7244444444444444,2632
14055,0,0,0,1.7245679012345678,2632
14056,1,1,0,1.7246913580246914,2633
14057,2,2,0,1.7248148148148148,2635
14058,0,0,0,1.7249382716049382,2635
14059,0,0,0,1.7250617283950618,2635
14060,0,0,0,1.7251851851851852,2635
14061,2,2,0,1.7253086419753085,2637
14062,0,0,0,1.7254320987654321,2637
14063,0,0,0,1.7255555555555555,2637
14064,16,16,0,1.725679012345679,2653
14065,0,0,0,1.7258024691358025,2653
14066,1,1,0,1.7259259259259259,2654
14067,0,0,0,1.7260493827160495,2654
14068,1,1,0,1.7261728395061728,2655
14069,1,1,0,1.7262962962962962,2656
14070,0,0,0,1.7264197530864198,2656
14071,6,6,0,1.7265432098765432,2662
14072,1,1,0,1.7266666666666666,2663
14073,7,7,0,1.7267901234567902,2670
14074,0,0,0,1.7269135802469135,2670
14075,0,0,0,1.727037037037037,2670
14076,1,1,0,1.7271604938271605,2671
14077,0,0,0,1.727283950617284,2671
14078,1,1,0,1.7274074074074075,2672
14079,0,0,0,1.7275308641975309,2672
14080,0,0,0,1.7276543209876543,2672
14081,0,0,0,1.7277777777777779,2672
14082,0,0,0,1.7279012345679012,2672
14083,0,0,0,1.7280246913580246,2672
14084,0,0,0,1.7281481481481482,2672
14085,2,2,0,1.7282716049382716,2674
14086,0,0,0,1.728395061728395,2674
14087,5,5,0,1.7285185185185186,2679
14088,0,0,0,1.728641975308642,2679
14089,0,0,0,1.7287654320987655,2679
14090,22,20,0,1.728888888888889,2701
14091,2,2,0,1.7290123456790123,2703
14092,0,0,0,1.729135802469136,2703
14093,0,0,0,1.7292592592592593,2703
14094,0,0,0,1.7293827160493827,2703
14095,0,0,0,1.7295061728395063,2703
14096,0,0,0,1.7296296296296296,2703
14097,0,0,0,1.729753086419753,2703
14098,0,0,0,1.7298765432098766,2703
14099,1,1,0,1.73,2704
14100,0,0,0,1.7301234567901234,2704
14101,0,0,0,1.730246913580247,2704
14102,2,2,0,1.7303703703703703,2706
14103,0,0,0,1.730493827160494,2706
14104,2,2,0,1.7306172839506173,2708
14105,0,0,0,1.7307407407407407,2708
14106,0,0,0,1.7308641975308643,2708
14107,0,0,0,1.7309876543209877,2708
14108,0,0,0,1.731111111111111,2708
14109,0,0,0,1.7312345679012346,2708
14110,0,0,0,1.731358024691358,2708
14111,4,4,0,1.7314814814814814,2712
14112,0,0,0,1.731604938271605,2712
14113,6,6,0,1.7317283950617284,2718
14114,0,0,0,1.7318518518518518,2718
14115,0,0,0,1.7319753086419754,2718
14116,0,0,0,1.7320987654320987,2718
14117,15,15,0,1.7322222222222223,2733
14118,0,0,0,1.7323456790123457,2733
14119,0,0,0,1.732469135802469,2733
14120,0,0,0,1.7325925925925927,2733
14121,0,0,0,1.732716049382716,2733
14122,12,12,0,1.7328395061728394,2745
14123,0,0,0,1.732962962962963,2745
14124,0,0,0,1.7330864197530864,2745
14125,0,0,0,1.7332098765432098,2745
14126,1,1,0,1.7333333333333334,2746
14127,0,0,0,1.7334567901234568,2746
14128,43,32,0,1.7335802469135801,2789
14129,0,0,0,1.7337037037037037,2789
14130,0,0,0,1.7338271604938271,2789
14131,0,0,0,1.7339506172839507,2789
14132,0,0,0,1.734074074074074,2789
14133,0,0,0,1.7341975308641975,2789
14134,7,7,0,1.734320987654321,2796
14135,0,0,0,1.7344444444444445,2796
14136,0,0,0,1.7345679012345678,2796
14137,0,0,0,1.7346913580246914,2796
14138,0,0,0,1.7348148148148148,2796
14139,0,0,0,1.7349382716049382,2796
14140,0,0,0,1.7350617283950618,2796
14141,1,1,0,1.7351851851851852,2797
14142,0,0,0,1.7353086419753085,2797
14143,4,4,0,1.7354320987654321,2801
14144,6,6,0,1.7355555555555555,2807
14145,0,0,0,1.7356790123456791,2807
14146,0,0,0,1.7358024691358025,2807
14147,0,0,0,1.7359259259259259,2807
14148,18,18,0,1.7360493827160495,2825
14149,4,4,0,1.7361728395061728,2829
14150,0,0,0,1.7362962962962962,2829
14151,0,0,0,1.7364197530864198,2829
14152,0,0,0,1.7365432098765432,2829
14153,0,0,0,1.7366666666666666,2829
14154,2,2,0,1.7367901234567902,2831
14155,0,0,0,1.7369135802469136,2831
14156,0,0,0,1.737037037037037,2831
14157,2,2,1,1.737037037037037,2833
14158,2,2,0,1.7371604938271605,2835
14159,0,0,0,1.737283950617284,2835
14160,0,0,0,1.7374074074074075,2835
14161,6,6,0,1.7375308641975309,2841
14162,0,0,0,1.7376543209876543,2841
14163,0,0,0,1.7377777777777779,2841
14164,0,0,0,1.7379012345679012,2841
14165,1,1,0,1.7380246913580246,2842
14166,0,0,0,1.7381481481481482,2842
14167,0,0,0,1.7382716049382716,2842
14168,0,0,0,1.738395061728395,2842
14169,0,0,0,1.7385185185185186,2842
14170,1,1,0,1.738641975308642,2843
14171,0,0,0,1.7387654320987653,2843
14172,8,8,0,1.738888888888889,2851
14173,0,0,0,1.7390123456790123,2851
14174,4,4,0,1.739135802469136,2855
14175,0,0,0,1.7392592592592593,2855
14176,1,1,0,1.7393827160493827,2856
14177,0,0,0,1.7395061728395063,2856
14178,0,0,0,1.7396296296296296,2856
14179,0,0,0,1.739753086419753,2856
14180,0,0,0,1.7398765432098766,2856
14181,0,0,0,1.74,2856
14182,0,0,0,1.7401234567901234,2856
14183,0,0,0,1.740246913580247,2856
14184,3,3,0,1.7403703703703703,2859
14185,26,26,7,1.7396296296296296,2885
14186,0,0,0,1.739753086419753,2885
14187,0,0,0,1.7398765432098766,2885
14188,0,0,0,1.74,2885
14189,0,0,0,1.7401234567901234,2885
14190,0,0,0,1.740246913580247,2885
14191,0,0,0,1.7403703703703703,2885
14192,0,0,0,1.7404938271604937,2885
14193,2,2,0,1.7406172839506173,2887
14194,0,0,0,1.7407407407407407,2887
14195,0,0,0,1.7408641975308643,2887
14196,0,0,0,1.7409876543209877,2887
14197,0,0,0,1.741111111111111,2887
14198,0,0,0,1.7412345679012347,2887
14199,0,0,0,1.741358024691358,2887
14200,0,0,0,1.7414814814814814,2887
14201,6,6,0,1.741604938271605,2893
14202,9,9,0,1.7417283950617284,2902
14203,0,0,0,1.7418518518518518,2902
14204,0,0,0,1.7419753086419754,2902
14205,0,0,0,1.7420987654320987,2902
14206,0,0,0,1.7422222222222221,2902
14207,0,0,0,1.7423456790123457,2902
14208,2,2,0,1.742469135802469,2904
14209,0,0,0,1.7425925925925927,2904
14210,0,0,0,1.742716049382716,2904
14211,0,0,0,1.7428395061728394,2904
14212,0,0,0,1.742962962962963,2904
14213,1,1,0,1.7430864197530864,2905
14214,0,0,0,1.7432098765432098,2905
14215,0,0,0,1.7433333333333334,2905
14216,0,0,0,1.7434567901234568,2905
14217,0,0,0,1.7435802469135802,2905
14218,0,0,0,1.7437037037037038,2905
14219,0,0,0,1.7438271604938271,2905
14220,0,0,0,1.7439506172839505,2905
14221,3,3,0,1.744074074074074,2908
14222,0,0,0,1.7441975308641975,2908
14223,0,0,0,1.744320987654321,2908
14224,1,1,0,1.7444444444444445,2909
14225,0,0,0,1.7445679012345678,2909
14226,0,0,0,1.7446913580246914,2909
14227,0,0,0,1.7448148148148148,2909
14228,0,0,0,1.7449382716049382,2909
14229,0,0,0,1.7450617283950618,2909
14230,1,1,1,1.7450617283950618,2910
14231,1,1,0,1.7451851851851852,2911
14232,0,0,0,1.7453086419753086,2911
14233,0,0,0,1.7454320987654321,2911
14234,0,0,0,1.7455555555555555,2911
14235,0,0,0,1.745679012345679,2911
14236,2,2,0,1.7458024691358025,2913
14237,0,0,0,1.7459259259259259,2913
14238,0,0,0,1.7460493827160495,2913
14239,0,0,0,1.7461728395061729,2913
14240,1,1,0,1.7462962962962962,2914
14241,0,0,0,1.7464197530864198,2914
14242,0,0,0,1.7465432098765432,2914
14243,0,0,0,1.7466666666666666,2914
14244,0,0,0,1.7467901234567902,2914
14245,0,0,0,1.7469135802469136,2914
14246,0,0,0,1.747037037037037,2914
14247,0,0,0,1.7471604938271605,2914
14248,1,1,0,1.747283950617284,2915
14249,0,0,0,1.7474074074074073,2915
14250,0,0,0,1.747530864197531,2915
14251,0,0,0,1.7476543209876543,2915
14252,0,0,0,1.7477777777777779,2915
14253,0,0,0,1.7479012345679013,2915
14254,0,0,0,1.7480246913580246,2915
14255,0,0,0,1.7481481481481482,2915
14256,0,0,0,1.7482716049382716,2915
14257,0,0,0,1.748395061728395,2915
14258,0,0,0,1.7485185185185186,2915
14259,0,0,0,1.748641975308642,2915
14260,0,0,0,1.7487654320987653,2915
14261,0,0,0,1.748888888888889,2915
14262,0,0,0,1.7490123456790123,2915
14263,0,0,0,1.7491358024691357,2915
14264,0,0,0,1.7492592592592593,2915
14265,0,0,0,1.7493827160493827,2915
14266,82,57,0,1.7495061728395063,2997
14267,0,0,0,1.7496296296296296,2997
14268,0,0,0,1.749753086419753,2997
14269,0,0,0,1.7498765432098766,2997
14270,0,0,0,1.75,2997
14271,0,0,0,1.7501234567901234,2997
14272,0,0,0,1.750246913580247,2997
14273,0,0,0,1.7503703703703704,2997
14274,0,0,0,1.7504938271604937,2997
14275,3,3,0,1.7506172839506173,3000
14276,0,0,0,1.7507407407407407,3000
14277,16,16,0,1.7508641975308643,3016
14278,0,0,0,1.7509876543209877,3016
14279,0,0,0,1.751111111111111,3016
14280,0,0,0,1.7512345679012347,3016
14281,0,0,0,1.751358024691358,3016
14282,0,0,0,1.7514814814814814,3016
14283,2,2,0,1.751604938271605,3018
14284,0,0,0,1.7517283950617284,3018
14285,0,0,0,1.7518518518518518,3018
14286,0,0,0,1.7519753086419754,3018
14287,0,0,0,1.7520987654320987,3018
14288,1,1,0,1.7522222222222221,3019
14289,2,2,0,1.7523456790123457,3021
14290,0,0,0,1.752469135802469,3021
14291,0,0,0,1.7525925925925927,3021
14292,0,0,0,1.752716049382716,3021
14293,0,0,0,1.7528395061728395,3021
14294,0,0,0,1.752962962962963,3021
14295,0,0,0,1.7530864197530864,3021
14296,0,0,0,1.7532098765432098,3021
14297,0,0,0,1.7533333333333334,3021
14298,0,0,0,1.7534567901234568,3021
14299,1,1,0,1.7535802469135802,3022
14300,0,0,0,1.7537037037037038,3022
14301,0,0,0,1.7538271604938271,3022
14302,1,1,0,1.7539506172839505,3023
14303,2,2,0,1.7540740740740741,3025
14304,0,0,0,1.7541975308641975,3025
14305,0,0,0,1.754320987654321,3025
14306,0,0,0,1.7544444444444445,3025
14307,0,0,0,1.7545679012345679,3025
14308,0,0,0,1.7546913580246914,3025
14309,0,0,0,1.7548148148148148,3025
14310,0,0,0,1.7549382716049382,3025
14311,0,0,0,1.7550617283950618,3025
14312,0,0,0,1.7551851851851852,3025
14313,19,19,0,1.7553086419753086,3044
14314,0,0,0,1.7554320987654322,3044
14315,0,0,0,1.7555555555555555,3044
14316,0,0,0,1.755679012345679,3044
14317,11,11,0,1.7558024691358025,3055
14318,0,0,0,1.755925925925926,3055
14319,0,0,0,1.7560493827160495,3055
14320,0,0,0,1.7561728395061729,3055
14321,0,0,0,1.7562962962962962,3055
14322,28,26,0,1.7564197530864198,3083
14323,0,0,0,1.7565432098765432,3083
14324,1,1,0,1.7566666666666666,3084
14325,0,0,0,1.7567901234567902,3084
14326,1,1,0,1.7569135802469136,3085
14327,2,2,0,1.757037037037037,3087
14328,1,1,0,1.7571604938271606,3088
14329,0,0,0,1.757283950617284,3088
14330,0,0,0,1.7574074074074073,3088
14331,0,0,0,1.757530864197531,3088
14332,0,0,0,1.7576543209876543,3088
14333,0,0,0,1.7577777777777779,3088
14334,0,0,0,1.7579012345679013,3088
14335,0,0,0,1.7580246913580246,3088
14336,0,0,0,1.7581481481481482,3088
14337,4,4,0,1.7582716049382716,3092
14338,0,0,0,1.758395061728395,3092
14339,0,0,0,1.7585185185185186,3092
14340,0,0,0,1.758641975308642,3092
14341,7,7,0,1.7587654320987653,3099
14342,0,0,0,1.758888888888889,3099
14343,0,0,0,1.7590123456790123,3099
14344,0,0,0,1.7591358024691357,3099
14345,0,0,0,1.7592592592592593,3099
14346,0,0,0,1.7593827160493827,3099
14347,0,0,0,1.7595061728395063,3099
14348,1,1,0,1.7596296296296297,3100
14349,0,0,0,1.759753086419753,3100
14350,6,6,0,1.7598765432098766,3106
14351,0,0,0,1.76,3106
14352,2,2,1,1.76,3108
14353,0,0,0,1.7601234567901234,3108
14354,0,0,0,1.760246913580247,3108
14355,5,5,0,1.7603703703703704,3113
14356,0,0,0,1.7604938271604937,3113
14357,0,0,0,1.7606172839506173,3113
14358,5,5,0,1.7607407407407407,3118
14359,6,6,0,1.760864197530864,3124
14360,0,0,0,1.7609876543209877,3124
14361,0,0,0,1.761111111111111,3124
14362,9,9,0,1.7612345679012347,3133
14363,0,0,0,1.761358024691358,3133
14364,0,0,0,1.7614814814814814,3133
14365,0,0,0,1.761604938271605,3133
14366,0,0,0,1.7617283950617284,3133
14367,0,0,0,1.7618518518518518,3133
14368,0,0,0,1.7619753086419754,3133
14369,5,5,0,1.7620987654320988,3138
14370,0,0,0,1.7622222222222221,3138
14371,0,0,0,1.7623456790123457,3138
14372,0,0,0,1.7624691358024691,3138
14373,3,3,0,1.7625925925925925,3141
14374,0,0,0,1.762716049382716,3141
14375,0,0,0,1.7628395061728395,3141
14376,0,0,0,1.762962962962963,3141
14377,9,8,0,1.7630864197530864,3150
14378,18,18,0,1.7632098765432098,3168
14379,0,0,0,1.7633333333333334,3168
14380,0,0,0,1.7634567901234568,3168
14381,0,0,0,1.7635802469135802,3168
14382,0,0,0,1.7637037037037038,3168
14383,1,1,0,1.7638271604938272,3169
14384,17,16,0,1.7639506172839505,3186
14385,0,0,0,1.7640740740740741,3186
14386,0,0,0,1.7641975308641975,3186
14387,0,0,0,1.7643209876543209,3186
14388,0,0,0,1.7644444444444445,3186
14389,0,0,0,1.7645679012345679,3186
14390,35,35,3,1.7643209876543209,3221
14391,2,2,0,1.7644444444444445,3223
14392,0,0,0,1.7645679012345679,3223
14393,0,0,0,1.7646913580246915,3223
14394,0,0,0,1.7648148148148148,3223
14395,0,0,0,1.7649382716049382,3223
14396,0,0,0,1.7650617283950618,3223
14397,0,0,0,1.7651851851851852,3223
14398,0,0,0,1.7653086419753086,3223
14399,0,0,0,1.7654320987654322,3223
14400,0,0,0,1.7655555555555555,3223
14401,4,4,0,1.765679012345679,3227
14402,0,0,0,1.7658024691358025,3227
14403,0,0,0,1.765925925925926,3227
14404,0,0,0,1.7660493827160493,3227
14405,1,1,1,1.7660493827160493,3228
14406,1,1,0,1.7661728395061729,3229
14407,0,0,0,1.7662962962962963,3229
14408,0,0,0,1.7664197530864199,3229
14409,0,0,0,1.7665432098765432,3229
14410,1,1,0,1.7666666666666666,3230
14411,0,0,0,1.7667901234567902,3230
14412,0,0,0,1.7669135802469136,3230
14413,0,0,0,1.767037037037037,3230
14414,0,0,0,1.7671604938271606,3230
14415,0,0,0,1.767283950617284,3230
14416,0,0,0,1.7674074074074073,3230
14417,0,0,0,1.767530864197531,3230
14418,0,0,0,1.7676543209876543,3230
14419,0,0,0,1.7677777777777777,3230
14420,0,0,0,1.7679012345679013,3230
14421,0,0,0,1.7680246913580246,3230
14422,0,0,0,1.7681481481481482,3230
14423,0,0,0,1.7682716049382716,3230
14424,0,0,0,1.768395061728395,3230
14425,0,0,0,1.7685185185185186,3230
14426,0,0,0,1.768641975308642,3230
14427,3,3,0,1.7687654320987654,3233
14428,0,0,0,1.768888888888889,3233
14429,6,6,0,1.7690123456790123,3239
14430,10,8,0,1.7691358024691357,3249
14431,28,28,0,1.7692592592592593,3277
14432,1,1,0,1.7693827160493827,3278
14433,0,0,0,1.769506172839506,3278
14434,0,0,0,1.7696296296296297,3278
14435,0,0,0,1.769753086419753,3278
14436,0,0,0,1.7698765432098766,3278
14437,0,0,0,1.77,3278
14438,0,0,0,1.7701234567901234,3278
14439,0,0,0,1.770246913580247,3278
14440,8,8,0,1.7703703703703704,3286
14441,2,2,0,1.7704938271604937,3288
14442,0,0,0,1.7706172839506173,3288
14443,15,15,0,1.7707407407407407,3303
14444,0,0,0,1.770864197530864,3303
14445,0,0,0,1.7709876543209877,3303
14446,0,0,0,1.771111111111111,3303
14447,6,6,0,1.7712345679012345,3309
14448,0,0,0,1.771358024691358,3309
14449,0,0,0,1.7714814814814814,3309
14450,1,1,0,1.771604938271605,3310
14451,0,0,0,1.7717283950617284,3310
14452,0,0,0,1.7718518518518518,3310
14453,0,0,0,1.7719753086419754,3310
14454,15,15,0,1.7720987654320988,3325
14455,3,3,0,1.7722222222222221,3328
14456,4,4,0,1.7723456790123457,3332
14457,0,0,0,1.7724691358024691,3332
14458,0,0,0,1.7725925925925925,3332
14459,0,0,0,1.772716049382716,3332
14460,0,0,0,1.7728395061728395,3332
14461,0,0,0,1.772962962962963,3332
14462,2,2,0,1.7730864197530865,3334
14463,0,0,0,1.7732098765432098,3334
14464,0,0,0,1.7733333333333334,3334
14465,0,0,0,1.7734567901234568,3334
14466,0,0,0,1.7735802469135802,3334
14467,3,3,0,1.7737037037037038,3337
14468,3,3,0,1.7738271604938272,3340
14469,0,0,0,1.7739506172839505,3340
14470,0,0,0,1.7740740740740741,3340
14471,0,0,0,1.7741975308641975,3340
14472,0,0,0,1.774320987654321,3340
14473,0,0,0,1.7744444444444445,3340
14474,0,0,0,1.7745679012345679,3340
14475,2,2,0,1.7746913580246915,3342
14476,0,0,0,1.7748148148148148,3342
14477,0,0,0,1.7749382716049382,3342
14478,0,0,0,1.7750617283950618,3342
14479,5,5,0,1.7751851851851852,3347
14480,0,0,0,1.7753086419753086,3347
14481,0,0,0,1.7754320987654322,3347
14482,0,0,0,1.7755555555555556,3347
14483,0,0,0,1.775679012345679,3347
14484,0,0,0,1.7758024691358025,3347
14485,0,0,0,1.775925925925926,3347
14486,2,2,0,1.7760493827160493,3349
14487,0,0,0,1.7761728395061729,3349
14488,0,0,0,1.7762962962962963,3349
14489,0,0,0,1.7764197530864199,3349
14490,0,0,0,1.7765432098765432,3349
14491,0,0,0,1.7766666666666666,3349
14492,0,0,0,1.7767901234567902,3349
14493,0,0,0,1.7769135802469136,3349
14494,7,7,0,1.777037037037037,3356
14495,0,0,0,1.7771604938271606,3356
14496,0,0,0,1.777283950617284,3356
14497,0,0,0,1.7774074074074073,3356
14498,1,1,1,1.7774074074074073,3357
14499,0,0,0,1.777530864197531,3357
14500,0,0,0,1.7776543209876543,3357
14501,0,0,0,1.7777777777777777,3357
14502,0,0,0,1.7779012345679013,3357
14503,0,0,0,1.7780246913580247,3357
14504,0,0,0,1.7781481481481483,3357
14505,1,1,0,1.7782716049382716,3358
14506,0,0,0,1.778395061728395,3358
14507,0,0,0,1.7785185185185186,3358
14508,0,0,0,1.778641975308642,3358
14509,1,1,0,1.7787654320987654,3359
14510,0,0,0,1.778888888888889,3359
14511,0,0,0,1.7790123456790123,3359
14512,11,11,0,1.7791358024691357,3370
14513,5,5,0,1.7792592592592593,3375
14514,0,0,0,1.7793827160493827,3375
14515,0,0,0,1.779506172839506,3375
14516,0,0,0,1.7796296296296297,3375
14517,1,1,0,1.779753086419753,3376
14518,3,3,0,1.7798765432098766,3379
14519,0,0,0,1.78,3379
14520,6,6,0,1.7801234567901234,3385
14521,20,18,0,1.780246913580247,3405
14522,0,0,0,1.7803703703703704,3405
14523,0,0,0,1.7804938271604938,3405
14524,0,0,0,1.7806172839506174,3405
14525,0,0,0,1.7807407407407407,3405
14526,0,0,0,1.7808641975308641,3405
14527,2,2,0,1.7809876543209877,3407
14528,0,0,0,1.781111111111111,3407
14529,0,0,0,1.7812345679012345,3407
14530,0,0,0,1.781358024691358,3407
14531,4,4,0,1.7814814814814814,3411
14532,37,37,0,1.781604938271605,3448
14533,0,0,0,1.7817283950617284,3448
14534,0,0,0,1.7818518518518518,3448
14535,1,1,0,1.7819753086419754,3449
14536,0,0,0,1.7820987654320988,3449
14537,0,0,0,1.7822222222222222,3449
14538,0,0,0,1.7823456790123458,3449
14539,0,0,0,1.7824691358024691,3449
14540,0,0,0,1.7825925925925925,3449
14541,0,0,0,1.782716049382716,3449
14542,0,0,0,1.7828395061728395,3449
14543,5,5,0,1.7829629629629629,3454
14544,4,4,0,1.7830864197530865,3458
14545,0,0,0,1.7832098765432098,3458
14546,2,2,0,1.7833333333333334,3460
14547,7,7,2,1.7832098765432098,3467
14548,7,7,0,1.7833333333333334,3474
14549,0,0,0,1.7834567901234568,3474
14550,0,0,0,1.7835802469135802,3474
14551,17,17,0,1.7837037037037038,3491
14552,0,0,0,1.7838271604938272,3491
14553,0,0,0,1.7839506172839505,3491
14554,1,1,0,1.7840740740740741,3492
14555,0,0,0,1.7841975308641975,3492
14556,1,1,0,1.784320987654321,3493
14557,2,2,0,1.7844444444444445,3495
14558,0,0,0,1.7845679012345679,3495
14559,0,0,0,1.7846913580246913,3495
14560,1,1,0,1.7848148148148149,3496
14561,1,1,0,1.7849382716049382,3497
14562,0,0,0,1.7850617283950618,3497
14563,0,0,0,1.7851851851851852,3497
14564,3,3,0,1.7853086419753086,3500
14565,9,9,0,1.7854320987654322,3509
14566,0,0,0,1.7855555555555556,3509
14567,0,0,0,1.785679012345679,3509
14568,2,2,0,1.7858024691358025,3511
14569,0,0,0,1.785925925925926,3511
14570,10,10,0,1.7860493827160493,3521
14571,3,3,0,1.786172839506173,3524
14572,0,0,0,1.7862962962962963,3524
14573,0,0,0,1.7864197530864196,3524
14574,49,49,0,1.7865432098765432,3573
14575,0,0,0,1.7866666666666666,3573
14576,9,9,0,1.7867901234567902,3582
14577,0,0,0,1.7869135802469136,3582
14578,0,0,0,1.787037037037037,3582
14579,0,0,0,1.7871604938271606,3582
14580,0,0,0,1.787283950617284,3582
14581,0,0,0,1.7874074074074073,3582
14582,1,1,0,1.787530864197531,3583
14583,0,0,0,1.7876543209876543,3583
14584,0,0,0,1.7877777777777777,3583
14585,0,0,0,1.7879012345679013,3583
14586,0,0,0,1.7880246913580247,3583
14587,20,20,0,1.788148148148148,3603
14588,0,0,0,1.7882716049382716,3603
14589,0,0,0,1.788395061728395,3603
14590,0,0,0,1.7885185185185186,3603
14591,0,0,0,1.788641975308642,3603
14592,0,0,0,1.7887654320987654,3603
14593,0,0,0,1.788888888888889,3603
14594,2,2,0,1.7890123456790124,3605
14595,0,0,0,1.7891358024691357,3605
14596,7,7,0,1.7892592592592593,3612
14597,2,2,0,1.7893827160493827,3614
14598,0,0,0,1.789506172839506,3614
14599,1,1,0,1.7896296296296297,3615
14600,0,0,0,1.789753086419753,3615
14601,6,6,0,1.7898765432098764,3621
14602,2,2,0,1.79,3623
14603,0,0,0,1.7901234567901234,3623
14604,0,0,0,1.790246913580247,3623
14605,0,0,0,1.7903703703703704,3623
14606,0,0,0,1.7904938271604938,3623
14607,4,4,0,1.7906172839506174,3627
14608,0,0,0,1.7907407407407407,3627
14609,0,0,0,1.7908641975308641,3627
14610,1,1,0,1.7909876543209877,3628
14611,0,0,0,1.791111111111111,3628
14612,1,1,0,1.7912345679012345,3629
14613,3,3,0,1.791358024691358,3632
14614,0,0,0,1.7914814814814815,3632
14615,0,0,0,1.7916049382716048,3632
14616,0,0,0,1.7917283950617284,3632
14617,0,0,0,1.7918518518518518,3632
14618,0,0,0,1.7919753086419754,3632
14619,1,1,0,1.7920987654320988,3633
14620,0,0,0,1.7922222222222222,3633
14621,16,16,0,1.7923456790123458,3649
14622,14,14,0,1.7924691358024691,3663
14623,3,3,0,1.7925925925925925,3666
14624,0,0,0,1.7927160493827161,3666
14625,0,0,0,1.7928395061728395,3666
14626,0,0,0,1.7929629629629629,3666
14627,0,0,0,1.7930864197530865,3666
14628,0,0,0,1.7932098765432098,3666
14629,0,0,0,1.7933333333333332,3666
14630,0,0,0,1.7934567901234568,3666
14631,0,0,0,1.7935802469135802,3666
14632,0,0,0,1.7937037037037038,3666
14633,2,2,0,1.7938271604938272,3668
14634,2,2,0,1.7939506172839506,3670
14635,0,0,0,1.7940740740740742,3670
14636,0,0,0,1.7941975308641975,3670
14637,0,0,0,1.794320987654321,3670
14638,0,0,0,1.7944444444444445,3670
14639,0,0,0,1.7945679012345679,3670
14640,0,0,0,1.7946913580246913,3670
14641,29,29,0,1.7948148148148149,3699
14642,0,0,0,1.7949382716049382,3699
14643,0,0,0,1.7950617283950616,3699
14644,0,0,0,1.7951851851851852,3699
14645,0,0,0,1.7953086419753086,3699
14646,0,0,0,1.7954320987654322,3699
14647,0,0,0,1.7955555555555556,3699
14648,17,17,0,1.795679012345679,3716
14649,0,0,0,1.7958024691358025,3716
14650,0,0,0,1.795925925925926,3716
14651,16,16,0,1.7960493827160493,3732
14652,1,1,0,1.796172839506173,3733
14653,0,0,0,1.7962962962962963,3733
14654,0,0,0,1.7964197530864197,3733
14655,22,22,0,1.7965432098765433,3755
14656,2,2,0,1.7966666666666666,3757
14657,0,0,0,1.7967901234567902,3757
14658,3,3,0,1.7969135802469136,3760
14659,0,0,0,1.797037037037037,3760
14660,0,0,0,1.7971604938271606,3760
14661,0,0,0,1.797283950617284,3760
14662,1,1,0,1.7974074074074073,3761
14663,1,1,0,1.797530864197531,3762
14664,12,12,0,1.7976543209876543,3774
14665,0,0,0,1.7977777777777777,3774
14666,1,1,0,1.7979012345679013,3775
14667,0,0,0,1.7980246913580247,3775
14668,3,3,0,1.798148148148148,3778
14669,48,48,0,1.7982716049382717,3826
14670,0,0,0,1.798395061728395,3826
14671,0,0,0,1.7985185185185186,3826
14672,1,1,0,1.798641975308642,3827
14673,2,2,0,1.7987654320987654,3829
14674,0,0,0,1.798888888888889,3829
14675,0,0,0,1.7990123456790124,3829
14676,0,0,0,1.7991358024691357,3829
14677,0,0,0,1.7992592592592593,3829
14678,0,0,0,1.7993827160493827,3829
14679,0,0,0,1.799506172839506,3829
14680,0,0,0,1.7996296296296297,3829
14681,0,0,0,1.799753086419753,3829
14682,0,0,0,1.7998765432098764,3829
14683,0,0,0,1.8,3829
14684,0,0,0,1.8001234567901234,3829
14685,0,0,0,1.800246913580247,3829
14686,0,0,0,1.8003703703703704,3829
14687,4,4,0,1.8004938271604938,3833
14688,1,1,0,1.8006172839506174,3834
14689,1,1,1,1.8006172839506174,3835
14690,0,0,0,1.8007407407407408,3835
14691,0,0,0,1.8008641975308641,3835
14692,0,0,0,1.8009876543209877,3835
14693,3,3,0,1.801111111111111,3838
14694,1,1,0,1.8012345679012345,3839
14695,1,1,0,1.801358024691358,3840
14696,2,2,0,1.8014814814814815,3842
14697,0,0,0,1.8016049382716048,3842
14698,0,0,0,1.8017283950617284,3842
14699,2,2,0,1.8018518518518518,3844
14700,0,0,0,1.8019753086419754,3844
14701,0,0,0,1.8020987654320988,3844
14702,0,0,0,1.8022222222222222,3844
14703,0,0,0,1.8023456790123458,3844
14704,0,0,0,1.8024691358024691,3844
14705,0,0,0,1.8025925925925925,3844
14706,12,12,0,1.8027160493827161,3856
14707,17,17,0,1.8028395061728395,3873
14708,0,0,0,1.8029629629629629,3873
14709,1,1,0,1.8030864197530865,3874
14710,1,1,0,1.8032098765432099,3875
14711,0,0,0,1.8033333333333332,3875
14712,0,0,0,1.8034567901234568,3875
14713,0,0,0,1.8035802469135802,3875
14714,1,1,0,1.8037037037037038,3876
14715,1,1,0,1.8038271604938272,3877
14716,0,0,0,1.8039506172839506,3877
14717,45,45,0,1.8040740740740742,3922
14718,2,2,0,1.8041975308641975,3924
14719,5,5,0,1.804320987654321,3929
14720,0,0,0,1.8044444444444445,3929
14721,0,0,0,1.804567901234568,3929
14722,0,0,0,1.8046913580246913,3929
14723,24,20,0,1.8048148148148149,3953
14724,0,0,0,1.8049382716049382,3953
14725,0,0,0,1.8050617283950616,3953
14726,43,43,8,1.8041975308641975,3996
14727,9,9,0,1.804320987654321,4005
14728,0,0,0,1.8044444444444445,4005
14729,0,0,0,1.804567901234568,4005
14730,0,0,0,1.8046913580246913,4005
14731,0,0,0,1.8048148148148149,4005
14732,1,1,0,1.8049382716049382,4006
14733,0,0,0,1.8050617283950616,4006
14734,1,1,0,1.8051851851851852,4007
14735,0,0,0,1.8053086419753086,4007
14736,0,0,0,1.8054320987654322,4007
14737,0,0,0,1.8055555555555556,4007
14738,0,0,0,1.805679012345679,4007
14739,0,0,0,1.8058024691358026,4007
14740,0,0,0,1.805925925925926,4007
14741,4,4,0,1.8060493827160493,4011
14742,0,0,0,1.806172839506173,4011
14743,0,0,0,1.8062962962962963,4011
14744,0,0,0,1.8064197530864197,4011
14745,0,0,0,1.8065432098765433,4011
14746,2,2,0,1.8066666666666666,4013
14747,0,0,0,1.80679012345679,4013
14748,4,4,0,1.8069135802469136,4017
14749,1,1,0,1.807037037037037,4018
14750,2,2,0,1.8071604938271606,4020
14751,6,6,0,1.807283950617284,4026
14752,0,0,0,1.8074074074074074,4026
14753,0,0,0,1.807530864197531,4026
14754,0,0,0,1.8076543209876543,4026
14755,0,0,0,1.8077777777777777,4026
14756,0,0,0,1.8079012345679013,4026
14757,0,0,0,1.8080246913580247,4026
14758,0,0,0,1.808148148148148,4026
14759,8,8,0,1.8082716049382717,4034
14760,2,2,0,1.808395061728395,4036
14761,0,0,0,1.8085185185185184,4036
14762,0,0,0,1.808641975308642,4036
14763,2,2,0,1.8087654320987654,4038
14764,0,0,0,1.808888888888889,4038
14765,6,6,0,1.8090123456790124,4044
14766,0,0,0,1.8091358024691357,4044
14767,0,0,0,1.8092592592592593,4044
14768,0,0,0,1.8093827160493827,4044
14769,2,2,0,1.809506172839506,4046
14770,2,2,0,1.8096296296296297,4048
14771,0,0,0,1.809753086419753,4048
14772,0,0,0,1.8098765432098765,4048
14773,5,5,0,1.81,4053
14774,6,6,0,1.8101234567901234,4059
14775,0,0,0,1.8102469135802468,4059
14776,0,0,0,1.8103703703703704,4059
14777,0,0,0,1.8104938271604938,4059
14778,0,0,0,1.8106172839506174,4059
14779,13,13,0,1.8107407407407408,4072
14780,0,0,0,1.8108641975308641,4072
14781,1,1,0,1.8109876543209877,4073
14782,0,0,0,1.8111111111111111,4073
14783,0,0,0,1.8112345679012345,4073
14784,0,0,0,1.811358024691358,4073
14785,0,0,0,1.8114814814814815,4073
14786,2,2,0,1.8116049382716048,4075
14787,0,0,0,1.8117283950617284,4075
14788,2,2,0,1.8118518518518518,4077
14789,0,0,0,1.8119753086419752,4077
14790,0,0,0,1.8120987654320988,4077
14791,0,0,0,1.8122222222222222,4077
14792,1,1,0,1.8123456790123458,4078
14793,0,0,0,1.8124691358024692,4078
14794,0,0,0,1.8125925925925925,4078
14795,0,0,0,1.8127160493827161,4078
14796,0,0,0,1.8128395061728395,4078
14797,11,11,0,1.8129629629629629,4089
14798,0,0,0,1.8130864197530865,4089
14799,0,0,0,1.8132098765432099,4089
14800,0,0,0,1.8133333333333332,4089
14801,3,3,0,1.8134567901234568,4092
14802,0,0,0,1.8135802469135802,4092
14803,0,0,0,1.8137037037037036,4092
14804,0,0,0,1.8138271604938272,4092
14805,10,10,2,1.8137037037037036,4102
14806,1,1,0,1.8138271604938272,4103
14807,2,2,0,1.8139506172839506,4105
14808,0,0,0,1.8140740740740742,4105
14809,0,0,0,1.8141975308641975,4105
14810,0,0,0,1.814320987654321,4105
14811,0,0,0,1.8144444444444445,4105
14812,0,0,0,1.814567901234568,4105
14813,1,1,0,1.8146913580246913,4106
14814,1,1,0,1.8148148148148149,4107
14815,0,0,0,1.8149382716049383,4107
14816,0,0,0,1.8150617283950616,4107
14817,0,0,0,1.8151851851851852,4107
14818,0,0,0,1.8153086419753086,4107
14819,0,0,0,1.815432098765432,4107
14820,2,2,0,1.8155555555555556,4109
14821,11,10,0,1.815679012345679,4120
14822,0,0,0,1.8158024691358026,4120
14823,0,0,0,1.815925925925926,4120
14824,8,8,0,1.8160493827160493,4128
14825,0,0,0,1.816172839506173,4128
14826,5,5,0,1.8162962962962963,4133
14827,2,2,0,1.8164197530864197,4135
14828,0,0,0,1.8165432098765433,4135
14829,27,27,1,1.8165432098765433,4162
14830,2,2,2,1.8164197530864197,4164
14831,0,0,0,1.8165432098765433,4164
14832,0,0,0,1.8166666666666667,4164
14833,0,0,0,1.81679012345679,4164
14834,0,0,0,1.8169135802469136,4164
14835,2,2,0,1.817037037037037,4166
14836,0,0,0,1.8171604938271604,4166
14837,0,0,0,1.817283950617284,4166
14838,0,0,0,1.8174074074074074,4166
14839,0,0,0,1.817530864197531,4166
14840,0,0,0,1.8176543209876543,4166
14841,0,0,0,1.8177777777777777,4166
14842,0,0,0,1.8179012345679013,4166
14843,0,0,0,1.8180246913580247,4166
14844,0,0,0,1.818148148148148,4166
14845,0,0,0,1.8182716049382717,4166
14846,0,0,0,1.818395061728395,4166
14847,0,0,0,1.8185185185185184,4166
14848,2,2,0,1.818641975308642,4168
14849,2,2,0,1.8187654320987654,4170
14850,0,0,0,1.818888888888889,4170
14851,0,0,0,1.8190123456790124,4170
14852,0,0,0,1.8191358024691358,4170
14853,0,0,0,1.8192592592592594,4170
14854,6,6,0,1.8193827160493827,4176
14855,23,23,0,1.819506172839506,4199
14856,9,9,0,1.8196296296296297,4208
14857,0,0,0,1.819753086419753,4208
14858,2,2,0,1.8198765432098765,4210
14859,0,0,0,1.82,4210
14860,1,1,0,1.8201234567901234,4211
14861,11,11,0,1.8202469135802468,4222
14862,0,0,0,1.8203703703703704,4222
14863,0,0,0,1.8204938271604938,4222
14864,0,0,0,1.8206172839506174,4222
14865,0,0,0,1.8207407407407408,4222
14866,2,2,0,1.8208641975308641,4224
14867,0,0,0,1.8209876543209877,4224
14868,0,0,0,1.8211111111111111,4224
14869,0,0,0,1.8212345679012345,4224
14870,0,0,0,1.821358024691358,4224
14871,0,0,0,1.8214814814814815,4224
14872,0,0,0,1.8216049382716049,4224
14873,0,0,0,1.8217283950617285,4224
14874,0,0,0,1.8218518518518518,4224
14875,0,0,0,1.8219753086419752,4224
14876,0,0,0,1.8220987654320988,4224
14877,1,1,1,1.8220987654320988,4225
14878,0,0,0,1.8222222222222222,4225
14879,2,2,0,1.8223456790123458,4227
14880,1,1,0,1.8224691358024692,4228
14881,0,0,0,1.8225925925925925,4228
14882,0,0,0,1.8227160493827161,4228
14883,0,0,0,1.8228395061728395,4228
14884,15,15,0,1.822962962962963,4243
14885,0,0,0,1.8230864197530865,4243
14886,1,1,0,1.8232098765432099,4244
14887,2,2,0,1.8233333333333333,4246
14888,0,0,0,1.8234567901234568,4246
14889,0,0,0,1.8235802469135802,4246
14890,0,0,0,1.8237037037037036,4246
14891,0,0,0,1.8238271604938272,4246
14892,0,0,0,1.8239506172839506,4246
14893,0,0,0,1.8240740740740742,4246
14894,0,0,0,1.8241975308641976,4246
14895,0,0,0,1.824320987654321,4246
14896,1,1,0,1.8244444444444445,4247
14897,1,1,0,1.824567901234568,4248
14898,0,0,0,1.8246913580246913,4248
14899,1,1,0,1.824814814814815,4249
14900,8,8,0,1.8249382716049383,4257
14901,1,1,0,1.8250617283950616,4258
14902,0,0,0,1.8251851851851852,4258
14903,0,0,0,1.8253086419753086,4258
14904,4,4,0,1.825432098765432,4262
14905,4,4,0,1.8255555555555556,4266
14906,0,0,0,1.825679012345679,4266
14907,6,6,0,1.8258024691358026,4272
14908,0,0,0,1.825925925925926,4272
14909,0,0,0,1.8260493827160493,4272
14910,0,0,0,1.826172839506173,4272
14911,0,0,0,1.8262962962962963,4272
14912,0,0,0,1.8264197530864197,4272
14913,0,0,0,1.8265432098765433,4272
14914,0,0,0,1.8266666666666667,4272
14915,0,0,0,1.82679012345679,4272
14916,0,0,0,1.8269135802469136,4272
14917,1,1,0,1.827037037037037,4273
14918,0,0,0,1.8271604938271604,4273
14919,0,0,0,1.827283950617284,4273
14920,1,1,0,1.8274074074074074,4274
14921,0,0,0,1.827530864197531,4274
14922,13,13,0,1.8276543209876543,4287
14923,0,0,0,1.8277777777777777,4287
14924,2,2,0,1.8279012345679013,4289
14925,0,0,0,1.8280246913580247,4289
14926,3,3,2,1.8279012345679013,4292
14927,0,0,0,1.8280246913580247,4292
14928,0,0,0,1.828148148148148,4292
14929,0,0,0,1.8282716049382717,4292
14930,17,14,0,1.828395061728395,4309
14931,0,0,0,1.8285185185185184,4309
14932,2,2,0,1.828641975308642,4311
14933,13,13,0,1.8287654320987654,4324
14934,0,0,0,1.8288888888888888,4324
14935,0,0,0,1.8290123456790124,4324
14936,0,0,0,1.8291358024691358,4324
14937,0,0,0,1.8292592592592594,4324
14938,0,0,0,1.8293827160493827,4324
14939,10,10,0,1.8295061728395061,4334
14940,3,3,0,1.8296296296296297,4337
14941,0,0,0,1.829753086419753,4337
14942,0,0,0,1.8298765432098765,4337
14943,11,11,0,1.83,4348
14944,0,0,0,1.8301234567901234,4348
14945,0,0,0,1.8302469135802468,4348
14946,1,1,0,1.8303703703703704,4349
14947,0,0,0,1.8304938271604938,4349
14948,14,14,1,1.8304938271604938,4363
14949,15,15,0,1.8306172839506172,4378
14950,0,0,0,1.8307407407407408,4378
14951,0,0,0,1.8308641975308642,4378
14952,13,11,0,1.8309876543209878,4391
14953,0,0,0,1.8311111111111111,4391
14954,0,0,0,1.8312345679012345,4391
14955,0,0,0,1.831358024691358,4391
14956,0,0,0,1.8314814814814815,4391
14957,1,1,0,1.8316049382716049,4392
14958,0,0,0,1.8317283950617285,4392
14959,0,0,0,1.8318518518518518,4392
14960,0,0,0,1.8319753086419752,4392
14961,5,5,0,1.8320987654320988,4397
14962,14,14,0,1.8322222222222222,4411
14963,0,0,0,1.8323456790123456,4411
14964,0,0,0,1.8324691358024692,4411
14965,0,0,0,1.8325925925925926,4411
14966,2,2,0,1.8327160493827162,4413
14967,0,0,0,1.8328395061728395,4413
14968,4,4,0,1.832962962962963,4417
14969,0,0,0,1.8330864197530865,4417
14970,0,0,0,1.8332098765432099,4417
14971,10,10,0,1.8333333333333333,4427
14972,0,0,0,1.8334567901234569,4427
14973,0,0,0,1.8335802469135802,4427
14974,11,11,0,1.8337037037037036,4438
14975,0,0,0,1.8338271604938272,4438
14976,0,0,0,1.8339506172839506,4438
14977,0,0,0,1.834074074074074,4438
14978,6,6,0,1.8341975308641976,4444
14979,0,0,0,1.834320987654321,4444
14980,0,0,0,1.8344444444444445,4444
14981,1,1,0,1.834567901234568,4445
14982,0,0,0,1.8346913580246913,4445
14983,0,0,0,1.834814814814815,4445
14984,12,12,0,1.8349382716049383,4457
14985,0,0,0,1.8350617283950617,4457
14986,2,2,0,1.8351851851851853,4459
14987,0,0,0,1.8353086419753086,4459
14988,1,1,0,1.835432098765432,4460
14989,0,0,0,1.8355555555555556,4460
14990,0,0,0,1.835679012345679,4460
14991,0,0,0,1.8358024691358024,4460
14992,0,0,0,1.835925925925926,4460
14993,4,4,0,1.8360493827160493,4464
14994,0,0,0,1.836172839506173,4464
14995,0,0,0,1.8362962962962963,4464
14996,1,1,0,1.8364197530864197,4465
14997,4,4,0,1.8365432098765433,4469
14998,0,0,0,1.8366666666666667,4469
14999,0,0,0,1.83679012345679,4469
15000,0,0,0,1.8369135802469136,4469
15001,0,0,0,1.837037037037037,4469
15002,2,2,0,1.8371604938271604,4471
15003,0,0,0,1.837283950617284,4471
15004,25,25,0,1.8374074074074074,4496
15005,1,1,0,1.8375308641975308,4497
15006,1,1,0,1.8376543209876544,4498
15007,0,0,0,1.8377777777777777,4498
15008,0,0,0,1.8379012345679013,4498
15009,20,20,2,1.8377777777777777,4518
15010,0,0,0,1.8379012345679013,4518
15011,4,4,0,1.8380246913580247,4522
15012,0,0,0,1.838148148148148,4522
15013,0,0,0,1.8382716049382717,4522
15014,0,0,0,1.838395061728395,4522
15015,0,0,0,1.8385185185185184,4522
15016,0,0,0,1.838641975308642,4522
15017,0,0,0,1.8387654320987654,4522
15018,0,0,0,1.8388888888888888,4522
15019,0,0,0,1.8390123456790124,4522
15020,0,0,0,1.8391358024691358,4522
15021,1,1,0,1.8392592592592591,4523
15022,0,0,0,1.8393827160493827,4523
15023,4,4,0,1.8395061728395061,4527
15024,9,9,0,1.8396296296296297,4536
15025,0,0,0,1.839753086419753,4536
15026,3,3,0,1.8398765432098765,4539
15027,0,0,0,1.84,4539
15028,0,0,0,1.8401234567901235,4539
15029,0,0,0,1.8402469135802468,4539
15030,19,19,0,1.8403703703703704,4558
15031,0,0,0,1.8404938271604938,4558
15032,0,0,0,1.8406172839506172,4558
15033,0,0,0,1.8407407407407408,4558
15034,0,0,0,1.8408641975308642,4558
15035,2,2,0,1.8409876543209878,4560
15036,0,0,0,1.8411111111111111,4560
15037,1,1,0,1.8412345679012345,4561
15038,0,0,0,1.8413580246913581,4561
15039,1,1,0,1.8414814814814815,4562
15040,0,0,0,1.8416049382716049,4562
15041,0,0,0,1.8417283950617285,4562
15042,0,0,0,1.8418518518518519,4562
15043,0,0,0,1.8419753086419752,4562
15044,0,0,0,1.8420987654320988,4562
15045,0,0,0,1.8422222222222222,4562
15046,0,0,0,1.8423456790123456,4562
15047,3,3,0,1.8424691358024692,4565
15048,0,0,0,1.8425925925925926,4565
15049,1,1,0,1.8427160493827162,4566
15050,0,0,0,1.8428395061728395,4566
15051,0,0,0,1.842962962962963,4566
15052,8,7,0,1.8430864197530865,4574
15053,0,0,0,1.84320987654321,4574
15054,0,0,0,1.8433333333333333,4574
15055,0,0,0,1.8434567901234569,4574
15056,0,0,0,1.8435802469135802,4574
15057,2,2,0,1.8437037037037036,4576
15058,3,3,0,1.8438271604938272,4579
15059,1,1,0,1.8439506172839506,4580
15060,0,0,0,1.844074074074074,4580
15061,0,0,0,1.8441975308641976,4580
15062,0,0,0,1.844320987654321,4580
15063,0,0,0,1.8444444444444446,4580
15064,21,21,0,1.844567901234568,4601
15065,4,4,0,1.8446913580246913,4605
15066,5,5,0,1.844814814814815,4610
15067,0,0,0,1.8449382716049383,4610
15068,0,0,0,1.8450617283950617,4610
15069,0,0,0,1.8451851851851853,4610
15070,0,0,0,1.8453086419753086,4610
15071,0,0,0,1.845432098765432,4610
15072,0,0,0,1.8455555555555556,4610
15073,0,0,0,1.845679012345679,4610
15074,0,0,0,1.8458024691358024,4610
15075,0,0,0,1.845925925925926,4610
15076,2,2,0,1.8460493827160493,4612
15077,8,8,0,1.846172839506173,4620
15078,0,0,0,1.8462962962962963,4620
15079,0,0,0,1.8464197530864197,4620
15080,0,0,0,1.8465432098765433,4620
15081,0,0,0,1.8466666666666667,4620
15082,0,0,0,1.84679012345679,4620
15083,1,1,0,1.8469135802469137,4621
15084,0,0,0,1.847037037037037,4621
15085,0,0,0,1.8471604938271604,4621
15086,0,0,0,1.847283950617284,4621
15087,0,0,0,1.8474074074074074,4621
15088,7,7,0,1.8475308641975308,4628
15089,0,0,0,1.8476543209876544,4628
15090,0,0,0,1.8477777777777777,4628
15091,56,56,0,1.8479012345679013,4684
15092,0,0,0,1.8480246913580247,4684
15093,0,0,0,1.848148148148148,4684
15094,16,16,2,1.8480246913580247,4700
15095,0,0,0,1.848148148148148,4700
15096,0,0,0,1.8482716049382717,4700
15097,0,0,0,1.848395061728395,4700
15098,0,0,0,1.8485185185185184,4700
15099,0,0,0,1.848641975308642,4700
15100,0,0,0,1.8487654320987654,4700
15101,0,0,0,1.8488888888888888,4700
15102,0,0,0,1.8490123456790124,4700
15103,0,0,0,1.8491358024691358,4700
15104,0,0,0,1.8492592592592592,4700
15105,0,0,0,1.8493827160493828,4700
15106,0,0,0,1.8495061728395061,4700
15107,0,0,0,1.8496296296296297,4700
15108,0,0,0,1.8497530864197531,4700
15109,0,0,0,1.8498765432098765,4700
15110,1,1,1,1.8498765432098765,4701
15111,0,0,0,1.85,4701
15112,1,1,0,1.8501234567901235,4702
15113,0,0,0,1.8502469135802468,4702
15114,0,0,0,1.8503703703703704,4702
15115,0,0,0,1.8504938271604938,4702
15116,2,2,0,1.8506172839506172,4704
15117,0,0,0,1.8507407407407408,4704
15118,7,7,0,1.8508641975308642,4711
15119,7,7,0,1.8509876543209876,4718
15120,9,9,0,1.8511111111111112,4727
15121,0,0,0,1.8512345679012345,4727
15122,0,0,0,1.8513580246913581,4727
15123,0,0,0,1.8514814814814815,4727
15124,0,0,0,1.8516049382716049,4727
15125,0,0,0,1.8517283950617285,4727
15126,0,0,0,1.8518518518518519,4727
15127,0,0,0,1.8519753086419752,4727
15128,0,0,0,1.8520987654320988,4727
15129,0,0,0,1.8522222222222222,4727
15130,0,0,0,1.8523456790123456,4727
15131,0,0,0,1.8524691358024692,4727
15132,1,1,0,1.8525925925925926,4728
15133,5,5,0,1.852716049382716,4733
15134,0,0,0,1.8528395061728395,4733
15135,3,3,0,1.852962962962963,4736
15136,0,0,0,1.8530864197530865,4736
15137,0,0,0,1.85320987654321,4736
15138,1,1,0,1.8533333333333333,4737
15139,0,0,0,1.8534567901234569,4737
15140,0,0,0,1.8535802469135803,4737
15141,20,20,0,1.8537037037037036,4757
15142,6,6,0,1.8538271604938272,4763
15143,0,0,0,1.8539506172839506,4763
15144,0,0,0,1.854074074074074,4763
15145,7,7,0,1.8541975308641976,4770
15146,2,2,0,1.854320987654321,4772
15147,1,1,0,1.8544444444444443,4773
15148,0,0,0,1.854567901234568,4773
15149,0,0,0,1.8546913580246913,4773
15150,5,5,0,1.854814814814815,4778
15151,0,0,0,1.8549382716049383,4778
15152,0,0,0,1.8550617283950617,4778
15153,0,0,0,1.8551851851851853,4778
15154,11,11,0,1.8553086419753086,4789
15155,0,0,0,1.855432098765432,4789
15156,0,0,0,1.8555555555555556,4789
15157,0,0,0,1.855679012345679,4789
15158,2,2,0,1.8558024691358024,4791
15159,1,1,0,1.855925925925926,4792
15160,14,13,1,1.855925925925926,4806
15161,0,0,0,1.8560493827160494,4806
15162,0,0,0,1.8561728395061727,4806
15163,7,7,0,1.8562962962962963,4813
15164,0,0,0,1.8564197530864197,4813
15165,0,0,0,1.8565432098765433,4813
15166,1,1,0,1.8566666666666667,4814
15167,0,0,0,1.85679012345679,4814
15168,5,5,0,1.8569135802469137,4819
15169,0,0,0,1.857037037037037,4819
15170,5,5,0,1.8571604938271604,4824
15171,0,0,0,1.857283950617284,4824
15172,1,1,0,1.8574074074074074,4825
15173,0,0,0,1.8575308641975308,4825
15174,0,0,0,1.8576543209876544,4825
15175,0,0,0,1.8577777777777778,4825
15176,0,0,0,1.8579012345679011,4825
15177,65,49,0,1.8580246913580247,4890
15178,3,3,0,1.858148148148148,4893
15179,0,0,0,1.8582716049382717,4893
15180,38,38,0,1.858395061728395,4931
15181,0,0,0,1.8585185185185185,4931
15182,0,0,0,1.858641975308642,4931
15183,0,0,0,1.8587654320987654,4931
15184,0,0,0,1.8588888888888888,4931
15185,0,0,0,1.8590123456790124,4931
15186,0,0,0,1.8591358024691358,4931
15187,3,3,0,1.8592592592592592,4934
15188,7,7,3,1.8590123456790124,4941
15189,0,0,0,1.8591358024691358,4941
15190,0,0,0,1.8592592592592592,4941
15191,12,12,3,1.8590123456790124,4953
15192,1,1,0,1.8591358024691358,4954
15193,0,0,0,1.8592592592592592,4954
15194,1,1,0,1.8593827160493828,4955
15195,0,0,0,1.8595061728395061,4955
15196,1,1,0,1.8596296296296295,4956
15197,0,0,0,1.8597530864197531,4956
15198,0,0,0,1.8598765432098765,4956
15199,2,2,0,1.86,4958
15200,0,0,0,1.8601234567901235,4958
15201,0,0,0,1.8602469135802469,4958
15202,38,36,0,1.8603703703703705,4996
15203,0,0,0,1.8604938271604938,4996
15204,7,7,0,1.8606172839506172,5003
15205,0,0,0,1.8607407407407408,5003
15206,23,20,0,1.8608641975308642,5026
15207,30,30,0,1.8609876543209876,5056
15208,22,22,3,1.8607407407407408,5078
15209,0,0,0,1.8608641975308642,5078
15210,0,0,0,1.8609876543209876,5078
15211,0,0,0,1.8611111111111112,5078
15212,0,0,0,1.8612345679012345,5078
15213,1,1,0,1.861358024691358,5079
15214,1,1,0,1.8614814814814815,5080
15215,6,6,0,1.861604938271605,5086
15216,4,4,0,1.8617283950617285,5090
15217,0,0,0,1.8618518518518519,5090
15218,0,0,0,1.8619753086419752,5090
15219,65,60,0,1.8620987654320988,5155
15220,1,1,1,1.8620987654320988,5156
15221,2,2,0,1.8622222222222222,5158
15222,0,0,0,1.8623456790123456,5158
15223,1,1,0,1.8624691358024692,5159
15224,0,0,0,1.8625925925925926,5159
15225,0,0,0,1.862716049382716,5159
15226,0,0,0,1.8628395061728396,5159
15227,2,2,0,1.862962962962963,5161
15228,19,19,0,1.8630864197530863,5180
15229,19,19,0,1.86320987654321,5199
15230,0,0,0,1.8633333333333333,5199
15231,0,0,0,1.8634567901234569,5199
15232,0,0,0,1.8635802469135803,5199
15233,0,0,0,1.8637037037037036,5199
15234,0,0,0,1.8638271604938272,5199
15235,0,0,0,1.8639506172839506,5199
15236,0,0,0,1.864074074074074,5199
15237,4,4,0,1.8641975308641976,5203
15238,0,0,0,1.864320987654321,5203
15239,0,0,0,1.8644444444444443,5203
15240,0,0,0,1.864567901234568,5203
15241,4,4,0,1.8646913580246913,5207
15242,2,2,0,1.864814814814815,5209
15243,0,0,0,1.8649382716049383,5209
15244,0,0,0,1.8650617283950617,5209
15245,0,0,0,1.8651851851851853,5209
15246,4,4,0,1.8653086419753087,5213
15247,0,0,0,1.865432098765432,5213
15248,0,0,0,1.8655555555555556,5213
15249,0,0,0,1.865679012345679,5213
15250,3,3,0,1.8658024691358024,5216
15251,1,1,0,1.865925925925926,5217
15252,1,1,0,1.8660493827160494,5218
15253,12,12,0,1.8661728395061727,5230
15254,0,0,0,1.8662962962962963,5230
15255,119,119,0,1.8664197530864197,5349
15256,0,0,0,1.8665432098765433,5349
15257,0,0,0,1.8666666666666667,5349
15258,0,0,0,1.86679012345679,5349
15259,0,0,0,1.8669135802469137,5349
15260,0,0,0,1.867037037037037,5349
15261,30,23,0,1.8671604938271604,5379
15262,0,0,0,1.867283950617284,5379
15263,2,2,0,1.8674074074074074,5381
15264,0,0,0,1.8675308641975308,5381
15265,0,0,0,1.8676543209876544,5381
15266,0,0,0,1.8677777777777778,5381
15267,5,5,2,1.8676543209876544,5386
15268,0,0,0,1.8677777777777778,5386
15269,0,0,0,1.8679012345679011,5386
15270,0,0,0,1.8680246913580247,5386
15271,0,0,0,1.8681481481481481,5386
15272,0,0,0,1.8682716049382717,5386
15273,5,5,0,1.868395061728395,5391
15274,0,0,0,1.8685185185185185,5391
15275,0,0,0,1.868641975308642,5391
15276,0,0,0,1.8687654320987654,5391
15277,0,0,0,1.8688888888888888,5391
15278,0,0,0,1.8690123456790124,5391
15279,1,1,0,1.8691358024691358,5392
15280,0,0,0,1.8692592592592592,5392
15281,34,34,0,1.8693827160493828,5426
15282,1,1,0,1.8695061728395062,5427
15283,0,0,0,1.8696296296296295,5427
15284,5,5,0,1.8697530864197531,5432
15285,15,15,0,1.8698765432098765,5447
15286,11,11,0,1.87,5458
15287,2,2,0,1.8701234567901235,5460
15288,9,9,0,1.8702469135802469,5469
15289,3,3,0,1.8703703703703705,5472
15290,7,7,0,1.8704938271604938,5479
15291,6,6,0,1.8706172839506172,5485
15292,0,0,0,1.8707407407407408,5485
15293,1,1,0,1.8708641975308642,5486
15294,12,12,0,1.8709876543209876,5498
15295,1,1,0,1.8711111111111112,5499
15296,0,0,0,1.8712345679012345,5499
15297,0,0,0,1.871358024691358,5499
15298,3,3,0,1.8714814814814815,5502
15299,0,0,0,1.871604938271605,5502
15300,0,0,0,1.8717283950617285,5502
15301,27,27,0,1.8718518518518519,5529
15302,0,0,0,1.8719753086419753,5529
15303,0,0,0,1.8720987654320989,5529
15304,1,1,0,1.8722222222222222,5530
15305,0,0,0,1.8723456790123456,5530
15306,12,12,0,1.8724691358024692,5542
15307,0,0,0,1.8725925925925926,5542
15308,0,0,0,1.872716049382716,5542
15309,0,0,0,1.8728395061728396,5542
15310,0,0,0,1.872962962962963,5542
15311,0,0,0,1.8730864197530863,5542
15312,0,0,0,1.87320987654321,5542
15313,0,0,0,1.8733333333333333,5542
15314,10,10,0,1.873456790123457,5552
15315,0,0,0,1.8735802469135803,5552
15316,0,0,0,1.8737037037037036,5552
15317,0,0,0,1.8738271604938272,5552
15318,0,0,0,1.8739506172839506,5552
15319,0,0,0,1.874074074074074,5552
15320,0,0,0,1.8741975308641976,5552
15321,0,0,0,1.874320987654321,5552
15322,3,3,0,1.8744444444444444,5555
15323,0,0,0,1.874567901234568,5555
15324,0,0,0,1.8746913580246913,5555
15325,1,1,0,1.8748148148148147,5556
15326,0,0,0,1.8749382716049383,5556
15327,0,0,0,1.8750617283950617,5556
15328,7,7,0,1.8751851851851853,5563
15329,1,1,0,1.8753086419753087,5564
15330,0,0,0,1.875432098765432,5564
15331,0,0,0,1.8755555555555556,5564
15332,0,0,0,1.875679012345679,5564
15333,0,0,0,1.8758024691358024,5564
15334,0,0,0,1.875925925925926,5564
15335,0,0,0,1.8760493827160494,5564
15336,3,3,0,1.8761728395061728,5567
15337,2,2,0,1.8762962962962964,5569
15338,0,0,0,1.8764197530864197,5569
15339,7,7,0,1.876543209876543,5576
15340,0,0,0,1.8766666666666667,5576
15341,3,3,0,1.87679012345679,5579
15342,0,0,0,1.8769135802469137,5579
15343,0,0,0,1.877037037037037,5579
15344,0,0,0,1.8771604938271604,5579
15345,0,0,0,1.877283950617284,5579
15346,1,1,0,1.8774074074074074,5580
15347,0,0,0,1.8775308641975308,5580
15348,0,0,0,1.8776543209876544,5580
15349,0,0,0,1.8777777777777778,5580
15350,0,0,0,1.8779012345679011,5580
15351,0,0,0,1.8780246913580247,5580
15352,0,0,0,1.8781481481481481,5580
15353,3,3,0,1.8782716049382715,5583
15354,0,0,0,1.878395061728395,5583
15355,2,2,0,1.8785185185185185,5585
15356,9,9,0,1.878641975308642,5594
15357,5,5,0,1.8787654320987655,5599
15358,0,0,0,1.8788888888888888,5599
15359,3,3,0,1.8790123456790124,5602
15360,0,0,0,1.8791358024691358,5602
15361,9,9,0,1.8792592592592592,5611
15362,0,0,0,1.8793827160493828,5611
15363,0,0,0,1.8795061728395062,5611
15364,0,0,0,1.8796296296296295,5611
15365,0,0,0,1.8797530864197531,5611
15366,0,0,0,1.8798765432098765,5611
15367,0,0,0,1.88,5611
15368,10,10,0,1.8801234567901235,5621
15369,0,0,0,1.8802469135802469,5621
15370,0,0,0,1.8803703703703705,5621
15371,0,0,0,1.8804938271604938,5621
15372,0,0,0,1.8806172839506172,5621
15373,0,0,0,1.8807407407407408,5621
15374,1,1,0,1.8808641975308642,5622
15375,0,0,0,1.8809876543209876,5622
15376,0,0,0,1.8811111111111112,5622
15377,3,3,0,1.8812345679012346,5625
15378,11,11,0,1.881358024691358,5636
15379,0,0,0,1.8814814814814815,5636
15380,2,2,0,1.881604938271605,5638
15381,0,0,0,1.8817283950617283,5638
15382,0,0,0,1.8818518518518519,5638
15383,0,0,0,1.8819753086419753,5638
15384,0,0,0,1.8820987654320989,5638
15385,30,28,0,1.8822222222222222,5668
15386,18,18,0,1.8823456790123456,5686
15387,22,22,0,1.8824691358024692,5708
15388,0,0,0,1.8825925925925926,5708
15389,0,0,0,1.882716049382716,5708
15390,6,6,0,1.8828395061728396,5714
15391,0,0,0,1.882962962962963,5714
15392,3,3,0,1.8830864197530863,5717
15393,3,3,1,1.8830864197530863,5720
15394,0,0,0,1.88320987654321,5720
15395,0,0,0,1.8833333333333333,5720
15396,0,0,0,1.8834567901234567,5720
15397,33,31,0,1.8835802469135803,5753
15398,7,7,1,1.8835802469135803,5760
15399,1,1,1,1.8835802469135803,5761
15400,0,0,0,1.8837037037037037,5761
15401,1,1,0,1.8838271604938273,5762
15402,0,0,0,1.8839506172839506,5762
15403,0,0,0,1.884074074074074,5762
15404,0,0,0,1.8841975308641976,5762
15405,0,0,0,1.884320987654321,5762
15406,1,1,0,1.8844444444444444,5763
15407,0,0,0,1.884567901234568,5763
15408,1,1,0,1.8846913580246913,5764
15409,0,0,0,1.8848148148148147,5764
15410,0,0,0,1.8849382716049383,5764
15411,3,3,0,1.8850617283950617,5767
15412,4,4,0,1.885185185185185,5771
15413,0,0,0,1.8853086419753087,5771
15414,0,0,0,1.885432098765432,5771
15415,0,0,0,1.8855555555555557,5771
15416,1,1,0,1.885679012345679,5772
15417,1,1,0,1.8858024691358024,5773
15418,0,0,0,1.885925925925926,5773
15419,0,0,0,1.8860493827160494,5773
15420,0,0,0,1.8861728395061728,5773
15421,0,0,0,1.8862962962962964,5773
15422,0,0,0,1.8864197530864197,5773
15423,0,0,0,1.8865432098765431,5773
15424,0,0,0,1.8866666666666667,5773
15425,59,59,0,1.88679012345679,5832
15426,1,1,0,1.8869135802469137,5833
15427,0,0,0,1.887037037037037,5833
15428,8,8,0,1.8871604938271604,5841
15429,0,0,0,1.887283950617284,5841
15430,24,18,0,1.8874074074074074,5865
15431,0,0,0,1.8875308641975308,5865
15432,0,0,0,1.8876543209876544,5865
15433,0,0,0,1.8877777777777778,5865
15434,0,0,0,1.8879012345679012,5865
15435,6,6,0,1.8880246913580248,5871
15436,0,0,0,1.8881481481481481,5871
15437,1,1,0,1.8882716049382715,5872
15438,0,0,0,1.888395061728395,5872
15439,0,0,0,1.8885185185185185,5872
15440,0,0,0,1.888641975308642,5872
15441,0,0,0,1.8887654320987655,5872
15442,0,0,0,1.8888888888888888,5872
15443,23,23,0,1.8890123456790124,5895
15444,2,2,0,1.8891358024691358,5897
15445,2,2,0,1.8892592592592592,5899
15446,0,0,0,1.8893827160493828,5899
15447,19,19,0,1.8895061728395062,5918
15448,0,0,0,1.8896296296296295,5918
15449,0,0,0,1.8897530864197531,5918
15450,3,3,0,1.8898765432098765,5921
15451,3,3,0,1.89,5924
15452,0,0,0,1.8901234567901235,5924
15453,0,0,0,1.8902469135802469,5924
15454,1,1,0,1.8903703703703705,5925
15455,0,0,0,1.8904938271604939,5925
15456,0,0,0,1.8906172839506172,5925
15457,2,2,0,1.8907407407407408,5927
15458,0,0,0,1.8908641975308642,5927
15459,0,0,0,1.8909876543209876,5927
15460,0,0,0,1.8911111111111112,5927
15461,0,0,0,1.8912345679012346,5927
15462,0,0,0,1.891358024691358,5927
15463,9,9,0,1.8914814814814815,5936
15464,0,0,0,1.891604938271605,5936
15465,0,0,0,1.8917283950617283,5936
15466,0,0,0,1.891851851851852,5936
15467,0,0,0,1.8919753086419753,5936
15468,0,0,0,1.8920987654320989,5936
15469,0,0,0,1.8922222222222222,5936
15470,0,0,0,1.8923456790123456,5936
15471,0,0,0,1.8924691358024692,5936
15472,0,0,0,1.8925925925925926,5936
15473,0,0,0,1.892716049382716,5936
15474,0,0,0,1.8928395061728396,5936
15475,2,2,0,1.892962962962963,5938
15476,15,13,0,1.8930864197530863,5953
15477,2,2,0,1.89320987654321,5955
15478,0,0,0,1.8933333333333333,5955
15479,0,0,0,1.8934567901234567,5955
15480,0,0,0,1.8935802469135803,5955
15481,0,0,0,1.8937037037037037,5955
15482,0,0,0,1.8938271604938273,5955
15483,0,0,0,1.8939506172839506,5955
15484,0,0,0,1.894074074074074,5955
15485,0,0,0,1.8941975308641976,5955
15486,22,22,0,1.894320987654321,5977
15487,7,7,0,1.8944444444444444,5984
15488,0,0,0,1.894567901234568,5984
15489,0,0,0,1.8946913580246914,5984
15490,0,0,0,1.8948148148148147,5984
15491,0,0,0,1.8949382716049383,5984
15492,0,0,0,1.8950617283950617,5984
15493,0,0,0,1.895185185185185,5984
15494,0,0,0,1.8953086419753087,5984
15495,0,0,0,1.895432098765432,5984
15496,1,1,0,1.8955555555555557,5985
15497,0,0,0,1.895679012345679,5985
15498,0,0,0,1.8958024691358024,5985
15499,0,0,0,1.895925925925926,5985
15500,0,0,0,1.8960493827160494,5985
15501,3,3,0,1.8961728395061728,5988
15502,0,0,0,1.8962962962962964,5988
15503,0,0,0,1.8964197530864197,5988
15504,0,0,0,1.8965432098765431,5988
15505,0,0,0,1.8966666666666667,5988
15506,0,0,0,1.89679012345679,5988
15507,2,2,0,1.8969135802469135,5990
15508,0,0,0,1.897037037037037,5990
15509,0,0,0,1.8971604938271605,5990
15510,0,0,0,1.897283950617284,5990
15511,46,38,0,1.8974074074074074,6036
15512,2,2,0,1.8975308641975308,6038
15513,0,0,0,1.8976543209876544,6038
15514,3,3,0,1.8977777777777778,6041
15515,0,0,0,1.8979012345679012,6041
15516,0,0,0,1.8980246913580248,6041
15517,0,0,0,1.8981481481481481,6041
15518,0,0,0,1.8982716049382715,6041
15519,0,0,0,1.8983950617283951,6041
15520,0,0,0,1.8985185185185185,6041
15521,0,0,0,1.8986419753086419,6041
15522,71,68,0,1.8987654320987655,6112
15523,0,0,0,1.8988888888888888,6112
15524,0,0,0,1.8990123456790124,6112
15525,0,0,0,1.8991358024691358,6112
15526,0,0,0,1.8992592592592592,6112
15527,29,27,0,1.8993827160493828,6141
15528,0,0,0,1.8995061728395062,6141
15529,0,0,0,1.8996296296296296,6141
15530,0,0,0,1.8997530864197532,6141
15531,2,2,1,1.8997530864197532,6143
15532,1,1,0,1.8998765432098765,6144
15533,0,0,0,1.9,6144
15534,1,1,0,1.9001234567901235,6145
15535,0,0,0,1.9002469135802469,6145
15536,0,0,0,1.9003703703703703,6145
15537,0,0,0,1.9004938271604939,6145
15538,3,3,0,1.9006172839506172,6148
15539,5,5,0,1.9007407407407408,6153
15540,0,0,0,1.9008641975308642,6153
15541,1,1,0,1.9009876543209876,6154
15542,0,0,0,1.9011111111111112,6154
15543,0,0,0,1.9012345679012346,6154
15544,0,0,0,1.901358024691358,6154
15545,6,6,0,1.9014814814814816,6160
15546,0,0,0,1.901604938271605,6160
15547,12,12,0,1.9017283950617283,6172
15548,4,4,0,1.901851851851852,6176
15549,0,0,0,1.9019753086419753,6176
15550,0,0,0,1.9020987654320987,6176
15551,19,19,1,1.9020987654320987,6195
15552,6,6,0,1.9022222222222223,6201
15553,0,0,0,1.9023456790123456,6201
15554,0,0,0,1.9024691358024692,6201
15555,0,0,0,1.9025925925925926,6201
15556,0,0,0,1.902716049382716,6201
15557,0,0,0,1.9028395061728396,6201
15558,0,0,0,1.902962962962963,6201
15559,0,0,0,1.9030864197530863,6201
15560,0,0,0,1.90320987654321,6201
15561,0,0,0,1.9033333333333333,6201
15562,0,0,0,1.9034567901234567,6201
15563,0,0,0,1.9035802469135803,6201
15564,0,0,0,1.9037037037037037,6201
15565,0,0,0,1.903827160493827,6201
15566,0,0,0,1.9039506172839507,6201
15567,0,0,0,1.904074074074074,6201
15568,4,4,0,1.9041975308641976,6205
15569,71,71,5,1.9037037037037037,6276
15570,0,0,0,1.903827160493827,6276
15571,0,0,0,1.9039506172839507,6276
15572,1,1,0,1.904074074074074,6277
15573,0,0,0,1.9041975308641976,6277
15574,0,0,0,1.904320987654321,6277
15575,0,0,0,1.9044444444444444,6277
15576,2,2,0,1.904567901234568,6279
15577,16,16,0,1.9046913580246914,6295
15578,0,0,0,1.9048148148148147,6295
15579,7,7,0,1.9049382716049383,6302
15580,3,3,0,1.9050617283950617,6305
15581,43,43,0,1.905185185185185,6348
15582,0,0,0,1.9053086419753087,6348
15583,0,0,0,1.905432098765432,6348
15584,0,0,0,1.9055555555555554,6348
15585,0,0,0,1.905679012345679,6348
15586,1,1,0,1.9058024691358024,6349
15587,2,2,0,1.905925925925926,6351
15588,0,0,0,1.9060493827160494,6351
15589,0,0,0,1.9061728395061728,6351
15590,0,0,0,1.9062962962962964,6351
15591,0,0,0,1.9064197530864198,6351
15592,8,8,0,1.9065432098765431,6359
15593,0,0,0,1.9066666666666667,6359
15594,0,0,0,1.90679012345679,6359
15595,0,0,0,1.9069135802469135,6359
15596,0,0,0,1.907037037037037,6359
15597,0,0,0,1.9071604938271605,6359
15598,0,0,0,1.9072839506172838,6359
15599,0,0,0,1.9074074074074074,6359
15600,1,1,0,1.9075308641975308,6360
15601,1,1,0,1.9076543209876544,6361
15602,0,0,0,1.9077777777777778,6361
15603,0,0,0,1.9079012345679012,6361
15604,0,0,0,1.9080246913580248,6361
15605,13,13,0,1.9081481481481481,6374
15606,0,0,0,1.9082716049382715,6374
15607,15,15,0,1.9083950617283951,6389
15608,1,1,0,1.9085185185185185,6390
15609,1,1,0,1.9086419753086419,6391
15610,0,0,0,1.9087654320987655,6391
15611,92,92,5,1.9082716049382715,6483
15612,0,0,0,1.9083950617283951,6483
15613,0,0,0,1.9085185185185185,6483
15614,18,18,0,1.9086419753086419,6501
15615,1,1,0,1.9087654320987655,6502
15616,1,1,0,1.9088888888888889,6503
15617,2,2,0,1.9090123456790122,6505
15618,29,25,2,1.9088888888888889,6534
15619,0,0,0,1.9090123456790122,6534
15620,0,0,0,1.9091358024691358,6534
15621,2,2,0,1.9092592592592592,6536
15622,3,3,0,1.9093827160493828,6539
15623,2,2,0,1.9095061728395062,6541
15624,12,12,0,1.9096296296296296,6553
15625,80,74,0,1.9097530864197532,6633
15626,11,11,0,1.9098765432098765,6644
15627,4,4,0,1.91,6648
15628,10,10,0,1.9101234567901235,6658
15629,0,0,0,1.910246913580247,6658
15630,0,0,0,1.9103703703703703,6658
15631,1,1,0,1.9104938271604939,6659
15632,21,21,0,1.9106172839506173,6680
15633,32,32,0,1.9107407407407409,6712
15634,2,2,0,1.9108641975308642,6714
15635,0,0,0,1.9109876543209876,6714
15636,0,0,0,1.9111111111111112,6714
15637,8,8,0,1.9112345679012346,6722
15638,7,7,0,1.911358024691358,6729
15639,0,0,0,1.9114814814814816,6729
15640,0,0,0,1.911604938271605,6729
15641,2,2,0,1.9117283950617283,6731
15642,0,0,0,1.911851851851852,6731
15643,1,1,1,1.911851851851852,6732
15644,24,24,0,1.9119753086419753,6756
15645,0,0,0,1.9120987654320987,6756
15646,0,0,0,1.9122222222222223,6756
15647,0,0,0,1.9123456790123456,6756
15648,0,0,0,1.9124691358024692,6756
15649,0,0,0,1.9125925925925926,6756
15650,9,9,3,1.9123456790123456,6765
15651,0,0,0,1.9124691358024692,6765
15652,0,0,0,1.9125925925925926,6765
15653,4,4,0,1.912716049382716,6769
15654,0,0,0,1.9128395061728396,6769
15655,28,28,0,1.912962962962963,6797
15656,0,0,0,1.9130864197530864,6797
15657,0,0,0,1.91320987654321,6797
15658,0,0,0,1.9133333333333333,6797
15659,0,0,0,1.9134567901234567,6797
15660,0,0,0,1.9135802469135803,6797
15661,1,1,0,1.9137037037037037,6798
15662,0,0,0,1.913827160493827,6798
15663,0,0,0,1.9139506172839507,6798
15664,0,0,0,1.914074074074074,6798
15665,0,0,0,1.9141975308641976,6798
15666,10,10,0,1.914320987654321,6808
15667,0,0,0,1.9144444444444444,6808
15668,0,0,0,1.914567901234568,6808
15669,0,0,0,1.9146913580246914,6808
15670,3,3,0,1.9148148148148147,6811
15671,0,0,0,1.9149382716049383,6811
15672,0,0,0,1.9150617283950617,6811
15673,0,0,0,1.915185185185185,6811
15674,0,0,0,1.9153086419753087,6811
15675,0,0,0,1.915432098765432,6811
15676,100,80,6,1.9148148148148147,6911
15677,0,0,0,1.9149382716049383,6911
15678,1,1,0,1.9150617283950617,6912
15679,1,1,0,1.915185185185185,6913
15680,0,0,0,1.9153086419753087,6913
15681,1,1,0,1.915432098765432,6914
15682,0,0,0,1.9155555555555555,6914
15683,0,0,0,1.915679012345679,6914
15684,0,0,0,1.9158024691358024,6914
15685,2,2,2,1.915679012345679,6916
15686,0,0,0,1.9158024691358024,6916
15687,8,8,0,1.915925925925926,6924
15688,0,0,0,1.9160493827160494,6924
15689,6,6,0,1.9161728395061728,6930
15690,1,1,0,1.9162962962962964,6931
15691,0,0,0,1.9164197530864198,6931
15692,0,0,0,1.9165432098765431,6931
15693,12,12,0,1.9166666666666667,6943
15694,8,8,0,1.9167901234567901,6951
15695,2,2,0,1.9169135802469135,6953
15696,4,4,0,1.917037037037037,6957
15697,0,0,0,1.9171604938271605,6957
15698,0,0,0,1.9172839506172838,6957
15699,2,2,0,1.9174074074074074,6959
15700,142,121,0,1.9175308641975308,7101
15701,0,0,0,1.9176543209876544,7101
15702,0,0,0,1.9177777777777778,7101
15703,2,2,0,1.9179012345679012,7103
15704,0,0,0,1.9180246913580248,7103
15705,0,0,0,1.9181481481481482,7103
15706,0,0,0,1.9182716049382715,7103
15707,0,0,0,1.9183950617283951,7103
15708,1,1,0,1.9185185185185185,7104
15709,0,0,0,1.918641975308642,7104
15710,0,0,0,1.9187654320987655,7104
15711,0,0,0,1.9188888888888889,7104
15712,0,0,0,1.9190123456790122,7104
15713,0,0,0,1.9191358024691358,7104
15714,0,0,0,1.9192592592592592,7104
15715,16,16,0,1.9193827160493828,7120
15716,0,0,0,1.9195061728395062,7120
15717,0,0,0,1.9196296296296296,7120
15718,0,0,0,1.9197530864197532,7120
15719,0,0,0,1.9198765432098766,7120
15720,1,1,1,1.9198765432098766,7121
15721,0,0,0,1.92,7121
15722,0,0,0,1.9201234567901235,7121
15723,1,1,0,1.920246913580247,7122
15724,0,0,0,1.9203703703703703,7122
15725,5,5,0,1.9204938271604939,7127
15726,0,0,0,1.9206172839506173,7127
15727,0,0,0,1.9207407407407406,7127
15728,15,15,0,1.9208641975308642,7142
15729,7,7,0,1.9209876543209876,7149
15730,0,0,0,1.9211111111111112,7149
15731,4,4,0,1.9212345679012346,7153
15732,0,0,0,1.921358024691358,7153
15733,0,0,0,1.9214814814814816,7153
15734,0,0,0,1.921604938271605,7153
15735,0,0,0,1.9217283950617283,7153
15736,0,0,0,1.921851851851852,7153
15737,26,26,0,1.9219753086419753,7179
15738,2,2,0,1.9220987654320987,7181
15739,0,0,0,1.9222222222222223,7181
15740,0,0,0,1.9223456790123457,7181
15741,0,0,0,1.922469135802469,7181
15742,13,13,2,1.9223456790123457,7194
15743,0,0,0,1.922469135802469,7194
15744,0,0,0,1.9225925925925926,7194
15745,0,0,0,1.922716049382716,7194
15746,0,0,0,1.9228395061728396,7194
15747,0,0,0,1.922962962962963,7194
15748,0,0,0,1.9230864197530864,7194
15749,0,0,0,1.92320987654321,7194
15750,0,0,0,1.9233333333333333,7194
15751,0,0,0,1.9234567901234567,7194
15752,0,0,0,1.9235802469135803,7194
15753,14,14,0,1.9237037037037037,7208
15754,2,2,0,1.923827160493827,7210
15755,0,0,0,1.9239506172839507,7210
15756,0,0,0,1.924074074074074,7210
15757,0,0,0,1.9241975308641974,7210
15758,4,4,0,1.924320987654321,7214
15759,0,0,0,1.9244444444444444,7214
15760,0,0,0,1.924567901234568,7214
15761,0,0,0,1.9246913580246914,7214
15762,0,0,0,1.9248148148148148,7214
15763,0,0,0,1.9249382716049384,7214
15764,0,0,0,1.9250617283950617,7214
15765,0,0,0,1.925185185185185,7214
15766,0,0,0,1.9253086419753087,7214
15767,6,6,0,1.925432098765432,7220
15768,0,0,0,1.9255555555555555,7220
15769,0,0,0,1.925679012345679,7220
15770,0,0,0,1.9258024691358024,7220
15771,0,0,0,1.9259259259259258,7220
15772,0,0,0,1.9260493827160494,7220
15773,0,0,0,1.9261728395061728,7220
15774,58,54,0,1.9262962962962964,7278
15775,4,4,0,1.9264197530864198,7282
15776,0,0,0,1.9265432098765432,7282
15777,0,0,0,1.9266666666666667,7282
15778,0,0,0,1.9267901234567901,7282
15779,0,0,0,1.9269135802469135,7282
15780,1,1,0,1.927037037037037,7283
15781,0,0,0,1.9271604938271605,7283
15782,0,0,0,1.9272839506172839,7283
15783,0,0,0,1.9274074074074075,7283
15784,0,0,0,1.9275308641975308,7283
15785,108,108,0,1.9276543209876542,7391
15786,0,0,0,1.9277777777777778,7391
15787,3,3,0,1.9279012345679012,7394
15788,49,46,0,1.9280246913580248,7443
15789,0,0,0,1.9281481481481482,7443
15790,23,23,0,1.9282716049382715,7466
15791,0,0,0,1.9283950617283951,7466
15792,0,0,0,1.9285185185185185,7466
15793,130,125,0,1.928641975308642,7596
15794,1,1,0,1.9287654320987655,7597
15795,0,0,0,1.9288888888888889,7597
15796,0,0,0,1.9290123456790123,7597
15797,0,0,0,1.9291358024691359,7597
15798,0,0,0,1.9292592592592592,7597
15799,27,27,0,1.9293827160493826,7624
15800,0,0,0,1.9295061728395062,7624
15801,0,0,0,1.9296296296296296,7624
15802,0,0,0,1.9297530864197532,7624
15803,0,0,0,1.9298765432098766,7624
15804,0,0,0,1.93,7624
15805,0,0,0,1.9301234567901235,7624
15806,7,7,3,1.9298765432098766,7631
15807,0,0,0,1.93,7631
15808,0,0,0,1.9301234567901235,7631
15809,0,0,0,1.930246913580247,7631
15810,0,0,0,1.9303703703703703,7631
15811,0,0,0,1.930493827160494,7631
15812,0,0,0,1.9306172839506173,7631
15813,0,0,0,1.9307407407407406,7631
15814,0,0,0,1.9308641975308642,7631
15815,41,41,0,1.9309876543209876,7672
15816,0,0,0,1.931111111111111,7672
15817,0,0,0,1.9312345679012346,7672
15818,0,0,0,1.931358024691358,7672
15819,22,22,0,1.9314814814814816,7694
15820,69,69,0,1.931604938271605,7763
15821,0,0,0,1.9317283950617283,7763
15822,9,9,0,1.931851851851852,7772
15823,0,0,0,1.9319753086419753,7772
15824,0,0,0,1.9320987654320987,7772
15825,0,0,0,1.9322222222222223,7772
15826,0,0,0,1.9323456790123457,7772
15827,0,0,0,1.932469135802469,7772
15828,9,9,0,1.9325925925925926,7781
15829,0,0,0,1.932716049382716,7781
15830,0,0,0,1.9328395061728396,7781
15831,0,0,0,1.932962962962963,7781
15832,13,13,0,1.9330864197530864,7794
15833,0,0,0,1.93320987654321,7794
15834,20,20,0,1.9333333333333333,7814
15835,0,0,0,1.9334567901234567,7814
15836,0,0,0,1.9335802469135803,7814
15837,0,0,0,1.9337037037037037,7814
15838,0,0,0,1.933827160493827,7814
15839,0,0,0,1.9339506172839507,7814
15840,0,0,0,1.934074074074074,7814
15841,0,0,0,1.9341975308641974,7814
15842,0,0,0,1.934320987654321,7814
15843,0,0,0,1.9344444444444444,7814
15844,0,0,0,1.934567901234568,7814
15845,2,2,0,1.9346913580246914,7816
15846,0,0,0,1.9348148148148148,7816
15847,0,0,0,1.9349382716049384,7816
15848,0,0,0,1.9350617283950617,7816
15849,0,0,0,1.9351851851851851,7816
15850,7,7,0,1.9353086419753087,7823
15851,0,0,0,1.935432098765432,7823
15852,31,26,0,1.9355555555555555,7854
15853,6,6,0,1.935679012345679,7860
15854,206,206,4,1.9353086419753087,8066
15855,0,0,0,1.935432098765432,8066
15856,1,1,0,1.9355555555555555,8067
15857,2,2,0,1.935679012345679,8069
15858,0,0,0,1.9358024691358025,8069
15859,0,0,0,1.9359259259259258,8069
15860,0,0,0,1.9360493827160494,8069
15861,0,0,0,1.9361728395061728,8069
15862,1,1,0,1.9362962962962964,8070
15863,25,24,0,1.9364197530864198,8095
15864,2,2,0,1.9365432098765432,8097
15865,3,3,0,1.9366666666666668,8100
15866,49,41,7,1.9359259259259258,8149
15867,0,0,0,1.9360493827160494,8149
15868,19,19,0,1.9361728395061728,8168
15869,0,0,0,1.9362962962962964,8168
15870,4,4,0,1.9364197530864198,8172
15871,0,0,0,1.9365432098765432,8172
15872,0,0,0,1.9366666666666668,8172
15873,1,1,0,1.9367901234567901,8173
15874,0,0,0,1.9369135802469135,8173
15875,0,0,0,1.9370370370370371,8173
15876,0,0,0,1.9371604938271605,8173
15877,0,0,0,1.9372839506172839,8173
15878,2,2,0,1.9374074074074075,8175
15879,2,2,0,1.9375308641975308,8177
15880,0,0,0,1.9376543209876542,8177
15881,0,0,0,1.9377777777777778,8177
15882,0,0,0,1.9379012345679012,8177
15883,25,25,0,1.9380246913580248,8202
15884,1,1,0,1.9381481481481482,8203
15885,0,0,0,1.9382716049382716,8203
15886,0,0,0,1.9383950617283952,8203
15887,0,0,0,1.9385185185185185,8203
15888,8,8,0,1.938641975308642,8211
15889,60,60,0,1.9387654320987655,8271
15890,0,0,0,1.9388888888888889,8271
15891,3,3,0,1.9390123456790123,8274
15892,0,0,0,1.9391358024691359,8274
15893,235,167,0,1.9392592592592592,8509
15894,10,10,0,1.9393827160493826,8519
15895,3,3,0,1.9395061728395062,8522
15896,0,0,0,1.9396296296296296,8522
15897,0,0,0,1.9397530864197532,8522
15898,0,0,0,1.9398765432098766,8522
15899,0,0,0,1.94,8522
15900,10,10,0,1.9401234567901235,8532
15901,44,44,0,1.940246913580247,8576
15902,8,8,2,1.9401234567901235,8584
15903,0,0,0,1.940246913580247,8584
15904,0,0,0,1.9403703703703703,8584
15905,0,0,0,1.940493827160494,8584
15906,0,0,0,1.9406172839506173,8584
15907,5,5,0,1.9407407407407407,8589
15908,0,0,0,1.9408641975308643,8589
15909,63,63,0,1.9409876543209876,8652
15910,0,0,0,1.941111111111111,8652
15911,0,0,0,1.9412345679012346,8652
15912,3,3,0,1.941358024691358,8655
15913,0,0,0,1.9414814814814816,8655
15914,0,0,0,1.941604938271605,8655
15915,0,0,0,1.9417283950617283,8655
15916,1,1,0,1.941851851851852,8656
15917,1,1,0,1.9419753086419753,8657
15918,12,12,0,1.9420987654320987,8669
15919,0,0,0,1.9422222222222223,8669
15920,0,0,0,1.9423456790123457,8669
15921,0,0,0,1.942469135802469,8669
15922,0,0,0,1.9425925925925926,8669
15923,5,5,0,1.942716049382716,8674
15924,1,1,0,1.9428395061728394,8675
15925,0,0,0,1.942962962962963,8675
15926,0,0,0,1.9430864197530864,8675
15927,0,0,0,1.94320987654321,8675
15928,0,0,0,1.9433333333333334,8675
15929,11,11,0,1.9434567901234567,8686
15930,0,0,0,1.9435802469135803,8686
15931,0,0,0,1.9437037037037037,8686
15932,0,0,0,1.943827160493827,8686
15933,2,2,0,1.9439506172839507,8688
15934,0,0,0,1.944074074074074,8688
15935,5,5,0,1.9441975308641974,8693
15936,0,0,0,1.944320987654321,8693
15937,3,3,0,1.9444444444444444,8696
15938,2,2,0,1.9445679012345678,8698
15939,0,0,0,1.9446913580246914,8698
15940,15,12,0,1.9448148148148148,8713
15941,0,0,0,1.9449382716049384,8713
15942,2,2,0,1.9450617283950618,8715
15943,0,0,0,1.9451851851851851,8715
15944,0,0,0,1.9453086419753087,8715
15945,1,1,0,1.945432098765432,8716
15946,2,2,0,1.9455555555555555,8718
15947,10,10,0,1.945679012345679,8728
15948,0,0,0,1.9458024691358025,8728
15949,2,2,0,1.9459259259259258,8730
15950,0,0,0,1.9460493827160494,8730
15951,0,0,0,1.9461728395061728,8730
15952,9,9,0,1.9462962962962962,8739
15953,26,26,0,1.9464197530864198,8765
15954,21,21,0,1.9465432098765432,8786
15955,0,0,0,1.9466666666666668,8786
15956,0,0,0,1.9467901234567901,8786
15957,7,7,0,1.9469135802469135,8793
15958,1,1,0,1.9470370370370371,8794
15959,0,0,0,1.9471604938271605,8794
15960,0,0,0,1.9472839506172839,8794
15961,0,0,0,1.9474074074074075,8794
15962,0,0,0,1.9475308641975309,8794
15963,0,0,0,1.9476543209876542,8794
15964,0,0,0,1.9477777777777778,8794
15965,0,0,0,1.9479012345679012,8794
15966,0,0,0,1.9480246913580246,8794
15967,0,0,0,1.9481481481481482,8794
15968,17,17,0,1.9482716049382716,8811
15969,0,0,0,1.9483950617283952,8811
15970,0,0,0,1.9485185185185185,8811
15971,0,0,0,1.948641975308642,8811
15972,0,0,0,1.9487654320987655,8811
15973,14,14,0,1.948888888888889,8825
15974,41,41,0,1.9490123456790123,8866
15975,0,0,0,1.9491358024691359,8866
15976,0,0,0,1.9492592592592592,8866
15977,0,0,0,1.9493827160493826,8866
15978,0,0,0,1.9495061728395062,8866
15979,0,0,0,1.9496296296296296,8866
15980,0,0,0,1.949753086419753,8866
15981,12,12,0,1.9498765432098766,8878
15982,0,0,0,1.95,8878
15983,0,0,0,1.9501234567901236,8878
15984,0,0,0,1.950246913580247,8878
15985,29,28,0,1.9503703703703703,8907
15986,3,3,3,1.9501234567901236,8910
15987,117,110,0,1.950246913580247,9027
15988,0,0,0,1.9503703703703703,9027
15989,0,0,0,1.950493827160494,9027
15990,0,0,0,1.9506172839506173,9027
15991,1,1,0,1.9507407407407407,9028
15992,11,11,0,1.9508641975308643,9039
15993,0,0,0,1.9509876543209876,9039
15994,11,11,0,1.951111111111111,9050
15995,0,0,0,1.9512345679012346,9050
15996,7,7,0,1.951358024691358,9057
15997,2,2,0,1.9514814814814814,9059
15998,0,0,0,1.951604938271605,9059
15999,38,30,0,1.9517283950617283,9097
16000,0,0,0,1.951851851851852,9097
16001,10,10,0,1.9519753086419753,9107
16002,3,3,0,1.9520987654320987,9110
16003,67,66,0,1.9522222222222223,9177
16004,0,0,0,1.9523456790123457,9177
16005,0,0,0,1.952469135802469,9177
16006,0,0,0,1.9525925925925927,9177
16007,0,0,0,1.952716049382716,9177
16008,2,2,0,1.9528395061728394,9179
16009,6,6,0,1.952962962962963,9185
16010,7,7,0,1.9530864197530864,9192
16011,0,0,0,1.9532098765432098,9192
16012,0,0,0,1.9533333333333334,9192
16013,0,0,0,1.9534567901234567,9192
16014,0,0,0,1.9535802469135803,9192
16015,26,26,0,1.9537037037037037,9218
16016,27,27,2,1.9535802469135803,9245
16017,0,0,0,1.9537037037037037,9245
16018,0,0,0,1.953827160493827,9245
16019,0,0,0,1.9539506172839507,9245
16020,0,0,0,1.954074074074074,9245
16021,0,0,0,1.9541975308641975,9245
16022,0,0,0,1.954320987654321,9245
16023,43,40,0,1.9544444444444444,9288
16024,0,0,0,1.9545679012345678,9288
16025,0,0,0,1.9546913580246914,9288
16026,21,21,0,1.9548148148148148,9309
16027,0,0,0,1.9549382716049384,9309
16028,0,0,0,1.9550617283950618,9309
16029,0,0,0,1.9551851851851851,9309
16030,0,0,0,1.9553086419753087,9309
16031,0,0,0,1.9554320987654321,9309
16032,3,3,0,1.9555555555555555,9312
16033,7,7,0,1.955679012345679,9319
16034,0,0,0,1.9558024691358025,9319
16035,8,8,0,1.9559259259259258,9327
16036,1,1,0,1.9560493827160494,9328
16037,0,0,0,1.9561728395061728,9328
16038,0,0,0,1.9562962962962962,9328
16039,0,0,0,1.9564197530864198,9328
16040,0,0,0,1.9565432098765432,9328
16041,0,0,0,1.9566666666666668,9328
16042,0,0,0,1.9567901234567902,9328
16043,0,0,0,1.9569135802469135,9328
16044,2,2,0,1.9570370370370371,9330
16045,0,0,0,1.9571604938271605,9330
16046,0,0,0,1.9572839506172839,9330
16047,0,0,0,1.9574074074074075,9330
16048,1,1,0,1.9575308641975309,9331
16049,0,0,0,1.9576543209876542,9331
16050,0,0,0,1.9577777777777778,9331
16051,0,0,0,1.9579012345679012,9331
16052,1,1,0,1.9580246913580246,9332
16053,0,0,0,1.9581481481481482,9332
16054,0,0,0,1.9582716049382716,9332
16055,0,0,0,1.9583950617283952,9332
16056,0,0,0,1.9585185185185185,9332
16057,65,65,0,1.958641975308642,9397
16058,0,0,0,1.9587654320987655,9397
16059,0,0,0,1.958888888888889,9397
16060,0,0,0,1.9590123456790123,9397
16061,1,1,1,1.9590123456790123,9398
16062,5,5,0,1.9591358024691359,9403
16063,13,13,0,1.9592592592592593,9416
16064,0,0,0,1.9593827160493826,9416
16065,0,0,0,1.9595061728395062,9416
16066,3,3,0,1.9596296296296296,9419
16067,0,0,0,1.959753086419753,9419
16068,0,0,0,1.9598765432098766,9419
16069,0,0,0,1.96,9419
16070,0,0,0,1.9601234567901236,9419
16071,0,0,0,1.960246913580247,9419
16072,22,22,0,1.9603703703703703,9441
16073,10,10,0,1.960493827160494,9451
16074,43,41,0,1.9606172839506173,9494
16075,0,0,0,1.9607407407407407,9494
16076,0,0,0,1.9608641975308643,9494
16077,12,12,0,1.9609876543209876,9506
16078,2,2,0,1.961111111111111,9508
16079,0,0,0,1.9612345679012346,9508
16080,5,5,0,1.961358024691358,9513
16081,67,60,0,1.9614814814814814,9580
16082,2,2,0,1.961604938271605,9582
16083,1,1,0,1.9617283950617284,9583
16084,2,2,0,1.961851851851852,9585
16085,50,50,0,1.9619753086419753,9635
16086,0,0,0,1.9620987654320987,9635
16087,23,23,0,1.9622222222222223,9658
16088,0,0,0,1.9623456790123457,9658
16089,0,0,0,1.962469135802469,9658
16090,2,2,0,1.9625925925925927,9660
16091,0,0,0,1.962716049382716,9660
16092,0,0,0,1.9628395061728394,9660
16093,33,33,0,1.962962962962963,9693
16094,0,0,0,1.9630864197530864,9693
16095,0,0,0,1.9632098765432098,9693
16096,37,35,0,1.9633333333333334,9730
16097,1,1,0,1.9634567901234568,9731
16098,71,71,0,1.9635802469135804,9802
16099,6,6,0,1.9637037037037037,9808
16100,0,0,0,1.963827160493827,9808
16101,0,0,0,1.9639506172839507,9808
16102,0,0,0,1.964074074074074,9808
16103,0,0,0,1.9641975308641975,9808
16104,0,0,0,1.964320987654321,9808
16105,1,1,0,1.9644444444444444,9809
16106,3,3,1,1.9644444444444444,9812
16107,0,0,0,1.9645679012345678,9812
16108,0,0,0,1.9646913580246914,9812
16109,0,0,0,1.9648148148148148,9812
16110,97,85,0,1.9649382716049382,9909
16111,0,0,0,1.9650617283950618,9909
16112,13,13,0,1.9651851851851851,9922
16113,0,0,0,1.9653086419753087,9922
16114,0,0,0,1.9654320987654321,9922
16115,13,13,3,1.9651851851851851,9935
16116,0,0,0,1.9653086419753087,9935
16117,0,0,0,1.9654320987654321,9935
16118,0,0,0,1.9655555555555555,9935
16119,0,0,0,1.965679012345679,9935
16120,0,0,0,1.9658024691358025,9935
16121,0,0,0,1.9659259259259259,9935
16122,1,1,0,1.9660493827160495,9936
16123,0,0,0,1.9661728395061728,9936
16124,0,0,0,1.9662962962962962,9936
16125,0,0,0,1.9664197530864198,9936
16126,0,0,0,1.9665432098765432,9936
16127,0,0,0,1.9666666666666666,9936
16128,0,0,0,1.9667901234567902,9936
16129,0,0,0,1.9669135802469135,9936
16130,0,0,0,1.9670370370370371,9936
16131,0,0,0,1.9671604938271605,9936
16132,20,20,0,1.967283950617284,9956
16133,0,0,0,1.9674074074074075,9956
16134,0,0,0,1.9675308641975309,9956
16135,0,0,0,1.9676543209876542,9956
16136,0,0,0,1.9677777777777778,9956
16137,0,0,0,1.9679012345679012,9956
16138,0,0,0,1.9680246913580246,9956
16139,7,6,0,1.9681481481481482,9963
16140,0,0,0,1.9682716049382716,9963
16141,3,3,0,1.968395061728395,9966
16142,49,49,0,1.9685185185185186,10015
16143,0,0,0,1.968641975308642,10015
16144,111,90,0,1.9687654320987655,10126
16145,0,0,0,1.968888888888889,10126
16146,1,1,0,1.9690123456790123,10127
16147,61,61,0,1.9691358024691359,10188
16148,64,52,0,1.9692592592592593,10252
16149,0,0,0,1.9693827160493826,10252
16150,0,0,0,1.9695061728395062,10252
16151,0,0,0,1.9696296296296296,10252
16152,0,0,0,1.969753086419753,10252
16153,0,0,0,1.9698765432098766,10252
16154,19,17,2,1.969753086419753,10271
16155,0,0,0,1.9698765432098766,10271
16156,3,3,0,1.97,10274
16157,23,23,0,1.9701234567901234,10297
16158,0,0,0,1.970246913580247,10297
16159,8,8,0,1.9703703703703703,10305
16160,0,0,0,1.970493827160494,10305
16161,0,0,0,1.9706172839506173,10305
16162,0,0,0,1.9707407407407407,10305
16163,9,8,0,1.9708641975308643,10314
16164,158,158,4,1.970493827160494,10472
16165,31,31,0,1.9706172839506173,10503
16166,0,0,0,1.9707407407407407,10503
16167,0,0,0,1.9708641975308643,10503
16168,0,0,0,1.9709876543209877,10503
16169,0,0,0,1.971111111111111,10503
16170,2,2,0,1.9712345679012346,10505
16171,1,1,0,1.971358024691358,10506
16172,0,0,0,1.9714814814814814,10506
16173,0,0,0,1.971604938271605,10506
16174,0,0,0,1.9717283950617284,10506
16175,0,0,0,1.9718518518518517,10506
16176,0,0,0,1.9719753086419753,10506
16177,67,63,0,1.9720987654320987,10573
16178,1,1,0,1.9722222222222223,10574
16179,8,8,0,1.9723456790123457,10582
16180,6,6,0,1.972469135802469,10588
16181,0,0,0,1.9725925925925927,10588
16182,17,17,0,1.972716049382716,10605
16183,107,83,0,1.9728395061728394,10712
16184,15,14,0,1.972962962962963,10727
16185,0,0,0,1.9730864197530864,10727
16186,0,0,0,1.9732098765432098,10727
16187,0,0,0,1.9733333333333334,10727
16188,3,3,0,1.9734567901234568,10730
16189,0,0,0,1.9735802469135801,10730
16190,0,0,0,1.9737037037037037,10730
16191,13,13,0,1.9738271604938271,10743
16192,0,0,0,1.9739506172839507,10743
16193,1,1,1,1.9739506172839507,10744
16194,15,15,0,1.974074074074074,10759
16195,74,74,0,1.9741975308641975,10833
16196,0,0,0,1.974320987654321,10833
16197,0,0,0,1.9744444444444444,10833
16198,0,0,0,1.9745679012345678,10833
16199,5,5,0,1.9746913580246914,10838
16200,0,0,0,1.9748148148148148,10838
16201,3,3,0,1.9749382716049382,10841
16202,0,0,0,1.9750617283950618,10841
16203,0,0,0,1.9751851851851852,10841
16204,0,0,0,1.9753086419753085,10841
16205,0,0,0,1.9754320987654321,10841
16206,0,0,0,1.9755555555555555,10841
16207,0,0,0,1.975679012345679,10841
16208,0,0,0,1.9758024691358025,10841
16209,0,0,0,1.9759259259259259,10841
16210,0,0,0,1.9760493827160495,10841
16211,0,0,0,1.9761728395061728,10841
16212,21,18,0,1.9762962962962962,10862
16213,27,27,0,1.9764197530864198,10889
16214,2,2,0,1.9765432098765432,10891
16215,19,19,0,1.9766666666666666,10910
16216,1,1,0,1.9767901234567902,10911
16217,0,0,0,1.9769135802469135,10911
16218,0,0,0,1.977037037037037,10911
16219,0,0,0,1.9771604938271605,10911
16220,4,4,0,1.977283950617284,10915
16221,2,2,0,1.9774074074074075,10917
16222,0,0,0,1.9775308641975309,10917
16223,0,0,0,1.9776543209876543,10917
16224,0,0,0,1.9777777777777779,10917
16225,27,27,0,1.9779012345679012,10944
16226,0,0,0,1.9780246913580246,10944
16227,1,1,0,1.9781481481481482,10945
16228,0,0,0,1.9782716049382716,10945
16229,0,0,0,1.978395061728395,10945
16230,0,0,0,1.9785185185185186,10945
16231,15,13,0,1.978641975308642,10960
16232,2,2,0,1.9787654320987655,10962
16233,0,0,0,1.978888888888889,10962
16234,0,0,0,1.9790123456790123,10962
16235,0,0,0,1.979135802469136,10962
16236,0,0,0,1.9792592592592593,10962
16237,1,1,0,1.9793827160493827,10963
16238,2,2,2,1.9792592592592593,10965
16239,0,0,0,1.9793827160493827,10965
16240,0,0,0,1.9795061728395063,10965
16241,0,0,0,1.9796296296296296,10965
16242,0,0,0,1.979753086419753,10965
16243,1,1,0,1.9798765432098766,10966
16244,7,7,3,1.9796296296296296,10973
16245,0,0,0,1.979753086419753,10973
16246,0,0,0,1.9798765432098766,10973
16247,0,0,0,1.98,10973
16248,10,10,0,1.9801234567901234,10983
16249,1,1,0,1.980246913580247,10984
16250,0,0,0,1.9803703703703703,10984
16251,0,0,0,1.980493827160494,10984
16252,21,19,0,1.9806172839506173,11005
16253,0,0,0,1.9807407407407407,11005
16254,20,20,0,1.9808641975308643,11025
16255,0,0,0,1.9809876543209877,11025
16256,0,0,0,1.981111111111111,11025
16257,2,2,0,1.9812345679012346,11027
16258,15,13,0,1.981358024691358,11042
16259,0,0,0,1.9814814814814814,11042
16260,0,0,0,1.981604938271605,11042
16261,0,0,0,1.9817283950617284,11042
16262,0,0,0,1.9818518518518518,11042
16263,0,0,0,1.9819753086419754,11042
16264,0,0,0,1.9820987654320987,11042
16265,0,0,0,1.9822222222222223,11042
16266,0,0,0,1.9823456790123457,11042
16267,195,195,0,1.982469135802469,11237
16268,1,1,1,1.982469135802469,11238
16269,54,52,0,1.9825925925925927,11292
16270,0,0,0,1.982716049382716,11292
16271,2,2,0,1.9828395061728394,11294
16272,0,0,0,1.982962962962963,11294
16273,3,3,0,1.9830864197530864,11297
16274,0,0,0,1.9832098765432098,11297
16275,3,3,0,1.9833333333333334,11300
16276,0,0,0,1.9834567901234568,11300
16277,0,0,0,1.9835802469135801,11300
16278,0,0,0,1.9837037037037037,11300
16279,0,0,0,1.9838271604938271,11300
16280,0,0,0,1.9839506172839507,11300
16281,0,0,0,1.984074074074074,11300
16282,0,0,0,1.9841975308641975,11300
16283,119,119,0,1.984320987654321,11419
16284,0,0,0,1.9844444444444445,11419
16285,2,2,2,1.984320987654321,11421
16286,0,0,0,1.9844444444444445,11421
16287,0,0,0,1.9845679012345678,11421
16288,24,24,0,1.9846913580246914,11445
16289,29,29,0,1.9848148148148148,11474
16290,1,1,0,1.9849382716049382,11475
16291,4,4,0,1.9850617283950618,11479
16292,0,0,0,1.9851851851851852,11479
16293,0,0,0,1.9853086419753085,11479
16294,18,18,0,1.9854320987654321,11497
16295,0,0,0,1.9855555555555555,11497
16296,0,0,0,1.9856790123456791,11497
16297,0,0,0,1.9858024691358025,11497
16298,0,0,0,1.9859259259259259,11497
16299,10,10,0,1.9860493827160495,11507
16300,0,0,0,1.9861728395061728,11507
16301,0,0,0,1.9862962962962962,11507
16302,1,1,0,1.9864197530864198,11508
16303,0,0,0,1.9865432098765432,11508
16304,0,0,0,1.9866666666666666,11508
16305,3,3,0,1.9867901234567902,11511
16306,0,0,0,1.9869135802469136,11511
16307,0,0,0,1.987037037037037,11511
16308,20,20,0,1.9871604938271605,11531
16309,0,0,0,1.987283950617284,11531
16310,19,17,0,1.9874074074074075,11550
16311,0,0,0,1.9875308641975309,11550
16312,14,14,0,1.9876543209876543,11564
16313,1,1,0,1.9877777777777779,11565
16314,0,0,0,1.9879012345679012,11565
16315,73,73,0,1.9880246913580246,11638
16316,0,0,0,1.9881481481481482,11638
16317,0,0,0,1.9882716049382716,11638
16318,0,0,0,1.988395061728395,11638
16319,0,0,0,1.9885185185185186,11638
16320,0,0,0,1.988641975308642,11638
16321,0,0,0,1.9887654320987653,11638
16322,0,0,0,1.988888888888889,11638
16323,0,0,0,1.9890123456790123,11638
16324,126,122,0,1.989135802469136,11764
16325,0,0,0,1.9892592592592593,11764
16326,0,0,0,1.9893827160493827,11764
16327,27,27,0,1.9895061728395063,11791
16328,0,0,0,1.9896296296296296,11791
16329,0,0,0,1.989753086419753,11791
16330,11,11,0,1.9898765432098766,11802
16331,11,11,0,1.99,11813
16332,0,0,0,1.9901234567901234,11813
16333,130,130,0,1.990246913580247,11943
16334,0,0,0,1.9903703703703703,11943
16335,1,1,0,1.9904938271604937,11944
16336,3,3,0,1.9906172839506173,11947
16337,13,13,0,1.9907407407407407,11960
16338,4,4,0,1.9908641975308643,11964
16339,0,0,0,1.9909876543209877,11964
16340,0,0,0,1.991111111111111,11964
16341,0,0,0,1.9912345679012347,11964
16342,0,0,0,1.991358024691358,11964
16343,0,0,0,1.9914814814814814,11964
16344,0,0,0,1.991604938271605,11964
16345,2,2,0,1.9917283950617284,11966
16346,0,0,0,1.9918518518518518,11966
16347,1,1,1,1.9918518518518518,11967
16348,7,7,0,1.9919753086419754,11974
16349,11,11,0,1.9920987654320987,11985
16350,1,1,0,1.9922222222222221,11986
16351,0,0,0,1.9923456790123457,11986
16352,4,4,0,1.992469135802469,11990
16353,4,4,0,1.9925925925925927,11994
16354,38,35,0,1.992716049382716,12032
16355,0,0,0,1.9928395061728394,12032
16356,0,0,0,1.992962962962963,12032
16357,62,62,0,1.9930864197530864,12094
16358,0,0,0,1.9932098765432098,12094
16359,0,0,0,1.9933333333333334,12094
16360,0,0,0,1.9934567901234568,12094
16361,1,1,0,1.9935802469135802,12095
16362,0,0,0,1.9937037037037038,12095
16363,0,0,0,1.9938271604938271,12095
16364,1,1,0,1.9939506172839505,12096
16365,0,0,0,1.994074074074074,12096
16366,8,8,0,1.9941975308641975,12104
16367,0,0,0,1.994320987654321,12104
16368,75,60,0,1.9944444444444445,12179
16369,0,0,0,1.9945679012345678,12179
16370,0,0,0,1.9946913580246914,12179
16371,0,0,0,1.9948148148148148,12179
16372,0,0,0,1.9949382716049382,12179
16373,10,10,0,1.9950617283950618,12189
16374,199,198,0,1.9951851851851852,12388
16375,0,0,0,1.9953086419753086,12388
16376,0,0,0,1.9954320987654321,12388
16377,0,0,0,1.9955555555555555,12388
16378,0,0,0,1.995679012345679,12388
16379,0,0,0,1.9958024691358025,12388
16380,0,0,0,1.9959259259259259,12388
16381,26,26,0,1.9960493827160495,12414
16382,0,0,0,1.9961728395061729,12414
16383,0,0,0,1.9962962962962962,12414
16384,302,302,0,1.9964197530864198,12716
16385,0,0,0,1.9965432098765432,12716
16386,5,5,2,1.9964197530864198,12721
16387,0,0,0,1.9965432098765432,12721
16388,0,0,0,1.9966666666666666,12721
16389,3,3,0,1.9967901234567902,12724
16390,285,221,0,1.9969135802469136,13009
16391,0,0,0,1.997037037037037,13009
16392,0,0,0,1.9971604938271605,13009
16393,0,0,0,1.997283950617284,13009
16394,0,0,0,1.9974074074074073,13009
16395,0,0,0,1.997530864197531,13009
16396,1,1,0,1.9976543209876543,13010
16397,0,0,0,1.9977777777777779,13010
16398,40,40,3,1.997530864197531,13050
16399,0,0,0,1.9976543209876543,13050
16400,0,0,0,1.9977777777777779,13050
16401,1,1,0,1.9979012345679013,13051
16402,0,0,0,1.9980246913580246,13051
16403,3,3,0,1.9981481481481482,13054
16404,0,0,0,1.9982716049382716,13054
16405,0,0,0,1.998395061728395,13054
16406,0,0,0,1.9985185185185186,13054
16407,19,19,0,1.998641975308642,13073
16408,0,0,0,1.9987654320987653,13073
16409,2,2,0,1.998888888888889,13075
16410,2,2,0,1.9990123456790123,13077
16411,0,0,0,1.9991358024691357,13077
16412,0,0,0,1.9992592592592593,13077
16413,5,5,0,1.9993827160493827,13082
16414,0,0,0,1.9995061728395063,13082
16415,2,2,0,1.9996296296296296,13084
16416,0,0,0,1.999753086419753,13084
16417,1,1,1,1.999753086419753,13085
16418,0,0,0,1.9998765432098766,13085
16419,25,25,0,2.0,13110
16420,0,0,0,2.0001234567901234,13110
16421,0,0,0,2.0002469135802468,13110
16422,0,0,0,2.0003703703703706,13110
16423,0,0,0,2.000493827160494,13110
16424,0,0,0,2.0006172839506173,13110
16425,0,0,0,2.0007407407407407,13110
16426,0,0,0,2.000864197530864,13110
16427,0,0,0,2.0009876543209875,13110
16428,0,0,0,2.0011111111111113,13110
16429,0,0,0,2.0012345679012347,13110
16430,50,50,0,2.001358024691358,13160
16431,0,0,0,2.0014814814814814,13160
16432,0,0,0,2.001604938271605,13160
16433,0,0,0,2.0017283950617286,13160
16434,1,1,0,2.001851851851852,13161
16435,405,351,4,2.0014814814814814,13566
16436,0,0,0,2.001604938271605,13566
16437,1,1,0,2.0017283950617286,13567
16438,0,0,0,2.001851851851852,13567
16439,0,0,0,2.0019753086419754,13567
16440,0,0,0,2.0020987654320987,13567
16441,0,0,0,2.002222222222222,13567
16442,0,0,0,2.0023456790123455,13567
16443,0,0,0,2.0024691358024693,13567
16444,1,1,0,2.0025925925925927,13568
16445,38,38,0,2.002716049382716,13606
16446,85,69,0,2.0028395061728395,13691
16447,0,0,0,2.002962962962963,13691
16448,0,0,0,2.003086419753086,13691
16449,0,0,0,2.00320987654321,13691
16450,27,27,0,2.0033333333333334,13718
16451,0,0,0,2.003456790123457,13718
16452,0,0,0,2.00358024691358,13718
16453,74,74,7,2.0028395061728395,13792
16454,0,0,0,2.002962962962963,13792
16455,2,2,0,2.003086419753086,13794
16456,0,0,0,2.00320987654321,13794
16457,0,0,0,2.0033333333333334,13794
16458,0,0,0,2.003456790123457,13794
16459,3,3,0,2.00358024691358,13797
16460,0,0,0,2.0037037037037035,13797
16461,0,0,0,2.0038271604938274,13797
16462,0,0,0,2.0039506172839507,13797
16463,0,0,0,2.004074074074074,13797
16464,0,0,0,2.0041975308641975,13797
16465,0,0,0,2.004320987654321,13797
16466,0,0,0,2.0044444444444443,13797
16467,0,0,0,2.004567901234568,13797
16468,1,1,0,2.0046913580246914,13798
16469,0,0,0,2.004814814814815,13798
16470,0,0,0,2.004938271604938,13798
16471,3,3,0,2.0050617283950616,13801
16472,0,0,0,2.0051851851851854,13801
16473,264,264,0,2.005308641975309,14065
16474,4,4,0,2.005432098765432,14069
16475,0,0,0,2.0055555555555555,14069
16476,0,0,0,2.005679012345679,14069
16477,210,136,0,2.0058024691358023,14279
16478,0,0,0,2.005925925925926,14279
16479,0,0,0,2.0060493827160495,14279
16480,47,47,10,2.004938271604938,14326
16481,0,0,0,2.0050617283950616,14326
16482,2,2,0,2.0051851851851854,14328
16483,0,0,0,2.005308641975309,14328
16484,0,0,0,2.005432098765432,14328
16485,0,0,0,2.0055555555555555,14328
16486,0,0,0,2.005679012345679,14328
16487,2,2,0,2.0058024691358023,14330
16488,0,0,0,2.005925925925926,14330
16489,11,11,0,2.0060493827160495,14341
16490,0,0,0,2.006172839506173,14341
16491,83,83,0,2.0062962962962962,14424
16492,0,0,0,2.0064197530864196,14424
16493,2,2,1,2.0064197530864196,14426
16494,0,0,0,2.006543209876543,14426
16495,3,3,0,2.006666666666667,14429
16496,2,2,0,2.00679012345679,14431
16497,0,0,0,2.0069135802469136,14431
16498,0,0,0,2.007037037037037,14431
16499,0,0,0,2.0071604938271603,14431
16500,0,0,0,2.007283950617284,14431
16501,3,3,0,2.0074074074074075,14434
16502,0,0,0,2.007530864197531,14434
16503,0,0,0,2.0076543209876543,14434
16504,2,2,1,2.0076543209876543,14436
16505,0,0,0,2.0077777777777777,14436
16506,2,2,0,2.007901234567901,14438
16507,4,4,4,2.007530864197531,14442
16508,0,0,0,2.0076543209876543,14442
16509,8,8,0,2.0077777777777777,14450
16510,1,1,0,2.007901234567901,14451
16511,0,0,0,2.008024691358025,14451
16512,0,0,0,2.0081481481481482,14451
16513,0,0,0,2.0082716049382716,14451
16514,9,9,0,2.008395061728395,14460
16515,0,0,0,2.0085185185185184,14460
16516,0,0,0,2.008641975308642,14460
16517,34,34,0,2.0087654320987656,14494
16518,51,51,0,2.008888888888889,14545
16519,0,0,0,2.0090123456790123,14545
16520,0,0,0,2.0091358024691357,14545
16521,0,0,0,2.009259259259259,14545
16522,0,0,0,2.009382716049383,14545
16523,1,1,0,2.0095061728395063,14546
16524,1,1,0,2.0096296296296297,14547
16525,0,0,0,2.009753086419753,14547
16526,6,6,0,2.0098765432098764,14553
16527,0,0,0,2.01,14553
16528,0,0,0,2.0101234567901236,14553
16529,0,0,0,2.010246913580247,14553
16530,9,9,0,2.0103703703703704,14562
16531,326,326,0,2.0104938271604937,14888
16532,0,0,0,2.010617283950617,14888
16533,13,13,0,2.010740740740741,14901
16534,1,1,0,2.0108641975308643,14902
16535,0,0,0,2.0109876543209877,14902
16536,10,10,0,2.011111111111111,14912
16537,0,0,0,2.0112345679012344,14912
16538,0,0,0,2.011358024691358,14912
16539,0,0,0,2.0114814814814816,14912
16540,3,3,0,2.011604938271605,14915
16541,7,7,0,2.0117283950617284,14922
16542,1,1,0,2.011851851851852,14923
16543,7,7,0,2.011975308641975,14930
16544,0,0,0,2.012098765432099,14930
16545,83,80,0,2.0122222222222224,15013
16546,0,0,0,2.0123456790123457,15013
16547,0,0,0,2.012469135802469,15013
16548,43,43,0,2.0125925925925925,15056
16549,0,0,0,2.012716049382716,15056
16550,0,0,0,2.0128395061728397,15056
16551,9,9,0,2.012962962962963,15065
16552,43,43,0,2.0130864197530864,15108
16553,0,0,0,2.01320987654321,15108
16554,0,0,0,2.013333333333333,15108
16555,0,0,0,2.0134567901234566,15108
16556,34,34,0,2.0135802469135804,15142
16557,0,0,0,2.0137037037037038,15142
16558,0,0,0,2.013827160493827,15142
16559,2,2,0,2.0139506172839505,15144
16560,0,0,0,2.014074074074074,15144
16561,0,0,0,2.0141975308641977,15144
16562,1,1,0,2.014320987654321,15145
16563,17,17,0,2.0144444444444445,15162
16564,0,0,0,2.014567901234568,15162
16565,0,0,0,2.0146913580246912,15162
16566,0,0,0,2.0148148148148146,15162
16567,0,0,0,2.0149382716049384,15162
16568,0,0,0,2.015061728395062,15162
16569,0,0,0,2.015185185185185,15162
16570,28,28,4,2.0148148148148146,15190
16571,84,79,0,2.0149382716049384,15274
16572,4,4,0,2.015061728395062,15278
16573,0,0,0,2.015185185185185,15278
16574,0,0,0,2.0153086419753086,15278
16575,1,1,0,2.015432098765432,15279
16576,1,1,0,2.0155555555555558,15280
16577,0,0,0,2.015679012345679,15280
16578,0,0,0,2.0158024691358025,15280
16579,0,0,0,2.015925925925926,15280
16580,1,1,0,2.0160493827160493,15281
16581,0,0,0,2.0161728395061727,15281
16582,0,0,0,2.0162962962962965,15281
16583,27,27,4,2.015925925925926,15308
16584,10,9,0,2.0160493827160493,15318
16585,0,0,0,2.0161728395061727,15318
16586,43,43,0,2.0162962962962965,15361
16587,0,0,0,2.01641975308642,15361
16588,1,1,0,2.0165432098765432,15362
16589,0,0,0,2.0166666666666666,15362
16590,0,0,0,2.01679012345679,15362
16591,24,22,0,2.0169135802469134,15386
16592,0,0,0,2.017037037037037,15386
16593,25,25,0,2.0171604938271606,15411
16594,0,0,0,2.017283950617284,15411
16595,0,0,0,2.0174074074074073,15411
16596,0,0,0,2.0175308641975307,15411
16597,0,0,0,2.0176543209876545,15411
16598,1,1,0,2.017777777777778,15412
16599,0,0,0,2.0179012345679013,15412
16600,32,32,0,2.0180246913580246,15444
16601,1,1,1,2.0180246913580246,15445
16602,0,0,0,2.018148148148148,15445
16603,0,0,0,2.0182716049382714,15445
16604,0,0,0,2.0183950617283952,15445
16605,7,7,0,2.0185185185185186,15452
16606,2,2,0,2.018641975308642,15454
16607,0,0,0,2.0187654320987654,15454
16608,0,0,0,2.0188888888888887,15454
16609,640,358,4,2.0185185185185186,16094
16610,30,30,0,2.018641975308642,16124
16611,1,1,0,2.0187654320987654,16125
16612,0,0,0,2.0188888888888887,16125
16613,0,0,0,2.0190123456790126,16125
16614,0,0,0,2.019135802469136,16125
16615,59,49,0,2.0192592592592593,16184
16616,0,0,0,2.0193827160493827,16184
16617,0,0,0,2.019506172839506,16184
16618,0,0,0,2.0196296296296294,16184
16619,0,0,0,2.0197530864197533,16184
16620,71,57,0,2.0198765432098766,16255
16621,0,0,0,2.02,16255
16622,0,0,0,2.0201234567901234,16255
16623,5,5,0,2.0202469135802468,16260
16624,0,0,0,2.02037037037037,16260
16625,2,2,0,2.020493827160494,16262
16626,0,0,0,2.0206172839506173,16262
16627,0,0,0,2.0207407407407407,16262
16628,0,0,0,2.020864197530864,16262
16629,0,0,0,2.0209876543209875,16262
16630,0,0,0,2.0211111111111113,16262
16631,0,0,0,2.0212345679012347,16262
16632,0,0,0,2.021358024691358,16262
16633,0,0,0,2.0214814814814814,16262
16634,405,368,0,2.021604938271605,16667
16635,4,4,0,2.021728395061728,16671
16636,0,0,0,2.021851851851852,16671
16637,0,0,0,2.0219753086419754,16671
16638,33,33,0,2.0220987654320988,16704
16639,1,1,0,2.022222222222222,16705
16640,0,0,0,2.0223456790123455,16705
16641,2,2,0,2.0224691358024693,16707
16642,19,18,0,2.0225925925925927,16726
16643,0,0,0,2.022716049382716,16726
16644,0,0,0,2.0228395061728395,16726
16645,0,0,0,2.022962962962963,16726
16646,0,0,0,2.0230864197530862,16726
16647,0,0,0,2.02320987654321,16726
16648,0,0,0,2.0233333333333334,16726
16649,35,35,0,2.023456790123457,16761
16650,0,0,0,2.02358024691358,16761
16651,23,23,0,2.0237037037037036,16784
16652,7,7,0,2.0238271604938274,16791
16653,44,44,0,2.0239506172839508,16835
16654,0,0,0,2.024074074074074,16835
16655,0,0,0,2.0241975308641975,16835
16656,12,11,0,2.024320987654321,16847
16657,5,5,0,2.0244444444444443,16852
16658,12,12,0,2.024567901234568,16864
16659,2,2,1,2.024567901234568,16866
16660,0,0,0,2.0246913580246915,16866
16661,0,0,0,2.024814814814815,16866
16662,0,0,0,2.0249382716049382,16866
16663,0,0,0,2.0250617283950616,16866
16664,2,2,0,2.025185185185185,16868
16665,0,0,0,2.025308641975309,16868
16666,0,0,0,2.025432098765432,16868
16667,0,0,0,2.0255555555555556,16868
16668,0,0,0,2.025679012345679,16868
16669,447,447,0,2.0258024691358023,17315
16670,0,0,0,2.025925925925926,17315
16671,6,6,0,2.0260493827160495,17321
16672,7,7,0,2.026172839506173,17328
16673,1,1,0,2.0262962962962963,17329
16674,0,0,0,2.0264197530864196,17329
16675,0,0,0,2.026543209876543,17329
16676,22,22,0,2.026666666666667,17351
16677,6,6,0,2.02679012345679,17357
16678,1,1,0,2.0269135802469136,17358
16679,0,0,0,2.027037037037037,17358
16680,17,16,0,2.0271604938271603,17375
16681,0,0,0,2.027283950617284,17375
16682,2,2,0,2.0274074074074075,17377
16683,74,74,0,2.027530864197531,17451
16684,0,0,0,2.0276543209876543,17451
16685,0,0,0,2.0277777777777777,17451
16686,0,0,0,2.027901234567901,17451
16687,0,0,0,2.028024691358025,17451
16688,1,1,0,2.0281481481481483,17452
16689,0,0,0,2.0282716049382716,17452
16690,0,0,0,2.028395061728395,17452
16691,0,0,0,2.0285185185185184,17452
16692,0,0,0,2.0286419753086418,17452
16693,45,45,0,2.0287654320987656,17497
16694,0,0,0,2.028888888888889,17497
16695,3,3,0,2.0290123456790123,17500
16696,7,7,0,2.0291358024691357,17507
16697,0,0,0,2.029259259259259,17507
16698,0,0,0,2.029382716049383,17507
16699,2,2,0,2.0295061728395063,17509
16700,26,26,0,2.0296296296296297,17535
16701,0,0,0,2.029753086419753,17535
16702,0,0,0,2.0298765432098764,17535
16703,0,0,0,2.03,17535
16704,9,9,0,2.0301234567901236,17544
16705,0,0,0,2.030246913580247,17544
16706,0,0,0,2.0303703703703704,17544
16707,0,0,0,2.0304938271604938,17544
16708,0,0,0,2.030617283950617,17544
16709,0,0,0,2.030740740740741,17544
16710,0,0,0,2.0308641975308643,17544
16711,0,0,0,2.0309876543209877,17544
16712,0,0,0,2.031111111111111,17544
16713,0,0,0,2.0312345679012345,17544
16714,2,2,0,2.031358024691358,17546
16715,2,2,0,2.0314814814814817,17548
16716,0,0,0,2.031604938271605,17548
16717,0,0,0,2.0317283950617284,17548
16718,0,0,0,2.031851851851852,17548
16719,1,1,0,2.031975308641975,17549
16720,0,0,0,2.0320987654320986,17549
16721,0,0,0,2.0322222222222224,17549
16722,86,86,0,2.0323456790123458,17635
16723,0,0,0,2.032469135802469,17635
16724,0,0,0,2.0325925925925925,17635
16725,0,0,0,2.032716049382716,17635
16726,80,80,0,2.0328395061728397,17715
16727,1,1,0,2.032962962962963,17716
16728,0,0,0,2.0330864197530865,17716
16729,0,0,0,2.03320987654321,17716
16730,5,5,0,2.033333333333333,17721
16731,0,0,0,2.0334567901234566,17721
16732,0,0,0,2.0335802469135804,17721
16733,0,0,0,2.033703703703704,17721
16734,859,402,0,2.033827160493827,18580
16735,0,0,0,2.0339506172839505,18580
16736,0,0,0,2.034074074074074,18580
16737,0,0,0,2.0341975308641977,18580
16738,0,0,0,2.034320987654321,18580
16739,1,1,0,2.0344444444444445,18581
16740,0,0,0,2.034567901234568,18581
16741,24,24,0,2.0346913580246913,18605
16742,0,0,0,2.0348148148148146,18605
16743,29,24,0,2.0349382716049385,18634
16744,0,0,0,2.035061728395062,18634
16745,1,1,0,2.035185185185185,18635
16746,14,14,0,2.0353086419753086,18649
16747,0,0,0,2.035432098765432,18649
16748,1,1,0,2.0355555555555553,18650
16749,0,0,0,2.035679012345679,18650
16750,0,0,0,2.0358024691358025,18650
16751,2,2,0,2.035925925925926,18652
16752,1,1,0,2.0360493827160493,18653
16753,45,45,0,2.0361728395061727,18698
16754,165,136,0,2.0362962962962965,18863
16755,0,0,0,2.03641975308642,18863
16756,3,3,0,2.0365432098765432,18866
16757,0,0,0,2.0366666666666666,18866
16758,0,0,0,2.03679012345679,18866
16759,0,0,0,2.0369135802469134,18866
16760,152,152,6,2.0362962962962965,19018
16761,0,0,0,2.03641975308642,19018
16762,0,0,0,2.0365432098765432,19018
16763,0,0,0,2.0366666666666666,19018
16764,0,0,0,2.03679012345679,19018
16765,0,0,0,2.0369135802469134,19018
16766,0,0,0,2.037037037037037,19018
16767,2,2,0,2.0371604938271606,19020
16768,0,0,0,2.037283950617284,19020
16769,0,0,0,2.0374074074074073,19020
16770,0,0,0,2.0375308641975307,19020
16771,0,0,0,2.0376543209876545,19020
16772,0,0,0,2.037777777777778,19020
16773,0,0,0,2.0379012345679013,19020
16774,0,0,0,2.0380246913580247,19020
16775,364,327,0,2.038148148148148,19384
16776,52,52,0,2.0382716049382714,19436
16777,0,0,0,2.0383950617283952,19436
16778,0,0,0,2.0385185185185186,19436
16779,0,0,0,2.038641975308642,19436
16780,1,1,0,2.0387654320987654,19437
16781,0,0,0,2.0388888888888888,19437
16782,0,0,0,2.039012345679012,19437
16783,0,0,0,2.039135802469136,19437
16784,386,337,0,2.0392592592592593,19823
16785,5,5,0,2.0393827160493827,19828
16786,0,0,0,2.039506172839506,19828
16787,1,1,0,2.0396296296296295,19829
16788,2,2,0,2.0397530864197533,19831
16789,0,0,0,2.0398765432098767,19831
16790,0,0,0,2.04,19831
16791,9,9,0,2.0401234567901234,19840
16792,0,0,0,2.040246913580247,19840
16793,2,2,0,2.04037037037037,19842
16794,0,0,0,2.040493827160494,19842
16795,1,1,0,2.0406172839506174,19843
16796,120,117,0,2.0407407407407407,19963
16797,7,7,0,2.040864197530864,19970
16798,1305,976,0,2.0409876543209875,21275
16799,45,45,0,2.0411111111111113,21320
16800,0,0,0,2.0412345679012347,21320
16801,27,27,0,2.041358024691358,21347
16802,0,0,0,2.0414814814814815,21347
16803,10,10,0,2.041604938271605,21357
16804,73,66,0,2.041728395061728,21430
16805,0,0,0,2.041851851851852,21430
16806,0,0,0,2.0419753086419754,21430
16807,0,0,0,2.042098765432099,21430
16808,0,0,0,2.042222222222222,21430
16809,0,0,0,2.0423456790123455,21430
16810,1,1,0,2.042469135802469,21431
16811,0,0,0,2.0425925925925927,21431
16812,0,0,0,2.042716049382716,21431
16813,2,2,0,2.0428395061728395,21433
16814,0,0,0,2.042962962962963,21433
16815,6,6,1,2.042962962962963,21439
16816,35,30,3,2.042716049382716,21474
16817,0,0,0,2.0428395061728395,21474
16818,1894,1045,8,2.0419753086419754,23368
16819,0,0,0,2.042098765432099,23368
16820,0,0,0,2.042222222222222,23368
16821,23,23,0,2.0423456790123455,23391
16822,0,0,0,2.042469135802469,23391
16823,0,0,0,2.0425925925925927,23391
16824,0,0,0,2.042716049382716,23391
16825,0,0,0,2.0428395061728395,23391
16826,0,0,0,2.042962962962963,23391
16827,0,0,0,2.0430864197530862,23391
16828,436,373,2,2.042962962962963,23827
16829,5,5,0,2.0430864197530862,23832
16830,0,0,0,2.04320987654321,23832
16831,0,0,0,2.0433333333333334,23832
16832,0,0,0,2.043456790123457,23832
16833,203,185,0,2.04358024691358,24035
16834,1,1,1,2.04358024691358,24036
16835,0,0,0,2.0437037037037036,24036
16836,0,0,0,2.043827160493827,24036
16837,9,9,0,2.0439506172839508,24045
16838,0,0,0,2.044074074074074,24045
16839,4,4,0,2.0441975308641975,24049
16840,0,0,0,2.044320987654321,24049
16841,5,5,0,2.0444444444444443,24054
16842,86,62,0,2.044567901234568,24140
16843,41,41,0,2.0446913580246915,24181
16844,0,0,0,2.044814814814815,24181
16845,1,1,0,2.0449382716049382,24182
16846,0,0,0,2.0450617283950616,24182
16847,0,0,0,2.045185185185185,24182
16848,0,0,0,2.045308641975309,24182
16849,16,16,0,2.045432098765432,24198
16850,0,0,0,2.0455555555555556,24198
16851,0,0,0,2.045679012345679,24198
16852,6,6,0,2.0458024691358023,24204
16853,12,12,0,2.045925925925926,24216
16854,0,0,0,2.0460493827160495,24216
16855,0,0,0,2.046172839506173,24216
16856,192,192,0,2.0462962962962963,24408
16857,0,0,0,2.0464197530864197,24408
16858,0,0,0,2.046543209876543,24408
16859,0,0,0,2.046666666666667,24408
16860,0,0,0,2.0467901234567902,24408
16861,33,27,0,2.0469135802469136,24441
16862,0,0,0,2.047037037037037,24441
16863,0,0,0,2.0471604938271604,24441
16864,0,0,0,2.0472839506172837,24441
16865,0,0,0,2.0474074074074076,24441
16866,0,0,0,2.047530864197531,24441
16867,0,0,0,2.0476543209876543,24441
16868,0,0,0,2.0477777777777777,24441
16869,2,2,0,2.047901234567901,24443
16870,0,0,0,2.048024691358025,24443
16871,0,0,0,2.0481481481481483,24443
16872,2,2,0,2.0482716049382717,24445
16873,0,0,0,2.048395061728395,24445
16874,0,0,0,2.0485185185185184,24445
16875,0,0,0,2.048641975308642,24445
16876,0,0,0,2.0487654320987656,24445
16877,0,0,0,2.048888888888889,24445
16878,2,2,0,2.0490123456790124,24447
16879,0,0,0,2.0491358024691357,24447
16880,4,4,0,2.049259259259259,24451
16881,1,1,2,2.0491358024691357,24452
16882,0,0,0,2.049259259259259,24452
16883,0,0,0,2.049382716049383,24452
16884,0,0,0,2.0495061728395063,24452
16885,33,33,0,2.0496296296296297,24485
16886,0,0,0,2.049753086419753,24485
16887,0,0,0,2.0498765432098764,24485
16888,0,0,0,2.05,24485
16889,204,166,0,2.0501234567901236,24689
16890,31,30,0,2.050246913580247,24720
16891,0,0,0,2.0503703703703704,24720
16892,0,0,0,2.0504938271604938,24720
16893,4,4,2,2.0503703703703704,24724
16894,3,3,0,2.0504938271604938,24727
16895,1,1,0,2.050617283950617,24728
16896,0,0,0,2.0507407407407405,24728
16897,0,0,0,2.0508641975308644,24728
16898,0,0,0,2.0509876543209877,24728
16899,11,11,0,2.051111111111111,24739
16900,1,1,0,2.0512345679012345,24740
16901,301,181,3,2.0509876543209877,25041
16902,0,0,0,2.051111111111111,25041
16903,0,0,0,2.0512345679012345,25041
16904,0,0,0,2.051358024691358,25041
16905,0,0,0,2.0514814814814817,25041
16906,15,15,0,2.051604938271605,25056
16907,0,0,0,2.0517283950617284,25056
16908,0,0,0,2.051851851851852,25056
16909,3,3,0,2.051975308641975,25059
16910,519,515,3,2.0517283950617284,25578
16911,9,9,0,2.051851851851852,25587
16912,5,5,1,2.051851851851852,25592
16913,16,16,0,2.051975308641975,25608
16914,2,2,0,2.0520987654320986,25610
16915,0,0,0,2.0522222222222224,25610
16916,0,0,0,2.0523456790123458,25610
16917,0,0,0,2.052469135802469,25610
16918,0,0,0,2.0525925925925925,25610
16919,0,0,0,2.052716049382716,25610
16920,32,30,0,2.0528395061728397,25642
16921,16,16,0,2.052962962962963,25658
16922,0,0,0,2.0530864197530865,25658
16923,1,1,1,2.0530864197530865,25659
16924,59,51,7,2.0523456790123458,25718
16925,2,2,0,2.052469135802469,25720
16926,0,0,0,2.0525925925925925,25720
16927,3,3,0,2.052716049382716,25723
16928,0,0,0,2.0528395061728397,25723
16929,529,391,5,2.0523456790123458,26252
16930,3,3,0,2.052469135802469,26255
16931,7,7,0,2.0525925925925925,26262
16932,0,0,0,2.052716049382716,26262
16933,4,4,0,2.0528395061728397,26266
16934,46,46,0,2.052962962962963,26312
16935,2024,976,0,2.0530864197530865,28336
16936,5,5,0,2.05320987654321,28341
16937,0,0,0,2.0533333333333332,28341
16938,107,106,0,2.0534567901234566,28448
16939,0,0,0,2.0535802469135804,28448
16940,1,1,0,2.053703703703704,28449
16941,0,0,0,2.053827160493827,28449
16942,0,0,0,2.0539506172839506,28449
16943,0,0,0,2.054074074074074,28449
16944,0,0,0,2.0541975308641973,28449
16945,0,0,0,2.054320987654321,28449
16946,5,5,4,2.0539506172839506,28454
16947,0,0,0,2.054074074074074,28454
16948,0,0,0,2.0541975308641973,28454
16949,0,0,0,2.054320987654321,28454
16950,42,42,0,2.0544444444444445,28496
16951,0,0,0,2.054567901234568,28496
16952,0,0,0,2.0546913580246913,28496
16953,40,37,0,2.0548148148148146,28536
16954,15,15,0,2.0549382716049385,28551
16955,0,0,0,2.055061728395062,28551
16956,0,0,0,2.0551851851851852,28551
16957,0,0,0,2.0553086419753086,28551
16958,2,2,0,2.055432098765432,28553
16959,0,0,0,2.0555555555555554,28553
16960,0,0,0,2.055679012345679,28553
16961,0,0,0,2.0558024691358026,28553
16962,173,136,0,2.055925925925926,28726
16963,1,1,0,2.0560493827160493,28727
16964,0,0,0,2.0561728395061727,28727
16965,1,1,0,2.0562962962962965,28728
16966,375,253,8,2.055432098765432,29103
16967,0,0,0,2.0555555555555554,29103
16968,25,25,0,2.055679012345679,29128
16969,0,0,0,2.0558024691358026,29128
16970,27,25,0,2.055925925925926,29155
16971,0,0,0,2.0560493827160493,29155
16972,16,16,3,2.0558024691358026,29171
16973,10,10,0,2.055925925925926,29181
16974,15,15,0,2.0560493827160493,29196
16975,0,0,0,2.0561728395061727,29196
16976,0,0,0,2.0562962962962965,29196
16977,0,0,0,2.05641975308642,29196
16978,10,10,0,2.0565432098765433,29206
16979,0,0,0,2.0566666666666666,29206
16980,55,44,0,2.05679012345679,29261
16981,2,2,0,2.0569135802469134,29263
16982,0,0,0,2.057037037037037,29263
16983,0,0,0,2.0571604938271606,29263
16984,0,0,0,2.057283950617284,29263
16985,0,0,0,2.0574074074074074,29263
16986,4,4,0,2.0575308641975307,29267
16987,0,0,0,2.057654320987654,29267
16988,52,52,0,2.057777777777778,29319
16989,0,0,0,2.0579012345679013,29319
16990,5,5,0,2.0580246913580247,29324
16991,1,1,0,2.058148148148148,29325
16992,0,0,0,2.0582716049382714,29325
16993,457,348,0,2.0583950617283953,29782
16994,0,0,0,2.0585185185185186,29782
16995,0,0,0,2.058641975308642,29782
16996,0,0,0,2.0587654320987654,29782
16997,4,4,0,2.0588888888888888,29786
16998,0,0,0,2.059012345679012,29786
16999,4,4,0,2.059135802469136,29790
17000,10,10,0,2.0592592592592593,29800
17001,20,20,1,2.0592592592592593,29820
17002,0,0,0,2.0593827160493827,29820
17003,0,0,0,2.059506172839506,29820
17004,0,0,0,2.0596296296296295,29820
17005,0,0,0,2.0597530864197533,29820
17006,105,105,0,2.0598765432098767,29925
17007,7,7,0,2.06,29932
17008,0,0,0,2.0601234567901234,29932
17009,0,0,0,2.060246913580247,29932
17010,103,103,0,2.06037037037037,30035
17011,0,0,0,2.060493827160494,30035
17012,0,0,0,2.0606172839506174,30035
17013,1,1,0,2.0607407407407408,30036
17014,0,0,0,2.060864197530864,30036
17015,0,0,0,2.0609876543209875,30036
17016,0,0,0,2.061111111111111,30036
17017,0,0,0,2.0612345679012347,30036
17018,1,1,0,2.061358024691358,30037
17019,3,3,0,2.0614814814814815,30040
17020,0,0,0,2.061604938271605,30040
17021,0,0,0,2.0617283950617282,30040
17022,4,4,0,2.061851851851852,30044
17023,0,0,0,2.0619753086419754,30044
17024,859,643,0,2.062098765432099,30903
17025,12,12,2,2.0619753086419754,30915
17026,13,13,0,2.062098765432099,30928
17027,0,0,0,2.062222222222222,30928
17028,0,0,0,2.0623456790123456,30928
17029,22,22,0,2.062469135802469,30950
17030,14,14,0,2.0625925925925928,30964
17031,17,17,0,2.062716049382716,30981
17032,213,146,5,2.062222222222222,31194
17033,0,0,0,2.0623456790123456,31194
17034,0,0,0,2.062469135802469,31194
17035,0,0,0,2.0625925925925928,31194
17036,7,7,0,2.062716049382716,31201
17037,73,64,0,2.0628395061728395,31274
17038,0,0,0,2.062962962962963,31274
17039,0,0,0,2.0630864197530863,31274
17040,35,34,0,2.06320987654321,31309
17041,0,0,0,2.0633333333333335,31309
17042,1040,578,0,2.063456790123457,32349
17043,0,0,0,2.06358024691358,32349
17044,25,25,0,2.0637037037037036,32374
17045,0,0,0,2.063827160493827,32374
17046,0,0,0,2.063950617283951,32374
17047,0,0,0,2.064074074074074,32374
17048,0,0,0,2.0641975308641975,32374
17049,5,5,0,2.064320987654321,32379
17050,0,0,0,2.0644444444444443,32379
17051,3,3,0,2.0645679012345677,32382
17052,0,0,0,2.0646913580246915,32382
17053,0,0,0,2.064814814814815,32382
17054,19,19,4,2.0644444444444443,32401
17055,1,1,0,2.0645679012345677,32402
17056,9,9,0,2.0646913580246915,32411
17057,0,0,0,2.064814814814815,32411
17058,38,38,0,2.0649382716049383,32449
17059,3,3,0,2.0650617283950616,32452
17060,0,0,0,2.065185185185185,32452
17061,155,141,4,2.064814814814815,32607
17062,0,0,0,2.0649382716049383,32607
17063,522,329,0,2.0650617283950616,33129
17064,308,308,0,2.065185185185185,33437
17065,0,0,0,2.065308641975309,33437
17066,0,0,0,2.065432098765432,33437
17067,0,0,0,2.0655555555555556,33437
17068,0,0,0,2.065679012345679,33437
17069,16,16,3,2.065432098765432,33453
17070,0,0,0,2.0655555555555556,33453
17071,0,0,0,2.065679012345679,33453
17072,0,0,0,2.0658024691358023,33453
17073,2,2,0,2.0659259259259257,33455
17074,0,0,0,2.0660493827160495,33455
17075,1,1,0,2.066172839506173,33456
17076,44,44,0,2.0662962962962963,33500
17077,0,0,0,2.0664197530864197,33500
17078,0,0,0,2.066543209876543,33500
17079,0,0,0,2.066666666666667,33500
17080,0,0,0,2.0667901234567903,33500
17081,0,0,0,2.0669135802469136,33500
17082,0,0,0,2.067037037037037,33500
17083,20,20,0,2.0671604938271604,33520
17084,0,0,0,2.0672839506172838,33520
17085,1,1,0,2.0674074074074076,33521
17086,19,15,0,2.067530864197531,33540
17087,0,0,0,2.0676543209876543,33540
17088,0,0,0,2.0677777777777777,33540
17089,0,0,0,2.067901234567901,33540
17090,0,0,0,2.0680246913580245,33540
17091,70,70,0,2.0681481481481483,33610
17092,0,0,0,2.0682716049382717,33610
17093,0,0,0,2.068395061728395,33610
17094,0,0,0,2.0685185185185184,33610
17095,0,0,0,2.068641975308642,33610
17096,0,0,0,2.0687654320987656,33610
17097,0,0,0,2.068888888888889,33610
17098,12,12,0,2.0690123456790124,33622
17099,0,0,0,2.0691358024691358,33622
17100,0,0,0,2.069259259259259,33622
17101,0,0,0,2.0693827160493825,33622
17102,0,0,0,2.0695061728395063,33622
17103,3,3,0,2.0696296296296297,33625
17104,12,12,0,2.069753086419753,33637
17105,15,15,0,2.0698765432098765,33652
17106,0,0,0,2.07,33652
17107,0,0,0,2.0701234567901237,33652
17108,2,2,0,2.070246913580247,33654
17109,13,13,0,2.0703703703703704,33667
17110,0,0,0,2.070493827160494,33667
17111,0,0,0,2.070617283950617,33667
17112,92,92,0,2.0707407407407405,33759
17113,0,0,0,2.0708641975308644,33759
17114,13,13,5,2.0703703703703704,33772
17115,1,1,0,2.070493827160494,33773
17116,2,2,0,2.070617283950617,33775
17117,0,0,0,2.0707407407407405,33775
17118,282,276,0,2.0708641975308644,34057
17119,0,0,0,2.0709876543209877,34057
17120,0,0,0,2.071111111111111,34057
17121,0,0,0,2.0712345679012345,34057
17122,0,0,0,2.071358024691358,34057
17123,1,1,0,2.0714814814814817,34058
17124,0,0,0,2.071604938271605,34058
17125,2,2,0,2.0717283950617285,34060
17126,1,1,1,2.0717283950617285,34061
17127,139,137,0,2.071851851851852,34200
17128,1,1,1,2.071851851851852,34201
17129,0,0,0,2.071975308641975,34201
17130,0,0,0,2.0720987654320986,34201
17131,0,0,0,2.0722222222222224,34201
17132,0,0,0,2.072345679012346,34201
17133,0,0,0,2.072469135802469,34201
17134,0,0,0,2.0725925925925925,34201
17135,1,1,0,2.072716049382716,34202
17136,0,0,0,2.0728395061728393,34202
17137,0,0,0,2.072962962962963,34202
17138,10,10,0,2.0730864197530865,34212
17139,0,0,0,2.07320987654321,34212
17140,0,0,0,2.0733333333333333,34212
17141,168,154,0,2.0734567901234566,34380
17142,1,1,0,2.0735802469135804,34381
17143,0,0,0,2.073703703703704,34381
17144,0,0,0,2.073827160493827,34381
17145,0,0,0,2.0739506172839506,34381
17146,0,0,0,2.074074074074074,34381
17147,0,0,0,2.0741975308641973,34381
17148,0,0,0,2.074320987654321,34381
17149,0,0,0,2.0744444444444445,34381
17150,401,295,0,2.074567901234568,34782
17151,7,7,0,2.0746913580246913,34789
17152,0,0,0,2.0748148148148147,34789
17153,0,0,0,2.0749382716049385,34789
17154,0,0,0,2.075061728395062,34789
17155,0,0,0,2.0751851851851852,34789
17156,0,0,0,2.0753086419753086,34789
17157,0,0,0,2.075432098765432,34789
17158,0,0,0,2.0755555555555554,34789
17159,3,3,0,2.075679012345679,34792
17160,5,5,0,2.0758024691358026,34797
17161,0,0,0,2.075925925925926,34797
17162,0,0,0,2.0760493827160493,34797
17163,0,0,0,2.0761728395061727,34797
17164,0,0,0,2.076296296296296,34797
17165,6,6,3,2.0760493827160493,34803
17166,2,2,0,2.0761728395061727,34805
17167,0,0,0,2.076296296296296,34805
17168,0,0,0,2.07641975308642,34805
17169,1,1,0,2.0765432098765433,34806
17170,3,3,0,2.0766666666666667,34809
17171,0,0,0,2.07679012345679,34809
17172,964,524,0,2.0769135802469134,35773
17173,0,0,0,2.0770370370370372,35773
17174,0,0,0,2.0771604938271606,35773
17175,37,37,1,2.0771604938271606,35810
17176,0,0,0,2.077283950617284,35810
17177,0,0,0,2.0774074074074074,35810
17178,0,0,0,2.0775308641975307,35810
17179,0,0,0,2.077654320987654,35810
17180,25,25,0,2.077777777777778,35835
17181,0,0,0,2.0779012345679013,35835
17182,0,0,0,2.0780246913580247,35835
17183,0,0,0,2.078148148148148,35835
17184,0,0,0,2.0782716049382715,35835
17185,0,0,0,2.0783950617283953,35835
17186,0,0,0,2.0785185185185187,35835
17187,147,147,0,2.078641975308642,35982
17188,0,0,0,2.0787654320987654,35982
17189,65,65,0,2.078888888888889,36047
17190,0,0,0,2.079012345679012,36047
17191,44,44,0,2.079135802469136,36091
17192,0,0,0,2.0792592592592594,36091
17193,364,364,0,2.0793827160493827,36455
17194,0,0,0,2.079506172839506,36455
17195,0,0,0,2.0796296296296295,36455
17196,0,0,0,2.079753086419753,36455
17197,9,9,0,2.0798765432098767,36464
17198,0,0,0,2.08,36464
17199,24,24,0,2.0801234567901234,36488
17200,0,0,0,2.080246913580247,36488
17201,1,1,0,2.08037037037037,36489
17202,0,0,0,2.080493827160494,36489
17203,0,0,0,2.0806172839506174,36489
17204,1,1,0,2.080740740740741,36490
17205,1,1,0,2.080864197530864,36491
17206,0,0,0,2.0809876543209875,36491
17207,4,4,0,2.081111111111111,36495
17208,0,0,0,2.0812345679012347,36495
17209,47,47,0,2.081358024691358,36542
17210,64,64,0,2.0814814814814815,36606
17211,47,47,0,2.081604938271605,36653
17212,0,0,0,2.0817283950617282,36653
17213,0,0,0,2.081851851851852,36653
17214,0,0,0,2.0819753086419754,36653
17215,310,243,4,2.081604938271605,36963
17216,3,3,0,2.0817283950617282,36966
17217,557,496,0,2.081851851851852,37523
17218,0,0,0,2.0819753086419754,37523
17219,0,0,0,2.082098765432099,37523
17220,0,0,0,2.082222222222222,37523
17221,0,0,0,2.0823456790123456,37523
17222,52,51,0,2.082469135802469,37575
17223,21,21,0,2.0825925925925928,37596
17224,24,24,0,2.082716049382716,37620
17225,0,0,0,2.0828395061728395,37620
17226,0,0,0,2.082962962962963,37620
17227,0,0,0,2.0830864197530863,37620
17228,454,454,0,2.0832098765432097,38074
17229,269,256,0,2.0833333333333335,38343
17230,0,0,0,2.083456790123457,38343
17231,1,1,0,2.0835802469135802,38344
17232,61,61,0,2.0837037037037036,38405
17233,0,0,0,2.083827160493827,38405
17234,0,0,0,2.083950617283951,38405
17235,6,6,0,2.084074074074074,38411
17236,1313,1313,9,2.0830864197530863,39724
17237,0,0,0,2.0832098765432097,39724
17238,0,0,0,2.0833333333333335,39724
17239,68,68,0,2.083456790123457,39792
17240,0,0,0,2.0835802469135802,39792
17241,0,0,0,2.0837037037037036,39792
17242,1,1,0,2.083827160493827,39793
17243,102,102,0,2.083950617283951,39895
17244,0,0,0,2.084074074074074,39895
17245,0,0,0,2.0841975308641976,39895
17246,15,14,0,2.084320987654321,39910
17247,0,0,0,2.0844444444444443,39910
17248,0,0,0,2.0845679012345677,39910
17249,0,0,0,2.0846913580246915,39910
17250,0,0,0,2.084814814814815,39910
17251,30,30,0,2.0849382716049383,39940
17252,194,193,0,2.0850617283950617,40134
17253,32,32,0,2.085185185185185,40166
17254,10,10,0,2.085308641975309,40176
17255,10,10,0,2.0854320987654322,40186
17256,184,184,0,2.0855555555555556,40370
17257,30,30,0,2.085679012345679,40400
17258,0,0,0,2.0858024691358024,40400
17259,0,0,0,2.0859259259259257,40400
17260,0,0,0,2.0860493827160496,40400
17261,10,10,0,2.086172839506173,40410
17262,0,0,0,2.0862962962962963,40410
17263,33,33,0,2.0864197530864197,40443
17264,21,21,0,2.086543209876543,40464
17265,0,0,0,2.0866666666666664,40464
17266,0,0,0,2.0867901234567903,40464
17267,496,411,0,2.0869135802469136,40960
17268,0,0,0,2.087037037037037,40960
17269,24,24,0,2.0871604938271604,40984
17270,0,0,0,2.087283950617284,40984
17271,2,2,0,2.0874074074074076,40986
17272,0,0,0,2.087530864197531,40986
17273,14,14,0,2.0876543209876544,41000
17274,0,0,0,2.0877777777777777,41000
17275,0,0,0,2.087901234567901,41000
17276,18,16,0,2.0880246913580245,41018
17277,183,183,1,2.0880246913580245,41201
17278,0,0,0,2.0881481481481483,41201
17279,1093,1047,7,2.0874074074074076,42294
17280,1839,1839,0,2.087530864197531,44133
17281,0,0,0,2.0876543209876544,44133
17282,631,420,0,2.0877777777777777,44764
17283,0,0,0,2.087901234567901,44764
17284,6068,2570,19,2.085679012345679,50832
17285,81,65,0,2.0858024691358024,50913
17286,189,186,0,2.0859259259259257,51102
17287,0,0,0,2.0860493827160496,51102
17288,16,16,0,2.086172839506173,51118
17289,53,53,0,2.0862962962962963,51171
17290,0,0,0,2.0864197530864197,51171
17291,0,0,0,2.086543209876543,51171
17292,134,134,0,2.0866666666666664,51305
17293,1,1,0,2.0867901234567903,51306
17294,0,0,0,2.0869135802469136,51306
17295,0,0,0,2.087037037037037,51306
17296,0,0,0,2.0871604938271604,51306
17297,0,0,0,2.087283950617284,51306
17298,77,75,4,2.0869135802469136,51383
17299,14,12,0,2.087037037037037,51397
17300,0,0,0,2.0871604938271604,51397
17301,0,0,0,2.087283950617284,51397
17302,15,15,0,2.0874074074074076,51412
17303,13,13,0,2.087530864197531,51425
17304,0,0,0,2.0876543209876544,51425
17305,0,0,0,2.0877777777777777,51425
17306,0,0,0,2.087901234567901,51425
17307,0,0,0,2.0880246913580245,51425
17308,0,0,0,2.0881481481481483,51425
17309,144,144,1,2.0881481481481483,51569
17310,1092,774,10,2.087037037037037,52661
17311,1,1,0,2.0871604938271604,52662
17312,178,157,0,2.087283950617284,52840
17313,0,0,0,2.0874074074074076,52840
17314,28,28,0,2.087530864197531,52868
17315,75,75,0,2.0876543209876544,52943
17316,0,0,0,2.0877777777777777,52943
17317,407,319,13,2.0862962962962963,53350
17318,0,0,0,2.0864197530864197,53350
17319,6,6,0,2.086543209876543,53356
17320,1,1,0,2.0866666666666664,53357
17321,737,646,5,2.086172839506173,54094
17322,0,0,0,2.0862962962962963,54094
17323,0,0,0,2.0864197530864197,54094
17324,0,0,0,2.086543209876543,54094
17325,1367,765,0,2.0866666666666664,55461
17326,263,229,0,2.0867901234567903,55724
17327,0,0,0,2.0869135802469136,55724
17328,316,254,0,2.087037037037037,56040
17329,68,62,0,2.0871604938271604,56108
17330,0,0,0,2.087283950617284,56108
17331,10,10,0,2.0874074074074076,56118
17332,0,0,0,2.087530864197531,56118
17333,0,0,0,2.0876543209876544,56118
17334,0,0,0,2.0877777777777777,56118
17335,0,0,0,2.087901234567901,56118
17336,23,23,3,2.0876543209876544,56141
17337,562,418,0,2.0877777777777777,56703
17338,0,0,0,2.087901234567901,56703
17339,0,0,0,2.0880246913580245,56703
17340,0,0,0,2.0881481481481483,56703
17341,18,18,0,2.0882716049382717,56721
17342,1125,1125,0,2.088395061728395,57846
17343,0,0,0,2.0885185185185184,57846
17344,346,282,0,2.088641975308642,58192
17345,0,0,0,2.0887654320987656,58192
17346,0,0,0,2.088888888888889,58192
17347,0,0,0,2.0890123456790124,58192
17348,0,0,0,2.0891358024691358,58192
17349,0,0,0,2.089259259259259,58192
17350,3,3,0,2.0893827160493825,58195
17351,22,22,2,2.089259259259259,58217
17352,0,0,0,2.0893827160493825,58217
17353,20,20,0,2.0895061728395063,58237
17354,9,9,0,2.0896296296296297,58246
17355,0,0,0,2.089753086419753,58246
17356,0,0,0,2.0898765432098765,58246
17357,0,0,0,2.09,58246
17358,0,0,0,2.0901234567901232,58246
17359,760,689,0,2.090246913580247,59006
17360,0,0,0,2.0903703703703704,59006
17361,635,598,0,2.090493827160494,59641
17362,1,1,0,2.090617283950617,59642
17363,19,19,0,2.0907407407407406,59661
17364,0,0,0,2.0908641975308644,59661
17365,149,149,0,2.0909876543209878,59810
17366,0,0,0,2.091111111111111,59810
17367,289,289,0,2.0912345679012345,60099
17368,126,126,0,2.091358024691358,60225
17369,98,98,0,2.0914814814814813,60323
17370,1,1,1,2.0914814814814813,60324
17371,0,0,0,2.091604938271605,60324
17372,0,0,0,2.0917283950617285,60324
17373,0,0,0,2.091851851851852,60324
17374,65,65,0,2.0919753086419752,60389
17375,1,1,0,2.0920987654320986,60390
17376,0,0,0,2.0922222222222224,60390
17377,0,0,0,2.092345679012346,60390
17378,0,0,0,2.092469135802469,60390
17379,5,5,0,2.0925925925925926,60395
17380,5,5,0,2.092716049382716,60400
17381,14,14,0,2.0928395061728393,60414
17382,0,0,0,2.092962962962963,60414
17383,1,1,0,2.0930864197530865,60415
17384,0,0,0,2.09320987654321,60415
17385,121,87,0,2.0933333333333333,60536
17386,1396,1388,10,2.0922222222222224,61932
17387,0,0,0,2.092345679012346,61932
17388,1056,1055,1,2.092345679012346,62988
17389,0,0,0,2.092469135802469,62988
17390,0,0,0,2.0925925925925926,62988
17391,0,0,0,2.092716049382716,62988
17392,0,0,0,2.0928395061728393,62988
17393,206,202,5,2.092345679012346,63194
17394,0,0,0,2.092469135802469,63194
17395,0,0,0,2.0925925925925926,63194
17396,16,16,0,2.092716049382716,63210
17397,0,0,0,2.0928395061728393,63210
17398,10,10,0,2.092962962962963,63220
17399,0,0,0,2.0930864197530865,63220
17400,9,9,0,2.09320987654321,63229
17401,0,0,0,2.0933333333333333,63229
17402,0,0,0,2.0934567901234566,63229
17403,248,248,0,2.0935802469135805,63477
17404,0,0,0,2.093703703703704,63477
17405,20,20,0,2.093827160493827,63497
17406,0,0,0,2.0939506172839506,63497
17407,0,0,0,2.094074074074074,63497
17408,3,3,0,2.0941975308641974,63500
17409,1,1,0,2.094320987654321,63501
17410,0,0,0,2.0944444444444446,63501
17411,0,0,0,2.094567901234568,63501
17412,20,20,0,2.0946913580246913,63521
17413,60,45,0,2.0948148148148147,63581
17414,0,0,0,2.094938271604938,63581
17415,4,4,2,2.0948148148148147,63585
17416,0,0,0,2.094938271604938,63585
17417,0,0,0,2.095061728395062,63585
17418,0,0,0,2.0951851851851853,63585
17419,0,0,0,2.0953086419753086,63585
17420,1,1,0,2.095432098765432,63586
17421,1083,913,0,2.0955555555555554,64669
17422,0,0,0,2.095679012345679,64669
17423,2,2,0,2.0958024691358026,64671
17424,0,0,0,2.095925925925926,64671
17425,2,2,0,2.0960493827160493,64673
17426,0,0,0,2.0961728395061727,64673
17427,65,47,0,2.096296296296296,64738
17428,0,0,0,2.09641975308642,64738
17429,0,0,0,2.0965432098765433,64738
17430,133,133,0,2.0966666666666667,64871
17431,27,27,0,2.09679012345679,64898
17432,0,0,0,2.0969135802469134,64898
17433,261,261,0,2.0970370370370373,65159
17434,0,0,0,2.0971604938271606,65159
17435,0,0,0,2.097283950617284,65159
17436,0,0,0,2.0974074074074074,65159
17437,0,0,0,2.0975308641975308,65159
17438,64,57,0,2.097654320987654,65223
17439,2,2,0,2.097777777777778,65225
17440,4406,2744,3,2.0975308641975308,69631
17441,0,0,0,2.097654320987654,69631
17442,1,1,0,2.097777777777778,69632
17443,9,9,0,2.0979012345679013,69641
17444,0,0,0,2.0980246913580247,69641
17445,0,0,0,2.098148148148148,69641
17446,0,0,0,2.0982716049382715,69641
17447,1,1,0,2.098395061728395,69642
17448,158,133,0,2.0985185185185187,69800
17449,0,0,0,2.098641975308642,69800
17450,109,75,7,2.0979012345679013,69909
17451,0,0,0,2.0980246913580247,69909
17452,47,47,0,2.098148148148148,69956
17453,0,0,0,2.0982716049382715,69956
17454,1,1,0,2.098395061728395,69957
17455,0,0,0,2.0985185185185187,69957
17456,1,1,0,2.098641975308642,69958
17457,176,176,0,2.0987654320987654,70134
17458,0,0,0,2.098888888888889,70134
17459,2,2,0,2.099012345679012,70136
17460,4,4,2,2.098888888888889,70140
17461,266,266,8,2.0980246913580247,70406
17462,0,0,0,2.098148148148148,70406
17463,0,0,0,2.0982716049382715,70406
17464,0,0,0,2.098395061728395,70406
17465,0,0,0,2.0985185185185187,70406
17466,192,192,0,2.098641975308642,70598
17467,0,0,0,2.0987654320987654,70598
17468,0,0,0,2.098888888888889,70598
17469,2,2,0,2.099012345679012,70600
17470,0,0,0,2.099135802469136,70600
17471,0,0,0,2.0992592592592594,70600
17472,277,235,0,2.0993827160493828,70877
17473,0,0,0,2.099506172839506,70877
17474,57,57,0,2.0996296296296295,70934
17475,0,0,0,2.099753086419753,70934
17476,0,0,0,2.0998765432098767,70934
17477,0,0,0,2.1,70934
17478,0,0,0,2.1001234567901235,70934
17479,0,0,0,2.100246913580247,70934
17480,0,0,0,2.10037037037037,70934
17481,3,3,0,2.100493827160494,70937
17482,0,0,0,2.1006172839506174,70937
17483,0,0,0,2.100740740740741,70937
17484,38,38,0,2.100864197530864,70975
17485,12,12,0,2.1009876543209876,70987
17486,0,0,0,2.101111111111111,70987
17487,0,0,0,2.1012345679012348,70987
17488,0,0,0,2.101358024691358,70987
17489,0,0,0,2.1014814814814815,70987
17490,0,0,0,2.101604938271605,70987
17491,0,0,0,2.1017283950617283,70987
17492,0,0,0,2.1018518518518516,70987
17493,14,14,0,2.1019753086419755,71001
17494,149,149,0,2.102098765432099,71150
17495,0,0,0,2.102222222222222,71150
17496,15,15,0,2.1023456790123456,71165
17497,1985,1972,2,2.102222222222222,73150
17498,18,18,1,2.102222222222222,73168
17499,52,52,0,2.1023456790123456,73220
17500,2520,2380,0,2.102469135802469,75740
17501,0,0,0,2.102592592592593,75740
17502,0,0,0,2.102716049382716,75740
17503,7,7,0,2.1028395061728395,75747
17504,0,0,0,2.102962962962963,75747
17505,4,4,0,2.1030864197530863,75751
17506,343,343,0,2.1032098765432097,76094
17507,360,327,0,2.1033333333333335,76454
17508,3,3,0,2.103456790123457,76457
17509,1,1,0,2.1035802469135803,76458
17510,3,3,3,2.1033333333333335,76461
17511,1,1,0,2.103456790123457,76462
17512,0,0,0,2.1035802469135803,76462
17513,8720,3732,17,2.101604938271605,85182
17514,248,221,0,2.1017283950617283,85430
17515,1,1,0,2.1018518518518516,85431
17516,0,0,0,2.1019753086419755,85431
17517,0,0,0,2.102098765432099,85431
17518,0,0,0,2.102222222222222,85431
17519,0,0,0,2.1023456790123456,85431
17520,44,44,4,2.1019753086419755,85475
17521,0,0,0,2.102098765432099,85475
17522,4837,3009,8,2.1012345679012348,90312
17523,1,1,0,2.101358024691358,90313
17524,0,0,0,2.1014814814814815,90313
17525,1,1,0,2.101604938271605,90314
17526,0,0,0,2.1017283950617283,90314
17527,0,0,0,2.1018518518518516,90314
17528,0,0,0,2.1019753086419755,90314
17529,101,101,0,2.102098765432099,90415
17530,1329,1251,0,2.102222222222222,91744
17531,1,1,0,2.1023456790123456,91745
17532,0,0,0,2.102469135802469,91745
17533,0,0,0,2.102592592592593,91745
17534,0,0,0,2.102716049382716,91745
17535,0,0,0,2.1028395061728395,91745
17536,0,0,0,2.102962962962963,91745
17537,5412,3239,12,2.101604938271605,97157
17538,0,0,0,2.1017283950617283,97157
17539,678,678,4,2.101358024691358,97835
17540,3,3,0,2.1014814814814815,97838
17541,2208,1964,1,2.1014814814814815,100046
17542,0,0,0,2.101604938271605,100046
17543,0,0,0,2.1017283950617283,100046
17544,205,205,0,2.1018518518518516,100251
17545,0,0,0,2.1019753086419755,100251
17546,0,0,0,2.102098765432099,100251
17547,10,10,0,2.102222222222222,100261
17548,2394,1497,6,2.101604938271605,102655
17549,140,140,2,2.1014814814814815,102795
17550,1,1,0,2.101604938271605,102796
17551,10,10,0,2.1017283950617283,102806
17552,0,0,0,2.1018518518518516,102806
17553,0,0,0,2.1019753086419755,102806
17554,0,0,0,2.102098765432099,102806
17555,0,0,0,2.102222222222222,102806
17556,0,0,0,2.1023456790123456,102806
17557,0,0,0,2.102469135802469,102806
17558,0,0,0,2.102592592592593,102806
17559,1,1,0,2.102716049382716,102807
17560,0,0,0,2.1028395061728395,102807
17561,34,33,0,2.102962962962963,102841
17562,0,0,0,2.1030864197530863,102841
17563,6,6,0,2.1032098765432097,102847
17564,0,0,0,2.1033333333333335,102847
17565,0,0,0,2.103456790123457,102847
17566,2,2,0,2.1035802469135803,102849
17567,5,5,0,2.1037037037037036,102854
17568,0,0,0,2.103827160493827,102854
17569,7280,3794,13,2.1023456790123456,110134
17570,0,0,0,2.102469135802469,110134
17571,1,1,0,2.102592592592593,110135
17572,0,0,0,2.102716049382716,110135
17573,0,0,0,2.1028395061728395,110135
17574,0,0,0,2.102962962962963,110135
17575,0,0,0,2.1030864197530863,110135
17576,4980,2296,0,2.1032098765432097,115115
17577,1,1,0,2.1033333333333335,115116
17578,0,0,0,2.103456790123457,115116
17579,0,0,0,2.1035802469135803,115116
17580,2,2,0,2.1037037037037036,115118
17581,0,0,0,2.103827160493827,115118
17582,1,1,0,2.103950617283951,115119
17583,0,0,0,2.104074074074074,115119
17584,1,1,0,2.1041975308641976,115120
17585,0,0,0,2.104320987654321,115120
17586,480,292,8,2.103456790123457,115600
17587,0,0,0,2.1035802469135803,115600
17588,0,0,0,2.1037037037037036,115600
17589,0,0,0,2.103827160493827,115600
17590,16,16,0,2.103950617283951,115616
17591,0,0,0,2.104074074074074,115616
17592,1052,1052,0,2.1041975308641976,116668
17593,3842,2217,17,2.102222222222222,120510
17594,0,0,0,2.1023456790123456,120510
17595,0,0,0,2.102469135802469,120510
17596,1211,1119,0,2.102592592592593,121721
17597,0,0,0,2.102716049382716,121721
17598,145,130,5,2.102222222222222,121866
17599,0,0,0,2.1023456790123456,121866
17600,1,1,0,2.102469135802469,121867
17601,54,54,0,2.102592592592593,121921
17602,0,0,0,2.102716049382716,121921
17603,26,26,0,2.1028395061728395,121947
17604,1,1,0,2.102962962962963,121948
17605,0,0,0,2.1030864197530863,121948
17606,0,0,0,2.1032098765432097,121948
17607,4,4,1,2.1032098765432097,121952
17608,0,0,0,2.1033333333333335,121952
17609,2,2,0,2.103456790123457,121954
17610,3308,1902,4,2.1030864197530863,125262
17611,0,0,0,2.1032098765432097,125262
17612,0,0,0,2.1033333333333335,125262
17613,0,0,0,2.103456790123457,125262
17614,0,0,0,2.1035802469135803,125262
17615,0,0,0,2.1037037037037036,125262
17616,0,0,0,2.103827160493827,125262
17617,0,0,0,2.103950617283951,125262
17618,0,0,0,2.104074074074074,125262
17619,10,10,0,2.1041975308641976,125272
17620,0,0,0,2.104320987654321,125272
17621,9,9,0,2.1044444444444443,125281
17622,10,10,0,2.1045679012345677,125291
17623,0,0,0,2.1046913580246915,125291
17624,468,468,7,2.103950617283951,125759
17625,0,0,0,2.104074074074074,125759
17626,494,337,0,2.1041975308641976,126253
17627,0,0,0,2.104320987654321,126253
17628,0,0,0,2.1044444444444443,126253
17629,0,0,0,2.1045679012345677,126253
17630,0,0,0,2.1046913580246915,126253
17631,0,0,0,2.104814814814815,126253
17632,9,9,0,2.1049382716049383,126262
17633,0,0,0,2.1050617283950617,126262
17634,18,18,0,2.105185185185185,126280
17635,1,1,0,2.1053086419753084,126281
17636,0,0,0,2.1054320987654322,126281
17637,0,0,0,2.1055555555555556,126281
17638,37,37,0,2.105679012345679,126318
17639,0,0,0,2.1058024691358024,126318
17640,0,0,0,2.1059259259259258,126318
17641,713,713,4,2.1055555555555556,127031
17642,0,0,0,2.105679012345679,127031
17643,0,0,0,2.1058024691358024,127031
17644,2,2,0,2.1059259259259258,127033
17645,41,36,0,2.1060493827160496,127074
17646,2506,1647,3,2.1058024691358024,129580
17647,88,73,0,2.1059259259259258,129668
17648,2,2,0,2.1060493827160496,129670
17649,0,0,0,2.106172839506173,129670
17650,1029,669,0,2.1062962962962963,130699
17651,0,0,0,2.1064197530864197,130699
17652,0,0,0,2.106543209876543,130699
17653,207,199,6,2.1059259259259258,130906
17654,107,88,9,2.1049382716049383,131013
17655,0,0,0,2.1050617283950617,131013
17656,0,0,0,2.105185185185185,131013
17657,0,0,0,2.1053086419753084,131013
17658,0,0,0,2.1054320987654322,131013
17659,1877,1688,0,2.1055555555555556,132890
17660,3,3,1,2.1055555555555556,132893
17661,0,0,0,2.105679012345679,132893
17662,26,26,3,2.1054320987654322,132919
17663,1,1,0,2.1055555555555556,132920
17664,14,14,0,2.105679012345679,132934
17665,5,5,0,2.1058024691358024,132939
17666,0,0,0,2.1059259259259258,132939
17667,2,2,0,2.1060493827160496,132941
17668,0,0,0,2.106172839506173,132941
17669,0,0,0,2.1062962962962963,132941
17670,0,0,0,2.1064197530864197,132941
17671,0,0,0,2.106543209876543,132941
17672,194,194,0,2.1066666666666665,133135
17673,0,0,0,2.1067901234567903,133135
17674,0,0,0,2.1069135802469137,133135
17675,689,688,0,2.107037037037037,133824
17676,12,12,0,2.1071604938271604,133836
17677,0,0,0,2.107283950617284,133836
17678,0,0,0,2.1074074074074076,133836
17679,0,0,0,2.107530864197531,133836
17680,0,0,0,2.1076543209876544,133836
17681,668,527,0,2.1077777777777778,134504
17682,0,0,0,2.107901234567901,134504
17683,255,254,1,2.107901234567901,134759
17684,100,91,0,2.1080246913580245,134859
17685,3412,2362,15,2.1062962962962963,138271
17686,0,0,0,2.1064197530864197,138271
17687,1,1,0,2.106543209876543,138272
17688,0,0,0,2.1066666666666665,138272
17689,1,1,1,2.1066666666666665,138273
17690,0,0,0,2.1067901234567903,138273
17691,103,103,6,2.106172839506173,138376
17692,0,0,0,2.1062962962962963,138376
17693,190,149,0,2.1064197530864197,138566
17694,0,0,0,2.106543209876543,138566
17695,1,1,0,2.1066666666666665,138567
17696,0,0,0,2.1067901234567903,138567
17697,391,215,2,2.1066666666666665,138958
17698,3,3,0,2.1067901234567903,138961
17699,3,3,0,2.1069135802469137,138964
17700,5,5,0,2.107037037037037,138969
17701,1,1,0,2.1071604938271604,138970
17702,0,0,0,2.107283950617284,138970
17703,0,0,0,2.1074074074074076,138970
17704,32,31,0,2.107530864197531,139002
17705,409,406,0,2.1076543209876544,139411
17706,0,0,0,2.1077777777777778,139411
17707,2,2,0,2.107901234567901,139413
17708,0,0,0,2.1080246913580245,139413
17709,5,5,0,2.1081481481481483,139418
17710,135,118,0,2.1082716049382717,139553
17711,1,1,0,2.108395061728395,139554
17712,0,0,0,2.1085185185185185,139554
17713,10,10,0,2.108641975308642,139564
17714,120,120,2,2.1085185185185185,139684
17715,185,139,0,2.108641975308642,139869
17716,0,0,0,2.108765432098765,139869
17717,50,50,3,2.1085185185185185,139919
17718,1,1,0,2.108641975308642,139920
17719,1,1,0,2.108765432098765,139921
17720,0,0,0,2.108888888888889,139921
17721,0,0,0,2.1090123456790124,139921
17722,1,1,1,2.1090123456790124,139922
17723,0,0,0,2.109135802469136,139922
17724,0,0,0,2.109259259259259,139922
17725,0,0,0,2.1093827160493825,139922
17726,23,23,4,2.1090123456790124,139945
17727,4,4,0,2.109135802469136,139949
17728,105,103,0,2.109259259259259,140054
17729,0,0,0,2.1093827160493825,140054
17730,1,1,0,2.1095061728395064,140055
17731,0,0,0,2.1096296296296297,140055
17732,0,0,0,2.109753086419753,140055
17733,0,0,0,2.1098765432098765,140055
17734,0,0,0,2.11,140055
17735,2719,1702,23,2.107283950617284,142774
17736,0,0,0,2.1074074074074076,142774
17737,2272,1509,14,2.1058024691358024,145046
17738,1510,1510,3,2.1055555555555556,146556
17739,2623,1649,1,2.1055555555555556,149179
17740,6,6,0,2.105679012345679,149185
17741,6445,2862,9,2.1046913580246915,155630
17742,0,0,0,2.104814814814815,155630
17743,0,0,0,2.1049382716049383,155630
17744,0,0,0,2.1050617283950617,155630
17745,0,0,0,2.105185185185185,155630
17746,1,1,0,2.1053086419753084,155631
17747,6486,3476,29,2.1018518518518516,162117
17748,0,0,0,2.1019753086419755,162117
17749,0,0,0,2.102098765432099,162117
17750,0,0,0,2.102222222222222,162117
17751,0,0,0,2.1023456790123456,162117
17752,0,0,0,2.102469135802469,162117
17753,0,0,0,2.102592592592593,162117
17754,0,0,0,2.102716049382716,162117
17755,0,0,0,2.1028395061728395,162117
17756,0,0,0,2.102962962962963,162117
17757,0,0,0,2.1030864197530863,162117
17758,0,0,0,2.1032098765432097,162117
17759,1190,1118,10,2.102098765432099,163307
17760,0,0,0,2.102222222222222,163307
17761,0,0,0,2.1023456790123456,163307
17762,4345,2730,14,2.100740740740741,167652
17763,0,0,0,2.100864197530864,167652
17764,0,0,0,2.1009876543209876,167652
17765,224,172,0,2.101111111111111,167876
17766,0,0,0,2.1012345679012348,167876
17767,4,4,0,2.101358024691358,167880
17768,1,1,0,2.1014814814814815,167881
17769,0,0,0,2.101604938271605,167881
17770,0,0,0,2.1017283950617283,167881
17771,0,0,0,2.1018518518518516,167881
17772,0,0,0,2.1019753086419755,167881
17773,10,10,0,2.102098765432099,167891
17774,0,0,0,2.102222222222222,167891
17775,3,3,0,2.1023456790123456,167894
17776,215,215,5,2.1018518518518516,168109
17777,1,1,0,2.1019753086419755,168110
17778,9232,3657,34,2.0979012345679013,177342
17779,0,0,0,2.0980246913580247,177342
17780,0,0,0,2.098148148148148,177342
17781,0,0,0,2.0982716049382715,177342
17782,0,0,0,2.098395061728395,177342
17783,0,0,0,2.0985185185185187,177342
17784,4,4,0,2.098641975308642,177346
17785,5,5,0,2.0987654320987654,177351
17786,2,2,0,2.098888888888889,177353
17787,310,310,8,2.0980246913580247,177663
17788,0,0,0,2.098148148148148,177663
17789,3,3,0,2.0982716049382715,177666
17790,0,0,0,2.098395061728395,177666
17791,93,93,0,2.0985185185185187,177759
17792,0,0,0,2.098641975308642,177759
17793,1,1,0,2.0987654320987654,177760
17794,1,1,0,2.098888888888889,177761
17795,4,4,0,2.099012345679012,177765
17796,1,1,0,2.099135802469136,177766
17797,0,0,0,2.0992592592592594,177766
17798,0,0,0,2.0993827160493828,177766
17799,1,1,0,2.099506172839506,177767
17800,0,0,0,2.0996296296296295,177767
17801,0,0,0,2.099753086419753,177767
17802,0,0,0,2.0998765432098767,177767
17803,0,0,0,2.1,177767
17804,0,0,0,2.1001234567901235,177767
17805,0,0,0,2.100246913580247,177767
17806,0,0,0,2.10037037037037,177767
17807,0,0,0,2.100493827160494,177767
17808,0,0,0,2.1006172839506174,177767
17809,2,2,0,2.100740740740741,177769
17810,3,3,0,2.100864197530864,177772
17811,0,0,0,2.1009876543209876,177772
17812,0,0,0,2.101111111111111,177772
17813,0,0,0,2.1012345679012348,177772
17814,217,212,3,2.1009876543209876,177989
17815,53,46,0,2.101111111111111,178042
17816,0,0,0,2.1012345679012348,178042
17817,81,81,0,2.101358024691358,178123
17818,0,0,0,2.1014814814814815,178123
17819,251,243,1,2.1014814814814815,178374
17820,2,2,0,2.101604938271605,178376
17821,234,206,2,2.1014814814814815,178610
17822,0,0,0,2.101604938271605,178610
17823,5,5,0,2.1017283950617283,178615
17824,16,16,0,2.1018518518518516,178631
17825,0,0,0,2.1019753086419755,178631
17826,860,613,4,2.101604938271605,179491
17827,0,0,0,2.1017283950617283,179491
17828,0,0,0,2.1018518518518516,179491
17829,0,0,0,2.1019753086419755,179491
17830,0,0,0,2.102098765432099,179491
17831,1,1,0,2.102222222222222,179492
17832,1091,1084,0,2.1023456790123456,180583
17833,249,249,0,2.102469135802469,180832
17834,22,22,0,2.102592592592593,180854
17835,807,807,5,2.102098765432099,181661
17836,3949,3838,17,2.1001234567901235,185610
17837,212,160,0,2.100246913580247,185822
17838,0,0,0,2.10037037037037,185822
17839,0,0,0,2.100493827160494,185822
17840,0,0,0,2.1006172839506174,185822
17841,0,0,0,2.100740740740741,185822
17842,2922,2519,0,2.100864197530864,188744
17843,0,0,0,2.1009876543209876,188744
17844,1,1,0,2.101111111111111,188745
17845,74,74,1,2.101111111111111,188819
17846,3489,3489,9,2.1001234567901235,192308
17847,6,6,0,2.100246913580247,192314
17848,1,1,0,2.10037037037037,192315
17849,51,51,1,2.10037037037037,192366
17850,0,0,0,2.100493827160494,192366
17851,359,333,0,2.1006172839506174,192725
17852,11,11,0,2.100740740740741,192736
17853,0,0,0,2.100864197530864,192736
17854,1,1,0,2.1009876543209876,192737
17855,0,0,0,2.101111111111111,192737
17856,0,0,0,2.1012345679012348,192737
17857,31,29,0,2.101358024691358,192768
17858,799,597,5,2.100864197530864,193567
17859,0,0,0,2.1009876543209876,193567
17860,61,57,2,2.100864197530864,193628
17861,0,0,0,2.1009876543209876,193628
17862,0,0,0,2.101111111111111,193628
17863,28,28,0,2.1012345679012348,193656
17864,0,0,0,2.101358024691358,193656
17865,0,0,0,2.1014814814814815,193656
17866,0,0,0,2.101604938271605,193656
17867,427,427,5,2.101111111111111,194083
17868,2,2,0,2.1012345679012348,194085
17869,1714,1708,0,2.101358024691358,195799
17870,811,637,0,2.1014814814814815,196610
17871,1,1,0,2.101604938271605,196611
17872,0,0,0,2.1017283950617283,196611
17873,0,0,0,2.1018518518518516,196611
17874,1,1,0,2.1019753086419755,196612
17875,174,174,2,2.1018518518518516,196786
17876,0,0,0,2.1019753086419755,196786
17877,0,0,0,2.102098765432099,196786
17878,318,226,5,2.101604938271605,197104
17879,0,0,0,2.1017283950617283,197104
17880,0,0,0,2.1018518518518516,197104
17881,0,0,0,2.1019753086419755,197104
17882,17,17,0,2.102098765432099,197121
17883,1,1,0,2.102222222222222,197122
17884,0,0,0,2.1023456790123456,197122
17885,9,9,4,2.1019753086419755,197131
17886,2,2,0,2.102098765432099,197133
17887,0,0,0,2.102222222222222,197133
17888,0,0,0,2.1023456790123456,197133
17889,0,0,0,2.102469135802469,197133
17890,86,86,0,2.102592592592593,197219
17891,3,3,0,2.102716049382716,197222
17892,89,74,0,2.1028395061728395,197311
17893,0,0,0,2.102962962962963,197311
17894,0,0,0,2.1030864197530863,197311
17895,0,0,0,2.1032098765432097,197311
17896,0,0,0,2.1033333333333335,197311
17897,0,0,0,2.103456790123457,197311
17898,0,0,0,2.1035802469135803,197311
17899,4,4,0,2.1037037037037036,197315
17900,8,8,0,2.103827160493827,197323
17901,0,0,0,2.103950617283951,197323
17902,0,0,0,2.104074074074074,197323
17903,5,5,0,2.1041975308641976,197328
17904,32,32,0,2.104320987654321,197360
17905,0,0,0,2.1044444444444443,197360
17906,0,0,0,2.1045679012345677,197360
17907,58,58,0,2.1046913580246915,197418
17908,0,0,0,2.104814814814815,197418
17909,2,2,0,2.1049382716049383,197420
17910,0,0,0,2.1050617283950617,197420
17911,641,392,0,2.105185185185185,198061
17912,1,1,0,2.1053086419753084,198062
17913,0,0,0,2.1054320987654322,198062
17914,0,0,0,2.1055555555555556,198062
17915,0,0,0,2.105679012345679,198062
17916,0,0,0,2.1058024691358024,198062
17917,0,0,0,2.1059259259259258,198062
17918,7,7,0,2.1060493827160496,198069
17919,0,0,0,2.106172839506173,198069
17920,0,0,0,2.1062962962962963,198069
17921,0,0,0,2.1064197530864197,198069
17922,0,0,0,2.106543209876543,198069
17923,0,0,0,2.1066666666666665,198069
17924,16,16,0,2.1067901234567903,198085
17925,3,3,0,2.1069135802469137,198088
17926,0,0,0,2.107037037037037,198088
17927,916,905,0,2.1071604938271604,199004
17928,2,2,0,2.107283950617284,199006
17929,6,6,0,2.1074074074074076,199012
17930,58,58,0,2.107530864197531,199070
17931,0,0,0,2.1076543209876544,199070
17932,3643,3527,17,2.105679012345679,202713
17933,0,0,0,2.1058024691358024,202713
17934,265,241,0,2.1059259259259258,202978
17935,5,5,0,2.1060493827160496,202983
17936,0,0,0,2.106172839506173,202983
17937,4154,4154,13,2.1046913580246915,207137
17938,10215,4642,13,2.1032098765432097,217352
17939,0,0,0,2.1033333333333335,217352
17940,57,44,0,2.103456790123457,217409
17941,0,0,0,2.1035802469135803,217409
17942,0,0,0,2.1037037037037036,217409
17943,380,380,3,2.103456790123457,217789
17944,0,0,0,2.1035802469135803,217789
17945,17,16,0,2.1037037037037036,217806
17946,0,0,0,2.103827160493827,217806
17947,0,0,0,2.103950617283951,217806
17948,10,10,0,2.104074074074074,217816
17949,19,19,0,2.1041975308641976,217835
17950,0,0,0,2.104320987654321,217835
17951,227,227,0,2.1044444444444443,218062
17952,0,0,0,2.1045679012345677,218062
17953,0,0,0,2.1046913580246915,218062
17954,2,2,0,2.104814814814815,218064
17955,2092,2092,6,2.1041975308641976,220156
17956,0,0,0,2.104320987654321,220156
17957,1399,941,0,2.1044444444444443,221555
17958,0,0,0,2.1045679012345677,221555
17959,0,0,0,2.1046913580246915,221555
17960,1,1,0,2.104814814814815,221556
17961,0,0,0,2.1049382716049383,221556
17962,0,0,0,2.1050617283950617,221556
17963,10,9,0,2.105185185185185,221566
17964,10,10,0,2.1053086419753084,221576
17965,314,310,0,2.1054320987654322,221890
17966,0,0,0,2.1055555555555556,221890
17967,0,0,0,2.105679012345679,221890
17968,0,0,0,2.1058024691358024,221890
17969,2,2,3,2.1055555555555556,221892
17970,2,2,0,2.105679012345679,221894
17971,156,153,0,2.1058024691358024,222050
17972,0,0,0,2.1059259259259258,222050
17973,0,0,0,2.1060493827160496,222050
17974,135,134,0,2.106172839506173,222185
17975,120,107,0,2.1062962962962963,222305
17976,0,0,0,2.1064197530864197,222305
17977,0,0,0,2.106543209876543,222305
17978,8632,3536,23,2.103827160493827,230937
17979,15,15,0,2.103950617283951,230952
17980,1,1,0,2.104074074074074,230953
17981,73,73,2,2.103950617283951,231026
17982,0,0,0,2.104074074074074,231026
17983,42,42,0,2.1041975308641976,231068
17984,0,0,0,2.104320987654321,231068
17985,0,0,0,2.1044444444444443,231068
17986,0,0,0,2.1045679012345677,231068
17987,1,1,0,2.1046913580246915,231069
17988,265,219,0,2.104814814814815,231334
17989,0,0,0,2.1049382716049383,231334
17990,0,0,0,2.1050617283950617,231334
17991,1,1,0,2.105185185185185,231335
17992,0,0,0,2.1053086419753084,231335
17993,0,0,0,2.1054320987654322,231335
17994,0,0,0,2.1055555555555556,231335
17995,217,207,0,2.105679012345679,231552
17996,21,21,1,2.105679012345679,231573
17997,0,0,0,2.1058024691358024,231573
17998,31,30,0,2.1059259259259258,231604
17999,0,0,0,2.1060493827160496,231604
18000,0,0,0,2.106172839506173,231604
18001,52,52,0,2.1062962962962963,231656
18002,64,64,0,2.1064197530864197,231720
18003,102,100,1,2.1064197530864197,231822
18004,513,475,1,2.1064197530864197,232335
18005,2,2,0,2.106543209876543,232337
18006,0,0,0,2.1066666666666665,232337
18007,1,1,0,2.1067901234567903,232338
18008,0,0,0,2.1069135802469137,232338
18009,0,0,0,2.107037037037037,232338
18010,0,0,0,2.1071604938271604,232338
18011,637,426,12,2.1058024691358024,232975
18012,18881,6132,48,2.1,251856
18013,307,229,0,2.1001234567901235,252163
18014,0,0,0,2.100246913580247,252163
18015,1151,1073,9,2.0992592592592594,253314
18016,23,23,0,2.0993827160493828,253337
18017,0,0,0,2.099506172839506,253337
18018,0,0,0,2.0996296296296295,253337
18019,0,0,0,2.099753086419753,253337
18020,0,0,0,2.0998765432098767,253337
18021,3,3,0,2.1,253340
18022,547,547,5,2.099506172839506,253887
18023,0,0,0,2.0996296296296295,253887
18024,0,0,0,2.099753086419753,253887
18025,261,259,0,2.0998765432098767,254148
18026,797,793,0,2.1,254945
18027,48,37,0,2.1001234567901235,254993
18028,0,0,0,2.100246913580247,254993
18029,173,173,2,2.1001234567901235,255166
18030,0,0,0,2.100246913580247,255166
18031,0,0,0,2.10037037037037,255166
18032,0,0,0,2.100493827160494,255166
18033,84,84,0,2.1006172839506174,255250
18034,4,4,0,2.100740740740741,255254
18035,10,10,0,2.100864197530864,255264
18036,0,0,0,2.1009876543209876,255264
18037,90,90,8,2.1001234567901235,255354
18038,121,120,2,2.1,255475
18039,0,0,0,2.1001234567901235,255475
18040,0,0,0,2.100246913580247,255475
18041,4,4,2,2.1001234567901235,255479
18042,1150,745,4,2.099753086419753,256629
18043,54,54,0,2.0998765432098767,256683
18044,48,47,2,2.099753086419753,256731
18045,0,0,0,2.0998765432098767,256731
18046,49,42,0,2.1,256780
18047,0,0,0,2.1001234567901235,256780
18048,0,0,0,2.100246913580247,256780
18049,1,1,0,2.10037037037037,256781
18050,0,0,0,2.100493827160494,256781
18051,39,39,0,2.1006172839506174,256820
18052,0,0,0,2.100740740740741,256820
18053,0,0,0,2.100864197530864,256820
18054,0,0,0,2.1009876543209876,256820
18055,1374,1269,7,2.100246913580247,258194
18056,0,0,0,2.10037037037037,258194
18057,0,0,0,2.100493827160494,258194
18058,373,372,3,2.100246913580247,258567
18059,2764,1918,0,2.10037037037037,261331
18060,0,0,0,2.100493827160494,261331
18061,0,0,0,2.1006172839506174,261331
18062,0,0,0,2.100740740740741,261331
18063,0,0,0,2.100864197530864,261331
18064,0,0,0,2.1009876543209876,261331
18065,0,0,0,2.101111111111111,261331
18066,75,75,0,2.1012345679012348,261406
18067,0,0,0,2.101358024691358,261406
18068,6,6,1,2.101358024691358,261412
18069,0,0,0,2.1014814814814815,261412
18070,0,0,0,2.101604938271605,261412
18071,1,1,0,2.1017283950617283,261413
18072,2,2,0,2.1018518518518516,261415
18073,174,156,2,2.1017283950617283,261589
18074,6,6,0,2.1018518518518516,261595
18075,0,0,0,2.1019753086419755,261595
18076,5900,4176,5,2.1014814814814815,267495
18077,0,0,0,2.101604938271605,267495
18078,0,0,0,2.1017283950617283,267495
18079,302,295,0,2.1018518518518516,267797
18080,0,0,0,2.1019753086419755,267797
18081,385,385,3,2.1017283950617283,268182
18082,0,0,0,2.1018518518518516,268182
18083,2,2,0,2.1019753086419755,268184
18084,2,2,0,2.102098765432099,268186
18085,0,0,0,2.102222222222222,268186
18086,2,2,0,2.1023456790123456,268188
18087,7,7,0,2.102469135802469,268195
18088,0,0,0,2.102592592592593,268195
18089,65,65,0,2.102716049382716,268260
18090,1,1,0,2.1028395061728395,268261
18091,290,225,0,2.102962962962963,268551
18092,1,1,0,2.1030864197530863,268552
18093,1,1,0,2.1032098765432097,268553
18094,0,0,0,2.1033333333333335,268553
18095,0,0,0,2.103456790123457,268553
18096,2,2,1,2.103456790123457,268555
18097,0,0,0,2.1035802469135803,268555
18098,50,41,0,2.1037037037037036,268605
18099,2833,2799,5,2.1032098765432097,271438
18100,0,0,0,2.1033333333333335,271438
18101,7500,4752,27,2.1001234567901235,278938
18102,0,0,0,2.100246913580247,278938
18103,12,12,0,2.10037037037037,278950
18104,0,0,0,2.100493827160494,278950
18105,836,836,0,2.1006172839506174,279786
18106,0,0,0,2.100740740740741,279786
18107,0,0,0,2.100864197530864,279786
18108,2372,1713,1,2.100864197530864,282158
18109,0,0,0,2.1009876543209876,282158
18110,3,3,0,2.101111111111111,282161
18111,5,5,0,2.1012345679012348,282166
18112,652,448,4,2.100864197530864,282818
18113,0,0,0,2.1009876543209876,282818
18114,0,0,0,2.101111111111111,282818
18115,96,96,0,2.1012345679012348,282914
18116,2,2,0,2.101358024691358,282916
18117,0,0,0,2.1014814814814815,282916
18118,0,0,0,2.101604938271605,282916
18119,0,0,0,2.1017283950617283,282916
18120,1,1,0,2.1018518518518516,282917
18121,0,0,0,2.1019753086419755,282917
18122,0,0,0,2.102098765432099,282917
18123,775,775,0,2.102222222222222,283692
18124,0,0,0,2.1023456790123456,283692
18125,39,39,1,2.1023456790123456,283731
18126,0,0,0,2.102469135802469,283731
18127,0,0,0,2.102592592592593,283731
18128,0,0,0,2.102716049382716,283731
18129,0,0,0,2.1028395061728395,283731
18130,15,15,0,2.102962962962963,283746
18131,586,452,0,2.1030864197530863,284332
18132,35,35,0,2.1032098765432097,284367
18133,1,1,0,2.1033333333333335,284368
18134,0,0,0,2.103456790123457,284368
18135,2,2,0,2.1035802469135803,284370
18136,61,46,0,2.1037037037037036,284431
18137,853,834,2,2.1035802469135803,285284
18138,0,0,0,2.1037037037037036,285284
18139,0,0,0,2.103827160493827,285284
18140,0,0,0,2.103950617283951,285284
18141,99,92,0,2.104074074074074,285383
18142,0,0,0,2.1041975308641976,285383
18143,0,0,0,2.104320987654321,285383
18144,0,0,0,2.1044444444444443,285383
18145,0,0,0,2.1045679012345677,285383
18146,3,3,0,2.1046913580246915,285386
18147,0,0,0,2.104814814814815,285386
18148,0,0,0,2.1049382716049383,285386
18149,0,0,0,2.1050617283950617,285386
18150,16,16,6,2.1044444444444443,285402
18151,0,0,0,2.1045679012345677,285402
18152,8791,3400,1,2.1045679012345677,294193
18153,84,83,6,2.103950617283951,294277
18154,0,0,0,2.104074074074074,294277
18155,0,0,0,2.1041975308641976,294277
18156,0,0,0,2.104320987654321,294277
18157,0,0,0,2.1044444444444443,294277
18158,5,5,3,2.1041975308641976,294282
18159,70,65,0,2.104320987654321,294352
18160,6,6,0,2.1044444444444443,294358
18161,10,10,0,2.1045679012345677,294368
18162,0,0,0,2.1046913580246915,294368
18163,0,0,0,2.104814814814815,294368
18164,0,0,0,2.1049382716049383,294368
18165,1,1,0,2.1050617283950617,294369
18166,1153,1133,7,2.104320987654321,295522
18167,0,0,0,2.1044444444444443,295522
18168,0,0,0,2.1045679012345677,295522
18169,89,89,0,2.1046913580246915,295611
18170,809,759,0,2.104814814814815,296420
18171,0,0,0,2.1049382716049383,296420
18172,5,5,0,2.1050617283950617,296425
18173,968,648,0,2.105185185185185,297393
18174,0,0,0,2.1053086419753084,297393
18175,3,3,0,2.1054320987654322,297396
18176,0,0,0,2.1055555555555556,297396
18177,0,0,0,2.105679012345679,297396
18178,0,0,0,2.1058024691358024,297396
18179,0,0,0,2.1059259259259258,297396
18180,2,2,1,2.1059259259259258,297398
18181,0,0,0,2.1060493827160496,297398
18182,5,5,0,2.106172839506173,297403
18183,0,0,0,2.1062962962962963,297403
18184,0,0,0,2.1064197530864197,297403
18185,61,61,1,2.1064197530864197,297464
18186,0,0,0,2.106543209876543,297464
18187,2,2,0,2.1066666666666665,297466
18188,0,0,0,2.1067901234567903,297466
18189,5,5,3,2.106543209876543,297471
18190,0,0,0,2.1066666666666665,297471
18191,0,0,0,2.1067901234567903,297471
18192,1065,1065,5,2.1062962962962963,298536
18193,26,26,0,2.1064197530864197,298562
18194,2865,2295,0,2.106543209876543,301427
18195,0,0,0,2.1066666666666665,301427
18196,0,0,0,2.1067901234567903,301427
18197,279,279,2,2.1066666666666665,301706
18198,0,0,0,2.1067901234567903,301706
18199,0,0,0,2.1069135802469137,301706
18200,0,0,0,2.107037037037037,301706
18201,51,51,0,2.1071604938271604,301757
18202,680,576,0,2.107283950617284,302437
18203,1,1,0,2.1074074074074076,302438
18204,0,0,0,2.107530864197531,302438
18205,2725,1757,10,2.1064197530864197,305163
18206,1338,1338,20,2.104074074074074,306501
18207,135,135,0,2.1041975308641976,306636
18208,0,0,0,2.104320987654321,306636
18209,0,0,0,2.1044444444444443,306636
18210,0,0,0,2.1045679012345677,306636
18211,1196,1053,0,2.1046913580246915,307832
18212,676,457,16,2.1028395061728395,308508
18213,3,3,0,2.102962962962963,308511
18214,0,0,0,2.1030864197530863,308511
18215,0,0,0,2.1032098765432097,308511
18216,1,1,0,2.1033333333333335,308512
18217,10,10,0,2.103456790123457,308522
18218,0,0,0,2.1035802469135803,308522
18219,0,0,0,2.1037037037037036,308522
18220,38,36,0,2.103827160493827,308560
18221,18,18,0,2.103950617283951,308578
18222,0,0,0,2.104074074074074,308578
18223,0,0,0,2.1041975308641976,308578
18224,30,30,0,2.104320987654321,308608
18225,0,0,0,2.1044444444444443,308608
18226,874,802,2,2.104320987654321,309482
18227,0,0,0,2.1044444444444443,309482
18228,0,0,0,2.1045679012345677,309482
18229,0,0,0,2.1046913580246915,309482
18230,1056,1056,5,2.1041975308641976,310538
18231,0,0,0,2.104320987654321,310538
18232,4,4,0,2.1044444444444443,310542
18233,1,1,0,2.1045679012345677,310543
18234,6,6,0,2.1046913580246915,310549
18235,0,0,0,2.104814814814815,310549
18236,0,0,0,2.1049382716049383,310549
18237,0,0,0,2.1050617283950617,310549
18238,732,699,0,2.105185185185185,311281
18239,1,1,0,2.1053086419753084,311282
18240,0,0,0,2.1054320987654322,311282
18241,0,0,0,2.1055555555555556,311282
18242,0,0,0,2.105679012345679,311282
18243,223,178,0,2.1058024691358024,311505
18244,0,0,0,2.1059259259259258,311505
18245,0,0,0,2.1060493827160496,311505
18246,0,0,0,2.106172839506173,311505
18247,0,0,0,2.1062962962962963,311505
18248,22,21,0,2.1064197530864197,311527
18249,42,42,0,2.106543209876543,311569
18250,0,0,0,2.1066666666666665,311569
18251,0,0,0,2.1067901234567903,311569
18252,0,0,0,2.1069135802469137,311569
18253,0,0,0,2.107037037037037,311569
18254,3,3,0,2.1071604938271604,311572
18255,406,406,2,2.107037037037037,311978
18256,0,0,0,2.1071604938271604,311978
18257,0,0,0,2.107283950617284,311978
18258,90,87,0,2.1074074074074076,312068
18259,972,972,0,2.107530864197531,313040
18260,0,0,0,2.1076543209876544,313040
18261,0,0,0,2.1077777777777778,313040
18262,0,0,0,2.107901234567901,313040
18263,0,0,0,2.1080246913580245,313040
18264,0,0,0,2.1081481481481483,313040
18265,0,0,0,2.1082716049382717,313040
18266,31,30,0,2.108395061728395,313071
18267,0,0,0,2.1085185185185185,313071
18268,71,64,0,2.108641975308642,313142
18269,41,41,2,2.1085185185185185,313183
18270,0,0,0,2.108641975308642,313183
18271,27,27,0,2.108765432098765,313210
18272,3187,3186,11,2.107530864197531,316397
18273,24,24,0,2.1076543209876544,316421
18274,58,55,0,2.1077777777777778,316479
18275,9,9,3,2.107530864197531,316488
18276,535,511,10,2.1064197530864197,317023
18277,51,51,0,2.106543209876543,317074
18278,766,455,0,2.1066666666666665,317840
18279,466,461,0,2.1067901234567903,318306
18280,0,0,0,2.1069135802469137,318306
18281,0,0,0,2.107037037037037,318306
18282,319,319,10,2.1059259259259258,318625
18283,0,0,0,2.1060493827160496,318625
18284,195,156,0,2.106172839506173,318820
18285,0,0,0,2.1062962962962963,318820
18286,3,3,0,2.1064197530864197,318823
18287,0,0,0,2.106543209876543,318823
18288,32,32,0,2.1066666666666665,318855
18289,0,0,0,2.1067901234567903,318855
18290,0,0,0,2.1069135802469137,318855
18291,0,0,0,2.107037037037037,318855
18292,0,0,0,2.1071604938271604,318855
18293,0,0,0,2.107283950617284,318855
18294,44,44,0,2.1074074074074076,318899
18295,0,0,0,2.107530864197531,318899
18296,0,0,0,2.1076543209876544,318899
18297,0,0,0,2.1077777777777778,318899
18298,8530,5005,35,2.1035802469135803,327429
18299,1,1,0,2.1037037037037036,327430
18300,0,0,0,2.103827160493827,327430
18301,0,0,0,2.103950617283951,327430
18302,0,0,0,2.104074074074074,327430
18303,39,39,4,2.1037037037037036,327469
18304,1,1,0,2.103827160493827,327470
18305,551,551,0,2.103950617283951,328021
18306,0,0,0,2.104074074074074,328021
18307,304,303,0,2.1041975308641976,328325
18308,16,16,0,2.104320987654321,328341
18309,1,1,0,2.1044444444444443,328342
18310,0,0,0,2.1045679012345677,328342
18311,0,0,0,2.1046913580246915,328342
18312,46,46,0,2.104814814814815,328388
18313,0,0,0,2.1049382716049383,328388
18314,25,22,1,2.1049382716049383,328413
18315,0,0,0,2.1050617283950617,328413
18316,1,1,0,2.105185185185185,328414
18317,0,0,0,2.1053086419753084,328414
18318,0,0,0,2.1054320987654322,328414
18319,1,1,0,2.1055555555555556,328415
18320,0,0,0,2.105679012345679,328415
18321,0,0,0,2.1058024691358024,328415
18322,117,117,0,2.1059259259259258,328532
18323,0,0,0,2.1060493827160496,328532
18324,28,28,1,2.1060493827160496,328560
18325,47,38,0,2.106172839506173,328607
18326,0,0,0,2.1062962962962963,328607
18327,0,0,0,2.1064197530864197,328607
18328,0,0,0,2.106543209876543,328607
18329,4,4,0,2.1066666666666665,328611
18330,0,0,0,2.1067901234567903,328611
18331,0,0,0,2.1069135802469137,328611
18332,0,0,0,2.107037037037037,328611
18333,0,0,0,2.1071604938271604,328611
18334,1,1,0,2.107283950617284,328612
18335,0,0,0,2.1074074074074076,328612
18336,3,3,0,2.107530864197531,328615
18337,1,1,0,2.1076543209876544,328616
18338,0,0,0,2.1077777777777778,328616
18339,0,0,0,2.107901234567901,328616
18340,0,0,0,2.1080246913580245,328616
18341,27,27,0,2.1081481481481483,328643
18342,103,103,0,2.1082716049382717,328746
18343,0,0,0,2.108395061728395,328746
18344,96,96,2,2.1082716049382717,328842
18345,0,0,0,2.108395061728395,328842
18346,0,0,0,2.1085185185185185,328842
18347,13649,5009,32,2.1046913580246915,342491
18348,0,0,0,2.104814814814815,342491
18349,0,0,0,2.1049382716049383,342491
18350,0,0,0,2.1050617283950617,342491
18351,0,0,0,2.105185185185185,342491
18352,30,30,0,2.1053086419753084,342521
18353,0,0,0,2.1054320987654322,342521
18354,368,288,13,2.103950617283951,342889
18355,0,0,0,2.104074074074074,342889
18356,0,0,0,2.1041975308641976,342889
18357,164,162,0,2.104320987654321,343053
18358,500,500,0,2.1044444444444443,343553
18359,0,0,0,2.1045679012345677,343553
18360,0,0,0,2.1046913580246915,343553
18361,3,3,4,2.104320987654321,343556
18362,111,106,0,2.1044444444444443,343667
18363,1043,1041,7,2.1037037037037036,344710
18364,0,0,0,2.103827160493827,344710
18365,3144,2602,0,2.103950617283951,347854
18366,0,0,0,2.104074074074074,347854
18367,0,0,0,2.1041975308641976,347854
18368,0,0,0,2.104320987654321,347854
18369,0,0,0,2.1044444444444443,347854
18370,0,0,0,2.1045679012345677,347854
18371,2269,1396,9,2.1035802469135803,350123
18372,2,2,0,2.1037037037037036,350125
18373,0,0,0,2.103827160493827,350125
18374,3,3,0,2.103950617283951,350128
18375,0,0,0,2.104074074074074,350128
18376,14,14,1,2.104074074074074,350142
18377,24,24,0,2.1041975308641976,350166
18378,0,0,0,2.104320987654321,350166
18379,16,16,0,2.1044444444444443,350182
18380,9,9,1,2.1044444444444443,350191
18381,0,0,0,2.1045679012345677,350191
18382,13,13,0,2.1046913580246915,350204
18383,0,0,0,2.104814814814815,350204
18384,0,0,0,2.1049382716049383,350204
18385,6,6,0,2.1050617283950617,350210
18386,0,0,0,2.105185185185185,350210
18387,0,0,0,2.1053086419753084,350210
18388,1,1,0,2.1054320987654322,350211
18389,4471,2439,21,2.102962962962963,354682
18390,11,11,0,2.1030864197530863,354693
18391,0,0,0,2.1032098765432097,354693
18392,0,0,0,2.1033333333333335,354693
18393,0,0,0,2.103456790123457,354693
18394,0,0,0,2.1035802469135803,354693
18395,0,0,0,2.1037037037037036,354693
18396,6,6,0,2.103827160493827,354699
18397,158,158,5,2.1033333333333335,354857
18398,73,73,3,2.1030864197530863,354930
18399,0,0,0,2.1032098765432097,354930
18400,7,7,0,2.1033333333333335,354937
18401,0,0,0,2.103456790123457,354937
18402,0,0,0,2.1035802469135803,354937
18403,0,0,0,2.1037037037037036,354937
18404,17,17,0,2.103827160493827,354954
18405,0,0,0,2.103950617283951,354954
18406,0,0,0,2.104074074074074,354954
18407,0,0,0,2.1041975308641976,354954
18408,172,139,0,2.104320987654321,355126
18409,1,1,0,2.1044444444444443,355127
18410,0,0,0,2.1045679012345677,355127
18411,0,0,0,2.1046913580246915,355127
18412,0,0,0,2.104814814814815,355127
18413,0,0,0,2.1049382716049383,355127
18414,0,0,0,2.1050617283950617,355127
18415,0,0,0,2.105185185185185,355127
18416,7,7,0,2.1053086419753084,355134
18417,0,0,0,2.1054320987654322,355134
18418,0,0,0,2.1055555555555556,355134
18419,0,0,0,2.105679012345679,355134
18420,1604,1285,0,2.1058024691358024,356738
18421,5,5,0,2.1059259259259258,356743
18422,0,0,0,2.1060493827160496,356743
18423,36,36,3,2.1058024691358024,356779
18424,573,384,3,2.1055555555555556,357352
18425,0,0,0,2.105679012345679,357352
18426,173,159,5,2.105185185185185,357525
18427,317,271,6,2.1045679012345677,357842
18428,0,0,0,2.1046913580246915,357842
18429,3,3,0,2.104814814814815,357845
18430,0,0,0,2.1049382716049383,357845
18431,0,0,0,2.1050617283950617,357845
18432,1,1,0,2.105185185185185,357846
18433,0,0,0,2.1053086419753084,357846
18434,0,0,0,2.1054320987654322,357846
18435,64,64,0,2.1055555555555556,357910
18436,423,423,0,2.105679012345679,358333
18437,72,72,0,2.1058024691358024,358405
18438,5143,3049,17,2.103827160493827,363548
18439,0,0,0,2.103950617283951,363548
18440,0,0,0,2.104074074074074,363548
18441,706,675,8,2.1032098765432097,364254
18442,0,0,0,2.1033333333333335,364254
18443,2,2,2,2.1032098765432097,364256
18444,2,2,0,2.1033333333333335,364258
18445,0,0,0,2.103456790123457,364258
18446,90,84,0,2.1035802469135803,364348
18447,22,22,0,2.1037037037037036,364370
18448,1,1,0,2.103827160493827,364371
18449,0,0,0,2.103950617283951,364371
18450,228,227,0,2.104074074074074,364599
18451,275,274,0,2.1041975308641976,364874
18452,0,0,0,2.104320987654321,364874
18453,1139,1123,5,2.103827160493827,366013
18454,0,0,0,2.103950617283951,366013
18455,0,0,0,2.104074074074074,366013
18456,0,0,0,2.1041975308641976,366013
18457,33,33,3,2.103950617283951,366046
18458,0,0,0,2.104074074074074,366046
18459,0,0,0,2.1041975308641976,366046
18460,1,1,0,2.104320987654321,366047
18461,0,0,0,2.1044444444444443,366047
18462,355,355,7,2.1037037037037036,366402
18463,0,0,0,2.103827160493827,366402
18464,1,1,0,2.103950617283951,366403
18465,0,0,0,2.104074074074074,366403
18466,29,22,0,2.1041975308641976,366432
18467,4,4,0,2.104320987654321,366436
18468,49,49,0,2.1044444444444443,366485
18469,0,0,0,2.1045679012345677,366485
18470,0,0,0,2.1046913580246915,366485
18471,119,118,0,2.104814814814815,366604
18472,0,0,0,2.1049382716049383,366604
18473,45,45,1,2.1049382716049383,366649
18474,0,0,0,2.1050617283950617,366649
18475,152,149,0,2.105185185185185,366801
18476,1327,1327,3,2.1049382716049383,368128
18477,0,0,0,2.1050617283950617,368128
18478,0,0,0,2.105185185185185,368128
18479,740,721,0,2.1053086419753084,368868
18480,0,0,0,2.1054320987654322,368868
18481,0,0,0,2.1055555555555556,368868
18482,1,1,0,2.105679012345679,368869
18483,6789,4093,17,2.1037037037037036,375658
18484,1,1,0,2.103827160493827,375659
18485,0,0,0,2.103950617283951,375659
18486,3977,3947,1,2.103950617283951,379636
18487,0,0,0,2.104074074074074,379636
18488,2,2,0,2.1041975308641976,379638
18489,0,0,0,2.104320987654321,379638
18490,23,23,0,2.1044444444444443,379661
18491,222,219,0,2.1045679012345677,379883
18492,0,0,0,2.1046913580246915,379883
18493,0,0,0,2.104814814814815,379883
18494,0,0,0,2.1049382716049383,379883
18495,1,1,0,2.1050617283950617,379884
18496,4005,3292,6,2.1044444444444443,383889
18497,0,0,0,2.1045679012345677,383889
18498,0,0,0,2.1046913580246915,383889
18499,1,1,0,2.104814814814815,383890
18500,0,0,0,2.1049382716049383,383890
18501,0,0,0,2.1050617283950617,383890
18502,0,0,0,2.105185185185185,383890
18503,0,0,0,2.1053086419753084,383890
18504,0,0,0,2.1054320987654322,383890
18505,0,0,0,2.1055555555555556,383890
18506,0,0,0,2.105679012345679,383890
18507,11,11,0,2.1058024691358024,383901
18508,53,53,0,2.1059259259259258,383954
18509,0,0,0,2.1060493827160496,383954
18510,377,243,0,2.106172839506173,384331
18511,0,0,0,2.1062962962962963,384331
18512,0,0,0,2.1064197530864197,384331
18513,1,1,0,2.106543209876543,384332
18514,0,0,0,2.1066666666666665,384332
18515,0,0,0,2.1067901234567903,384332
18516,0,0,0,2.1069135802469137,384332
18517,126,126,0,2.107037037037037,384458
18518,441,426,0,2.1071604938271604,384899
18519,0,0,0,2.107283950617284,384899
18520,28,28,0,2.1074074074074076,384927
18521,0,0,0,2.107530864197531,384927
18522,0,0,0,2.1076543209876544,384927
18523,982,982,15,2.1059259259259258,385909
18524,0,0,0,2.1060493827160496,385909
18525,0,0,0,2.106172839506173,385909
18526,0,0,0,2.1062962962962963,385909
18527,831,820,5,2.1058024691358024,386740
18528,0,0,0,2.1059259259259258,386740
18529,0,0,0,2.1060493827160496,386740
18530,0,0,0,2.106172839506173,386740
18531,98,73,0,2.1062962962962963,386838
18532,2628,2587,0,2.1064197530864197,389466
18533,2,2,0,2.106543209876543,389468
18534,0,0,0,2.1066666666666665,389468
18535,56,56,4,2.1062962962962963,389524
18536,366,297,0,2.1064197530864197,389890
18537,0,0,0,2.106543209876543,389890
18538,0,0,0,2.1066666666666665,389890
18539,0,0,0,2.1067901234567903,389890
18540,5,5,0,2.1069135802469137,389895
18541,0,0,0,2.107037037037037,389895
18542,1,1,0,2.1071604938271604,389896
18543,0,0,0,2.107283950617284,389896
18544,255,255,3,2.107037037037037,390151
18545,0,0,0,2.1071604938271604,390151
18546,0,0,0,2.107283950617284,390151
18547,319,319,0,2.1074074074074076,390470
18548,4,4,0,2.107530864197531,390474
18549,3,3,0,2.1076543209876544,390477
18550,1379,825,10,2.106543209876543,391856
18551,0,0,0,2.1066666666666665,391856
18552,0,0,0,2.1067901234567903,391856
18553,2256,2256,4,2.1064197530864197,394112
18554,8,8,0,2.106543209876543,394120
18555,0,0,0,2.1066666666666665,394120
18556,97,97,0,2.1067901234567903,394217
18557,595,387,1,2.1067901234567903,394812
18558,791,790,4,2.1064197530864197,395603
18559,248,193,6,2.1058024691358024,395851
18560,0,0,0,2.1059259259259258,395851
18561,0,0,0,2.1060493827160496,395851
18562,2058,1541,0,2.106172839506173,397909
18563,0,0,0,2.1062962962962963,397909
18564,7835,3361,6,2.105679012345679,405744
18565,0,0,0,2.1058024691358024,405744
18566,0,0,0,2.1059259259259258,405744
18567,0,0,0,2.1060493827160496,405744
18568,0,0,0,2.106172839506173,405744
18569,6,6,0,2.1062962962962963,405750
18570,0,0,0,2.1064197530864197,405750
18571,4,4,0,2.106543209876543,405754
18572,153,148,0,2.1066666666666665,405907
18573,0,0,0,2.1067901234567903,405907
18574,1,1,0,2.1069135802469137,405908
18575,0,0,0,2.107037037037037,405908
18576,55,55,1,2.107037037037037,405963
18577,2,2,0,2.1071604938271604,405965
18578,368,362,0,2.107283950617284,406333
18579,0,0,0,2.1074074074074076,406333
18580,0,0,0,2.107530864197531,406333
18581,0,0,0,2.1076543209876544,406333
18582,0,0,0,2.1077777777777778,406333
18583,703,703,5,2.107283950617284,407036
18584,40,40,5,2.1067901234567903,407076
18585,0,0,0,2.1069135802469137,407076
18586,0,0,0,2.107037037037037,407076
18587,18,16,0,2.1071604938271604,407094
18588,0,0,0,2.107283950617284,407094
18589,4,4,0,2.1074074074074076,407098
18590,15,15,0,2.107530864197531,407113
18591,373,373,0,2.1076543209876544,407486
18592,429,429,13,2.106172839506173,407915
18593,0,0,0,2.1062962962962963,407915
18594,0,0,0,2.1064197530864197,407915
18595,0,0,0,2.106543209876543,407915
18596,0,0,0,2.1066666666666665,407915
18597,0,0,0,2.1067901234567903,407915
18598,714,514,0,2.1069135802469137,408629
18599,0,0,0,2.107037037037037,408629
18600,0,0,0,2.1071604938271604,408629
18601,2,2,0,2.107283950617284,408631
18602,0,0,0,2.1074074074074076,408631
18603,227,225,9,2.1064197530864197,408858
18604,0,0,0,2.106543209876543,408858
18605,0,0,0,2.1066666666666665,408858
18606,97,96,0,2.1067901234567903,408955
18607,0,0,0,2.1069135802469137,408955
18608,3957,3371,6,2.1062962962962963,412912
18609,2,2,0,2.1064197530864197,412914
18610,994,688,0,2.106543209876543,413908
18611,815,815,0,2.1066666666666665,414723
18612,0,0,0,2.1067901234567903,414723
18613,76,66,5,2.1062962962962963,414799
18614,0,0,0,2.1064197530864197,414799
18615,0,0,0,2.106543209876543,414799
18616,23,21,0,2.1066666666666665,414822
18617,0,0,0,2.1067901234567903,414822
18618,0,0,0,2.1069135802469137,414822
18619,0,0,0,2.107037037037037,414822
18620,0,0,0,2.1071604938271604,414822
18621,5,5,2,2.107037037037037,414827
18622,0,0,0,2.1071604938271604,414827
18623,10,10,0,2.107283950617284,414837
18624,0,0,0,2.1074074074074076,414837
18625,1,1,0,2.107530864197531,414838
18626,0,0,0,2.1076543209876544,414838
18627,0,0,0,2.1077777777777778,414838
18628,0,0,0,2.107901234567901,414838
18629,0,0,0,2.1080246913580245,414838
18630,0,0,0,2.1081481481481483,414838
18631,0,0,0,2.1082716049382717,414838
18632,0,0,0,2.108395061728395,414838
18633,0,0,0,2.1085185185185185,414838
18634,120,120,0,2.108641975308642,414958
18635,0,0,0,2.108765432098765,414958
18636,0,0,0,2.108888888888889,414958
18637,0,0,0,2.1090123456790124,414958
18638,0,0,0,2.109135802469136,414958
18639,0,0,0,2.109259259259259,414958
18640,0,0,0,2.1093827160493825,414958
18641,0,0,0,2.1095061728395064,414958
18642,0,0,0,2.1096296296296297,414958
18643,985,800,0,2.109753086419753,415943
18644,0,0,0,2.1098765432098765,415943
18645,0,0,0,2.11,415943
18646,65,65,0,2.1101234567901233,416008
18647,1610,1434,11,2.108888888888889,417618
18648,0,0,0,2.1090123456790124,417618
18649,0,0,0,2.109135802469136,417618
18650,1,1,0,2.109259259259259,417619
18651,0,0,0,2.1093827160493825,417619
18652,40,36,5,2.108888888888889,417659
18653,0,0,0,2.1090123456790124,417659
18654,0,0,0,2.109135802469136,417659
18655,0,0,0,2.109259259259259,417659
18656,0,0,0,2.1093827160493825,417659
18657,2510,1419,16,2.107530864197531,420169
18658,0,0,0,2.1076543209876544,420169
18659,0,0,0,2.1077777777777778,420169
18660,1808,1808,0,2.107901234567901,421977
18661,0,0,0,2.1080246913580245,421977
18662,4,4,0,2.1081481481481483,421981
18663,1,1,0,2.1082716049382717,421982
18664,0,0,0,2.108395061728395,421982
18665,0,0,0,2.1085185185185185,421982
18666,0,0,0,2.108641975308642,421982
18667,0,0,0,2.108765432098765,421982
18668,10,9,0,2.108888888888889,421992
18669,0,0,0,2.1090123456790124,421992
18670,3443,2558,5,2.1085185185185185,425435
18671,3,3,0,2.108641975308642,425438
18672,0,0,0,2.108765432098765,425438
18673,0,0,0,2.108888888888889,425438
18674,677,677,8,2.1080246913580245,426115
18675,0,0,0,2.1081481481481483,426115
18676,0,0,0,2.1082716049382717,426115
18677,1,1,0,2.108395061728395,426116
18678,1,1,0,2.1085185185185185,426117
18679,0,0,0,2.108641975308642,426117
18680,0,0,0,2.108765432098765,426117
18681,0,0,0,2.108888888888889,426117
18682,7,7,2,2.108765432098765,426124
18683,19,19,0,2.108888888888889,426143
18684,0,0,0,2.1090123456790124,426143
18685,0,0,0,2.109135802469136,426143
18686,3,3,0,2.109259259259259,426146
18687,0,0,0,2.1093827160493825,426146
18688,1,1,0,2.1095061728395064,426147
18689,0,0,0,2.1096296296296297,426147
18690,0,0,0,2.109753086419753,426147
18691,0,0,0,2.1098765432098765,426147
18692,2,2,0,2.11,426149
18693,19,19,0,2.1101234567901233,426168
18694,0,0,0,2.110246913580247,426168
18695,0,0,0,2.1103703703703705,426168
18696,0,0,0,2.110493827160494,426168
18697,0,0,0,2.110617283950617,426168
18698,0,0,0,2.1107407407407406,426168
18699,23,22,0,2.1108641975308644,426191
18700,1,1,0,2.110987654320988,426192
18701,0,0,0,2.111111111111111,426192
18702,0,0,0,2.1112345679012345,426192
18703,0,0,0,2.111358024691358,426192
18704,0,0,0,2.1114814814814813,426192
18705,1,1,0,2.111604938271605,426193
18706,13,13,0,2.1117283950617285,426206
18707,25,25,0,2.111851851851852,426231
18708,0,0,0,2.1119753086419752,426231
18709,0,0,0,2.1120987654320986,426231
18710,0,0,0,2.112222222222222,426231
18711,16,16,0,2.112345679012346,426247
18712,0,0,0,2.112469135802469,426247
18713,0,0,0,2.1125925925925926,426247
18714,0,0,0,2.112716049382716,426247
18715,0,0,0,2.1128395061728393,426247
18716,0,0,0,2.112962962962963,426247
18717,0,0,0,2.1130864197530865,426247
18718,12,12,0,2.11320987654321,426259
18719,0,0,0,2.1133333333333333,426259
18720,1,1,0,2.1134567901234567,426260
18721,0,0,0,2.11358024691358,426260
18722,0,0,0,2.113703703703704,426260
18723,4,4,1,2.113703703703704,426264
18724,133,133,0,2.1138271604938272,426397
18725,2392,2133,10,2.112716049382716,428789
18726,0,0,0,2.1128395061728393,428789
18727,0,0,0,2.112962962962963,428789
18728,1,1,0,2.1130864197530865,428790
18729,1,1,0,2.11320987654321,428791
18730,334,320,0,2.1133333333333333,429125
18731,0,0,0,2.1134567901234567,429125
18732,1,1,0,2.11358024691358,429126
18733,21,20,0,2.113703703703704,429147
18734,1,1,0,2.1138271604938272,429148
18735,1,1,1,2.1138271604938272,429149
18736,3071,2642,20,2.1114814814814813,432220
18737,0,0,0,2.111604938271605,432220
18738,3063,3063,3,2.111358024691358,435283
18739,0,0,0,2.1114814814814813,435283
18740,0,0,0,2.111604938271605,435283
18741,0,0,0,2.1117283950617285,435283
18742,0,0,0,2.111851851851852,435283
18743,0,0,0,2.1119753086419752,435283
18744,0,0,0,2.1120987654320986,435283
18745,0,0,0,2.112222222222222,435283
18746,3,3,0,2.112345679012346,435286
18747,4,4,0,2.112469135802469,435290
18748,0,0,0,2.1125925925925926,435290
18749,0,0,0,2.112716049382716,435290
18750,0,0,0,2.1128395061728393,435290
18751,38,38,4,2.112469135802469,435328
18752,0,0,0,2.1125925925925926,435328
18753,42,42,0,2.112716049382716,435370
18754,0,0,0,2.1128395061728393,435370
18755,68,68,0,2.112962962962963,435438
18756,15,15,0,2.1130864197530865,435453
18757,1566,975,0,2.11320987654321,437019
18758,0,0,0,2.1133333333333333,437019
18759,0,0,0,2.1134567901234567,437019
18760,0,0,0,2.11358024691358,437019
18761,0,0,0,2.113703703703704,437019
18762,0,0,0,2.1138271604938272,437019
18763,0,0,0,2.1139506172839506,437019
18764,0,0,0,2.114074074074074,437019
18765,0,0,0,2.1141975308641974,437019
18766,1,1,0,2.114320987654321,437020
18767,0,0,0,2.1144444444444446,437020
18768,3907,2331,11,2.11320987654321,440927
18769,0,0,0,2.1133333333333333,440927
18770,0,0,0,2.1134567901234567,440927
18771,0,0,0,2.11358024691358,440927
18772,0,0,0,2.113703703703704,440927
18773,0,0,0,2.1138271604938272,440927
18774,260,260,0,2.1139506172839506,441187
18775,0,0,0,2.114074074074074,441187
18776,0,0,0,2.1141975308641974,441187
18777,0,0,0,2.114320987654321,441187
18778,0,0,0,2.1144444444444446,441187
18779,0,0,0,2.114567901234568,441187
18780,1707,1703,3,2.114320987654321,442894
18781,0,0,0,2.1144444444444446,442894
18782,0,0,0,2.114567901234568,442894
18783,89,79,0,2.1146913580246913,442983
18784,0,0,0,2.1148148148148147,442983
18785,0,0,0,2.114938271604938,442983
18786,1565,1543,3,2.1146913580246913,444548
18787,8,7,0,2.1148148148148147,444556
18788,16,16,0,2.114938271604938,444572
18789,34,34,0,2.115061728395062,444606
18790,0,0,0,2.1151851851851853,444606
18791,0,0,0,2.1153086419753087,444606
18792,175,175,2,2.1151851851851853,444781
18793,0,0,0,2.1153086419753087,444781
18794,198,198,0,2.115432098765432,444979
18795,1302,577,14,2.1138271604938272,446281
18796,2796,1821,4,2.1134567901234567,449077
18797,0,0,0,2.11358024691358,449077
18798,0,0,0,2.113703703703704,449077
18799,0,0,0,2.1138271604938272,449077
18800,9,9,0,2.1139506172839506,449086
18801,79,76,0,2.114074074074074,449165
18802,0,0,0,2.1141975308641974,449165
18803,0,0,0,2.114320987654321,449165
18804,15,15,0,2.1144444444444446,449180
18805,531,530,1,2.1144444444444446,449711
18806,1,1,0,2.114567901234568,449712
18807,0,0,0,2.1146913580246913,449712
18808,0,0,0,2.1148148148148147,449712
18809,0,0,0,2.114938271604938,449712
18810,0,0,0,2.115061728395062,449712
18811,6,6,0,2.1151851851851853,449718
18812,0,0,0,2.1153086419753087,449718
18813,0,0,0,2.115432098765432,449718
18814,1,1,0,2.1155555555555554,449719
18815,151,99,2,2.115432098765432,449870
18816,0,0,0,2.1155555555555554,449870
18817,0,0,0,2.1156790123456792,449870
18818,0,0,0,2.1158024691358026,449870
18819,68,60,0,2.115925925925926,449938
18820,0,0,0,2.1160493827160494,449938
18821,18,18,0,2.1161728395061727,449956
18822,0,0,0,2.116296296296296,449956
18823,0,0,0,2.11641975308642,449956
18824,4,4,0,2.1165432098765433,449960
18825,1,1,0,2.1166666666666667,449961
18826,3,3,0,2.11679012345679,449964
18827,0,0,0,2.1169135802469135,449964
18828,0,0,0,2.117037037037037,449964
18829,0,0,0,2.1171604938271606,449964
18830,12,12,0,2.117283950617284,449976
18831,6481,3618,10,2.1161728395061727,456457
18832,0,0,0,2.116296296296296,456457
18833,0,0,0,2.11641975308642,456457
18834,1,1,0,2.1165432098765433,456458
18835,0,0,0,2.1166666666666667,456458
18836,967,765,1,2.1166666666666667,457425
18837,21,21,0,2.11679012345679,457446
18838,68,68,0,2.1169135802469135,457514
18839,0,0,0,2.117037037037037,457514
18840,1438,1421,18,2.114938271604938,458952
18841,0,0,0,2.115061728395062,458952
18842,0,0,0,2.1151851851851853,458952
18843,0,0,0,2.1153086419753087,458952
18844,5,5,0,2.115432098765432,458957
18845,0,0,0,2.1155555555555554,458957
18846,0,0,0,2.1156790123456792,458957
18847,2,2,0,2.1158024691358026,458959
18848,7,7,0,2.115925925925926,458966
18849,2,2,0,2.1160493827160494,458968
18850,0,0,0,2.1161728395061727,458968
18851,0,0,0,2.116296296296296,458968
18852,77,76,0,2.11641975308642,459045
18853,15890,5088,34,2.112345679012346,474935
18854,0,0,0,2.112469135802469,474935
18855,474,437,5,2.1119753086419752,475409
18856,0,0,0,2.1120987654320986,475409
18857,5,5,0,2.112222222222222,475414
18858,866,580,0,2.112345679012346,476280
18859,7,7,0,2.112469135802469,476287
18860,0,0,0,2.1125925925925926,476287
18861,0,0,0,2.112716049382716,476287
18862,0,0,0,2.1128395061728393,476287
18863,2440,2440,0,2.112962962962963,478727
18864,1,1,0,2.1130864197530865,478728
18865,0,0,0,2.11320987654321,478728
18866,1,1,0,2.1133333333333333,478729
18867,0,0,0,2.1134567901234567,478729
18868,0,0,0,2.11358024691358,478729
18869,0,0,0,2.113703703703704,478729
18870,1201,1201,15,2.1119753086419752,479930
18871,0,0,0,2.1120987654320986,479930
18872,133,109,5,2.111604938271605,480063
18873,0,0,0,2.1117283950617285,480063
18874,188,163,0,2.111851851851852,480251
18875,0,0,0,2.1119753086419752,480251
18876,0,0,0,2.1120987654320986,480251
18877,0,0,0,2.112222222222222,480251
18878,0,0,0,2.112345679012346,480251
18879,0,0,0,2.112469135802469,480251
18880,1,1,0,2.1125925925925926,480252
18881,0,0,0,2.112716049382716,480252
18882,0,0,0,2.1128395061728393,480252
18883,0,0,0,2.112962962962963,480252
18884,49,49,0,2.1130864197530865,480301
18885,0,0,0,2.11320987654321,480301
18886,7,7,0,2.1133333333333333,480308
18887,10,10,0,2.1134567901234567,480318
18888,0,0,0,2.11358024691358,480318
18889,0,0,0,2.113703703703704,480318
18890,0,0,0,2.1138271604938272,480318
18891,1159,1159,2,2.113703703703704,481477
18892,0,0,0,2.1138271604938272,481477
18893,365,365,0,2.1139506172839506,481842
18894,0,0,0,2.114074074074074,481842
18895,1,1,0,2.1141975308641974,481843
18896,6906,3036,15,2.112469135802469,488749
18897,1,1,0,2.1125925925925926,488750
18898,2,2,0,2.112716049382716,488752
18899,4766,3641,16,2.1108641975308644,493518
18900,0,0,0,2.110987654320988,493518
18901,0,0,0,2.111111111111111,493518
18902,26,21,5,2.110617283950617,493544
18903,0,0,0,2.1107407407407406,493544
18904,73,72,3,2.110493827160494,493617
18905,192,189,0,2.110617283950617,493809
18906,0,0,0,2.1107407407407406,493809
18907,0,0,0,2.1108641975308644,493809
18908,526,358,5,2.1103703703703705,494335
18909,0,0,0,2.110493827160494,494335
18910,0,0,0,2.110617283950617,494335
18911,447,309,2,2.110493827160494,494782
18912,0,0,0,2.110617283950617,494782
18913,0,0,0,2.1107407407407406,494782
18914,0,0,0,2.1108641975308644,494782
18915,33,33,0,2.110987654320988,494815
18916,63,63,0,2.111111111111111,494878
18917,0,0,0,2.1112345679012345,494878
18918,0,0,0,2.111358024691358,494878
18919,3,3,0,2.1114814814814813,494881
18920,0,0,0,2.111604938271605,494881
18921,0,0,0,2.1117283950617285,494881
18922,0,0,0,2.111851851851852,494881
18923,3470,2025,3,2.111604938271605,498351
18924,4,4,0,2.1117283950617285,498355
18925,0,0,0,2.111851851851852,498355
18926,0,0,0,2.1119753086419752,498355
18927,0,0,0,2.1120987654320986,498355
18928,16,16,0,2.112222222222222,498371
18929,31,31,0,2.112345679012346,498402
18930,0,0,0,2.112469135802469,498402
18931,1,1,0,2.1125925925925926,498403
18932,5,5,0,2.112716049382716,498408
18933,1,1,0,2.1128395061728393,498409
18934,2,2,0,2.112962962962963,498411
18935,0,0,0,2.1130864197530865,498411
18936,4,4,1,2.1130864197530865,498415
18937,0,0,0,2.11320987654321,498415
18938,313,313,6,2.1125925925925926,498728
18939,0,0,0,2.112716049382716,498728
18940,0,0,0,2.1128395061728393,498728
18941,13,13,0,2.112962962962963,498741
18942,0,0,0,2.1130864197530865,498741
18943,0,0,0,2.11320987654321,498741
18944,0,0,0,2.1133333333333333,498741
18945,1,1,0,2.1134567901234567,498742
18946,2070,1504,0,2.11358024691358,500812
18947,1,1,0,2.113703703703704,500813
18948,0,0,0,2.1138271604938272,500813
18949,2459,1816,0,2.1139506172839506,503272
18950,0,0,0,2.114074074074074,503272
18951,86,86,2,2.1139506172839506,503358
18952,0,0,0,2.114074074074074,503358
18953,7,7,0,2.1141975308641974,503365
18954,0,0,0,2.114320987654321,503365
18955,0,0,0,2.1144444444444446,503365
18956,0,0,0,2.114567901234568,503365
18957,2,2,0,2.1146913580246913,503367
18958,177,131,0,2.1148148148148147,503544
18959,0,0,0,2.114938271604938,503544
18960,0,0,0,2.115061728395062,503544
18961,0,0,0,2.1151851851851853,503544
18962,0,0,0,2.1153086419753087,503544
18963,12,12,2,2.1151851851851853,503556
18964,0,0,0,2.1153086419753087,503556
18965,7,7,0,2.115432098765432,503563
18966,0,0,0,2.1155555555555554,503563
18967,0,0,0,2.1156790123456792,503563
18968,0,0,0,2.1158024691358026,503563
18969,54,54,0,2.115925925925926,503617
18970,0,0,0,2.1160493827160494,503617
18971,328,268,0,2.1161728395061727,503945
18972,5,5,0,2.116296296296296,503950
18973,2641,1667,9,2.1153086419753087,506591
18974,0,0,0,2.115432098765432,506591
18975,0,0,0,2.1155555555555554,506591
18976,0,0,0,2.1156790123456792,506591
18977,71,70,0,2.1158024691358026,506662
18978,1,1,0,2.115925925925926,506663
18979,30,30,0,2.1160493827160494,506693
18980,0,0,0,2.1161728395061727,506693
18981,3,3,0,2.116296296296296,506696
18982,262,175,6,2.1156790123456792,506958
18983,0,0,0,2.1158024691358026,506958
18984,449,312,0,2.115925925925926,507407
18985,7161,4935,29,2.112469135802469,514568
18986,7,7,0,2.1125925925925926,514575
18987,1,1,0,2.112716049382716,514576
18988,2798,1717,7,2.1119753086419752,517374
18989,564,397,1,2.1119753086419752,517938
18990,0,0,0,2.1120987654320986,517938
18991,1,1,0,2.112222222222222,517939
18992,117,117,0,2.112345679012346,518056
18993,4,4,0,2.112469135802469,518060
18994,0,0,0,2.1125925925925926,518060
18995,3190,2160,10,2.1114814814814813,521250
18996,2,2,0,2.111604938271605,521252
18997,171,167,7,2.1108641975308644,521423
18998,0,0,0,2.110987654320988,521423
18999,3576,2300,7,2.110246913580247,524999
19000,0,0,0,2.1103703703703705,524999
19001,12,12,0,2.110493827160494,525011
19002,25,25,0,2.110617283950617,525036
19003,9,9,0,2.1107407407407406,525045
19004,0,0,0,2.1108641975308644,525045
19005,47,40,0,2.110987654320988,525092
19006,12,12,0,2.111111111111111,525104
19007,0,0,0,2.1112345679012345,525104
19008,2787,2721,2,2.111111111111111,527891
19009,40,40,0,2.1112345679012345,527931
19010,0,0,0,2.111358024691358,527931
19011,1,1,0,2.1114814814814813,527932
19012,13885,5628,17,2.1095061728395064,541817
19013,7,7,0,2.1096296296296297,541824
19014,0,0,0,2.109753086419753,541824
19015,7,7,0,2.1098765432098765,541831
19016,555,315,3,2.1096296296296297,542386
19017,0,0,0,2.109753086419753,542386
19018,1,1,0,2.1098765432098765,542387
19019,504,502,0,2.11,542891
19020,0,0,0,2.1101234567901233,542891
19021,364,271,0,2.110246913580247,543255
19022,394,385,8,2.1093827160493825,543649
19023,683,683,1,2.1093827160493825,544332
19024,0,0,0,2.1095061728395064,544332
19025,0,0,0,2.1096296296296297,544332
19026,4,4,0,2.109753086419753,544336
19027,1,1,0,2.1098765432098765,544337
19028,0,0,0,2.11,544337
19029,0,0,0,2.1101234567901233,544337
19030,0,0,0,2.110246913580247,544337
19031,0,0,0,2.1103703703703705,544337
19032,0,0,0,2.110493827160494,544337
19033,444,416,0,2.110617283950617,544781
19034,8,7,0,2.1107407407407406,544789
19035,2,2,0,2.1108641975308644,544791
19036,30,30,1,2.1108641975308644,544821
19037,0,0,0,2.110987654320988,544821
19038,0,0,0,2.111111111111111,544821
19039,132,129,8,2.110246913580247,544953
19040,2,2,0,2.1103703703703705,544955
19041,0,0,0,2.110493827160494,544955
19042,0,0,0,2.110617283950617,544955
19043,0,0,0,2.1107407407407406,544955
19044,250,250,0,2.1108641975308644,545205
19045,0,0,0,2.110987654320988,545205
19046,0,0,0,2.111111111111111,545205
19047,1912,1713,11,2.1098765432098765,547117
19048,15,15,3,2.1096296296296297,547132
19049,0,0,0,2.109753086419753,547132
19050,0,0,0,2.1098765432098765,547132
19051,0,0,0,2.11,547132
19052,0,0,0,2.1101234567901233,547132
19053,0,0,0,2.110246913580247,547132
19054,2,2,0,2.1103703703703705,547134
19055,0,0,0,2.110493827160494,547134
19056,6553,4039,28,2.1071604938271604,553687
19057,0,0,0,2.107283950617284,553687
19058,0,0,0,2.1074074074074076,553687
19059,0,0,0,2.107530864197531,553687
19060,69,69,0,2.1076543209876544,553756
19061,0,0,0,2.1077777777777778,553756
19062,0,0,0,2.107901234567901,553756
19063,10,10,5,2.1074074074074076,553766
19064,49,49,0,2.107530864197531,553815
19065,0,0,0,2.1076543209876544,553815
19066,0,0,0,2.1077777777777778,553815
19067,0,0,0,2.107901234567901,553815
19068,62,61,0,2.1080246913580245,553877
19069,17,17,0,2.1081481481481483,553894
19070,10,10,0,2.1082716049382717,553904
19071,0,0,0,2.108395061728395,553904
19072,0,0,0,2.1085185185185185,553904
19073,0,0,0,2.108641975308642,553904
19074,43,43,1,2.108641975308642,553947
19075,258,214,12,2.107283950617284,554205
19076,5133,3311,9,2.1062962962962963,559338
19077,0,0,0,2.1064197530864197,559338
19078,2,2,1,2.1064197530864197,559340
19079,3765,1997,23,2.1037037037037036,563105
19080,108,108,0,2.103827160493827,563213
19081,0,0,0,2.103950617283951,563213
19082,2295,1989,9,2.102962962962963,565508
19083,0,0,0,2.1030864197530863,565508
19084,0,0,0,2.1032098765432097,565508
19085,0,0,0,2.1033333333333335,565508
19086,0,0,0,2.103456790123457,565508
19087,14,14,0,2.1035802469135803,565522
19088,0,0,0,2.1037037037037036,565522
19089,161,139,0,2.103827160493827,565683
19090,0,0,0,2.103950617283951,565683
19091,3,3,0,2.104074074074074,565686
19092,29,29,0,2.1041975308641976,565715
19093,0,0,0,2.104320987654321,565715
19094,0,0,0,2.1044444444444443,565715
19095,687,521,10,2.1033333333333335,566402
19096,62,54,1,2.1033333333333335,566464
19097,0,0,0,2.103456790123457,566464
19098,0,0,0,2.1035802469135803,566464
19099,0,0,0,2.1037037037037036,566464
19100,3,3,0,2.103827160493827,566467
19101,0,0,0,2.103950617283951,566467
19102,0,0,0,2.104074074074074,566467
19103,2673,1956,1,2.104074074074074,569140
19104,0,0,0,2.1041975308641976,569140
19105,0,0,0,2.104320987654321,569140
19106,16,14,2,2.1041975308641976,569156
19107,0,0,0,2.104320987654321,569156
19108,4,4,0,2.1044444444444443,569160
19109,0,0,0,2.1045679012345677,569160
19110,97,97,0,2.1046913580246915,569257
19111,954,954,5,2.1041975308641976,570211
19112,2,2,0,2.104320987654321,570213
19113,212,180,0,2.1044444444444443,570425
19114,0,0,0,2.1045679012345677,570425
19115,6,6,0,2.1046913580246915,570431
19116,0,0,0,2.104814814814815,570431
19117,14,14,0,2.1049382716049383,570445
19118,0,0,0,2.1050617283950617,570445
19119,95,83,0,2.105185185185185,570540
19120,0,0,0,2.1053086419753084,570540
19121,0,0,0,2.1054320987654322,570540
19122,0,0,0,2.1055555555555556,570540
19123,5,5,0,2.105679012345679,570545
19124,0,0,0,2.1058024691358024,570545
19125,4627,2626,12,2.1044444444444443,575172
19126,9,9,0,2.1045679012345677,575181
19127,0,0,0,2.1046913580246915,575181
19128,101,72,0,2.104814814814815,575282
19129,1,1,0,2.1049382716049383,575283
19130,79,79,0,2.1050617283950617,575362
19131,0,0,0,2.105185185185185,575362
19132,0,0,0,2.1053086419753084,575362
19133,2,2,2,2.105185185185185,575364
19134,0,0,0,2.1053086419753084,575364
19135,147,147,5,2.104814814814815,575511
19136,1,1,0,2.1049382716049383,575512
19137,4,4,0,2.1050617283950617,575516
19138,0,0,0,2.105185185185185,575516
19139,0,0,0,2.1053086419753084,575516
19140,1284,1284,6,2.1046913580246915,576800
19141,0,0,0,2.104814814814815,576800
19142,0,0,0,2.1049382716049383,576800
19143,0,0,0,2.1050617283950617,576800
19144,671,495,5,2.1045679012345677,577471
19145,0,0,0,2.1046913580246915,577471
19146,0,0,0,2.104814814814815,577471
19147,0,0,0,2.1049382716049383,577471
19148,0,0,0,2.1050617283950617,577471
19149,215,180,0,2.105185185185185,577686
19150,1,1,0,2.1053086419753084,577687
19151,0,0,0,2.1054320987654322,577687
19152,2,2,0,2.1055555555555556,577689
19153,1,1,0,2.105679012345679,577690
19154,0,0,0,2.1058024691358024,577690
19155,0,0,0,2.1059259259259258,577690
19156,0,0,0,2.1060493827160496,577690
19157,0,0,0,2.106172839506173,577690
19158,0,0,0,2.1062962962962963,577690
19159,0,0,0,2.1064197530864197,577690
19160,158,158,1,2.1064197530864197,577848
19161,89,89,0,2.106543209876543,577937
19162,0,0,0,2.1066666666666665,577937
19163,0,0,0,2.1067901234567903,577937
19164,1,1,0,2.1069135802469137,577938
19165,21,21,0,2.107037037037037,577959
19166,0,0,0,2.1071604938271604,577959
19167,3342,3301,4,2.1067901234567903,581301
19168,0,0,0,2.1069135802469137,581301
19169,0,0,0,2.107037037037037,581301
19170,5,5,0,2.1071604938271604,581306
19171,0,0,0,2.107283950617284,581306
19172,0,0,0,2.1074074074074076,581306
19173,0,0,0,2.107530864197531,581306
19174,10330,3472,2,2.1074074074074076,591636
19175,6,6,0,2.107530864197531,591642
19176,0,0,0,2.1076543209876544,591642
19177,21,21,0,2.1077777777777778,591663
19178,0,0,0,2.107901234567901,591663
19179,669,669,0,2.1080246913580245,592332
19180,0,0,0,2.1081481481481483,592332
19181,0,0,0,2.1082716049382717,592332
19182,133,131,0,2.108395061728395,592465
19183,0,0,0,2.1085185185185185,592465
19184,13,13,0,2.108641975308642,592478
19185,4483,3506,9,2.1076543209876544,596961
19186,0,0,0,2.1077777777777778,596961
19187,0,0,0,2.107901234567901,596961
19188,2448,2421,13,2.1064197530864197,599409
19189,2,2,0,2.106543209876543,599411
19190,0,0,0,2.1066666666666665,599411
19191,0,0,0,2.1067901234567903,599411
19192,1,1,0,2.1069135802469137,599412
19193,0,0,0,2.107037037037037,599412
19194,0,0,0,2.1071604938271604,599412
19195,0,0,0,2.107283950617284,599412
19196,0,0,0,2.1074074074074076,599412
19197,55,55,0,2.107530864197531,599467
19198,23,23,3,2.107283950617284,599490
19199,0,0,0,2.1074074074074076,599490
19200,1,1,0,2.107530864197531,599491
19201,1,1,0,2.1076543209876544,599492
19202,0,0,0,2.1077777777777778,599492
19203,1,1,0,2.107901234567901,599493
19204,1,1,1,2.107901234567901,599494
19205,7,7,4,2.107530864197531,599501
19206,0,0,0,2.1076543209876544,599501
19207,0,0,0,2.1077777777777778,599501
19208,4572,3035,6,2.1071604938271604,604073
19209,0,0,0,2.107283950617284,604073
19210,0,0,0,2.1074074074074076,604073
19211,237,237,3,2.1071604938271604,604310
19212,0,0,0,2.107283950617284,604310
19213,0,0,0,2.1074074074074076,604310
19214,0,0,0,2.107530864197531,604310
19215,0,0,0,2.1076543209876544,604310
19216,0,0,0,2.1077777777777778,604310
19217,0,0,0,2.107901234567901,604310
19218,0,0,0,2.1080246913580245,604310
19219,0,0,0,2.1081481481481483,604310
19220,4,4,0,2.1082716049382717,604314
19221,4,4,0,2.108395061728395,604318
19222,0,0,0,2.1085185185185185,604318
19223,947,573,1,2.1085185185185185,605265
19224,0,0,0,2.108641975308642,605265
19225,0,0,0,2.108765432098765,605265
19226,1,1,0,2.108888888888889,605266
19227,1,1,0,2.1090123456790124,605267
19228,0,0,0,2.109135802469136,605267
19229,0,0,0,2.109259259259259,605267
19230,0,0,0,2.1093827160493825,605267
19231,541,540,1,2.1093827160493825,605808
19232,0,0,0,2.1095061728395064,605808
19233,19,19,0,2.1096296296296297,605827
19234,1,1,0,2.109753086419753,605828
19235,0,0,0,2.1098765432098765,605828
19236,0,0,0,2.11,605828
19237,3,3,0,2.1101234567901233,605831
19238,0,0,0,2.110246913580247,605831
19239,18,18,5,2.109753086419753,605849
19240,0,0,0,2.1098765432098765,605849
19241,0,0,0,2.11,605849
19242,2120,2064,13,2.1085185185185185,607969
19243,0,0,0,2.108641975308642,607969
19244,16,15,0,2.108765432098765,607985
19245,0,0,0,2.108888888888889,607985
19246,0,0,0,2.1090123456790124,607985
19247,0,0,0,2.109135802469136,607985
19248,0,0,0,2.109259259259259,607985
19249,6,6,0,2.1093827160493825,607991
19250,0,0,0,2.1095061728395064,607991
19251,1355,667,0,2.1096296296296297,609346
19252,0,0,0,2.109753086419753,609346
19253,0,0,0,2.1098765432098765,609346
19254,0,0,0,2.11,609346
19255,0,0,0,2.1101234567901233,609346
19256,6359,2909,9,2.109135802469136,615705
19257,0,0,0,2.109259259259259,615705
19258,8,8,0,2.1093827160493825,615713
19259,8,8,0,2.1095061728395064,615721
19260,0,0,0,2.1096296296296297,615721
19261,0,0,0,2.109753086419753,615721
19262,0,0,0,2.1098765432098765,615721
19263,0,0,0,2.11,615721
19264,0,0,0,2.1101234567901233,615721
19265,0,0,0,2.110246913580247,615721
19266,6,6,0,2.1103703703703705,615727
19267,0,0,0,2.110493827160494,615727
19268,3,3,0,2.110617283950617,615730
19269,0,0,0,2.1107407407407406,615730
19270,14,13,0,2.1108641975308644,615744
19271,0,0,0,2.110987654320988,615744
19272,0,0,0,2.111111111111111,615744
19273,224,162,0,2.1112345679012345,615968
19274,0,0,0,2.111358024691358,615968
19275,436,294,0,2.1114814814814813,616404
19276,47,43,0,2.111604938271605,616451
19277,2,2,0,2.1117283950617285,616453
19278,0,0,0,2.111851851851852,616453
19279,0,0,0,2.1119753086419752,616453
19280,0,0,0,2.1120987654320986,616453
19281,6,6,0,2.112222222222222,616459
19282,7717,3703,19,2.11,624176
19283,4,4,0,2.1101234567901233,624180
19284,0,0,0,2.110246913580247,624180
19285,0,0,0,2.1103703703703705,624180
19286,2,2,0,2.110493827160494,624182
19287,0,0,0,2.110617283950617,624182
19288,0,0,0,2.1107407407407406,624182
19289,0,0,0,2.1108641975308644,624182
19290,0,0,0,2.110987654320988,624182
19291,0,0,0,2.111111111111111,624182
19292,0,0,0,2.1112345679012345,624182
19293,0,0,0,2.111358024691358,624182
19294,93,93,0,2.1114814814814813,624275
19295,0,0,0,2.111604938271605,624275
19296,0,0,0,2.1117283950617285,624275
19297,0,0,0,2.111851851851852,624275
19298,153,147,0,2.1119753086419752,624428
19299,295,242,3,2.1117283950617285,624723
19300,5420,3028,38,2.1071604938271604,630143
19301,0,0,0,2.107283950617284,630143
19302,0,0,0,2.1074074074074076,630143
19303,0,0,0,2.107530864197531,630143
19304,0,0,0,2.1076543209876544,630143
19305,45,45,0,2.1077777777777778,630188
19306,2062,1356,0,2.107901234567901,632250
19307,0,0,0,2.1080246913580245,632250
19308,0,0,0,2.1081481481481483,632250
19309,0,0,0,2.1082716049382717,632250
19310,0,0,0,2.108395061728395,632250
19311,44,39,0,2.1085185185185185,632294
19312,0,0,0,2.108641975308642,632294
19313,1,1,0,2.108765432098765,632295
19314,0,0,0,2.108888888888889,632295
19315,0,0,0,2.1090123456790124,632295
19316,0,0,0,2.109135802469136,632295
19317,25,25,0,2.109259259259259,632320
19318,0,0,0,2.1093827160493825,632320
19319,0,0,0,2.1095061728395064,632320
19320,1,1,0,2.1096296296296297,632321
19321,0,0,0,2.109753086419753,632321
19322,123,109,5,2.109259259259259,632444
19323,0,0,0,2.1093827160493825,632444
19324,0,0,0,2.1095061728395064,632444
19325,107,107,0,2.1096296296296297,632551
19326,252,178,0,2.109753086419753,632803
19327,0,0,0,2.1098765432098765,632803
19328,0,0,0,2.11,632803
19329,0,0,0,2.1101234567901233,632803
19330,0,0,0,2.110246913580247,632803
19331,1,1,0,2.1103703703703705,632804
19332,0,0,0,2.110493827160494,632804
19333,0,0,0,2.110617283950617,632804
19334,0,0,0,2.1107407407407406,632804
19335,1,1,0,2.1108641975308644,632805
19336,0,0,0,2.110987654320988,632805
19337,0,0,0,2.111111111111111,632805
19338,0,0,0,2.1112345679012345,632805
19339,0,0,0,2.111358024691358,632805
19340,894,886,6,2.1107407407407406,633699
19341,0,0,0,2.1108641975308644,633699
19342,99,81,0,2.110987654320988,633798
19343,10,10,0,2.111111111111111,633808
19344,0,0,0,2.1112345679012345,633808
19345,4,4,0,2.111358024691358,633812
19346,265,193,0,2.1114814814814813,634077
19347,180,180,0,2.111604938271605,634257
19348,127,127,0,2.1117283950617285,634384
19349,81,80,3,2.1114814814814813,634465
19350,0,0,0,2.111604938271605,634465
19351,14,14,0,2.1117283950617285,634479
19352,0,0,0,2.111851851851852,634479
19353,1,1,0,2.1119753086419752,634480
19354,1925,1256,14,2.1103703703703705,636405
19355,0,0,0,2.110493827160494,636405
19356,0,0,0,2.110617283950617,636405
19357,4,4,0,2.1107407407407406,636409
19358,1,1,0,2.1108641975308644,636410
19359,0,0,0,2.110987654320988,636410
19360,0,0,0,2.111111111111111,636410
19361,2,2,0,2.1112345679012345,636412
19362,0,0,0,2.111358024691358,636412
19363,0,0,0,2.1114814814814813,636412
19364,492,488,5,2.110987654320988,636904
19365,0,0,0,2.111111111111111,636904
19366,0,0,0,2.1112345679012345,636904
19367,0,0,0,2.111358024691358,636904
19368,1,1,0,2.1114814814814813,636905
19369,0,0,0,2.111604938271605,636905
19370,15,15,0,2.1117283950617285,636920
19371,0,0,0,2.111851851851852,636920
19372,0,0,0,2.1119753086419752,636920
19373,1,1,0,2.1120987654320986,636921
19374,38,38,4,2.1117283950617285,636959
19375,0,0,0,2.111851851851852,636959
19376,0,0,0,2.1119753086419752,636959
19377,0,0,0,2.1120987654320986,636959
19378,0,0,0,2.112222222222222,636959
19379,0,0,0,2.112345679012346,636959
19380,3249,3068,4,2.1119753086419752,640208
19381,0,0,0,2.1120987654320986,640208
19382,10,10,0,2.112222222222222,640218
19383,12,12,0,2.112345679012346,640230
19384,0,0,0,2.112469135802469,640230
19385,0,0,0,2.1125925925925926,640230
19386,2175,1871,19,2.1103703703703705,642405
19387,227,227,0,2.110493827160494,642632
19388,76,76,0,2.110617283950617,642708
19389,18,18,0,2.1107407407407406,642726
19390,0,0,0,2.1108641975308644,642726
19391,0,0,0,2.110987654320988,642726
19392,0,0,0,2.111111111111111,642726
19393,0,0,0,2.1112345679012345,642726
19394,1,1,0,2.111358024691358,642727
19395,1,1,0,2.1114814814814813,642728
19396,430,269,2,2.111358024691358,643158
19397,0,0,0,2.1114814814814813,643158
19398,2,2,0,2.111604938271605,643160
19399,5154,3647,2,2.1114814814814813,648314
19400,38,35,0,2.111604938271605,648352
19401,0,0,0,2.1117283950617285,648352
19402,0,0,0,2.111851851851852,648352
19403,634,634,11,2.110617283950617,648986
19404,81,81,0,2.1107407407407406,649067
19405,0,0,0,2.1108641975308644,649067
19406,0,0,0,2.110987654320988,649067
19407,0,0,0,2.111111111111111,649067
19408,0,0,0,2.1112345679012345,649067
19409,0,0,0,2.111358024691358,649067
19410,0,0,0,2.1114814814814813,649067
19411,0,0,0,2.111604938271605,649067
19412,3066,2110,0,2.1117283950617285,652133
19413,0,0,0,2.111851851851852,652133
19414,0,0,0,2.1119753086419752,652133
19415,0,0,0,2.1120987654320986,652133
19416,0,0,0,2.112222222222222,652133
19417,81,81,0,2.112345679012346,652214
19418,0,0,0,2.112469135802469,652214
19419,12,12,0,2.1125925925925926,652226
19420,0,0,0,2.112716049382716,652226
19421,0,0,0,2.1128395061728393,652226
19422,0,0,0,2.112962962962963,652226
19423,0,0,0,2.1130864197530865,652226
19424,2,2,0,2.11320987654321,652228
19425,17371,5968,48,2.1074074074074076,669599
19426,4,4,1,2.1074074074074076,669603
19427,170,148,0,2.107530864197531,669773
19428,0,0,0,2.1076543209876544,669773
19429,0,0,0,2.1077777777777778,669773
19430,0,0,0,2.107901234567901,669773
19431,0,0,0,2.1080246913580245,669773
19432,0,0,0,2.1081481481481483,669773
19433,2,2,0,2.1082716049382717,669775
19434,0,0,0,2.108395061728395,669775
19435,49,49,0,2.1085185185185185,669824
19436,1,1,0,2.108641975308642,669825
19437,94,94,0,2.108765432098765,669919
19438,171,128,0,2.108888888888889,670090
19439,113,113,0,2.1090123456790124,670203
19440,0,0,0,2.109135802469136,670203
19441,158,158,0,2.109259259259259,670361
19442,0,0,0,2.1093827160493825,670361
19443,0,0,0,2.1095061728395064,670361
19444,55,54,0,2.1096296296296297,670416
19445,96,81,10,2.1085185185185185,670512
19446,0,0,0,2.108641975308642,670512
19447,0,0,0,2.108765432098765,670512
19448,0,0,0,2.108888888888889,670512
19449,83,74,0,2.1090123456790124,670595
19450,0,0,0,2.109135802469136,670595
19451,0,0,0,2.109259259259259,670595
19452,3,3,0,2.1093827160493825,670598
19453,0,0,0,2.1095061728395064,670598
19454,0,0,0,2.1096296296296297,670598
19455,0,0,0,2.109753086419753,670598
19456,105,105,5,2.109259259259259,670703
19457,0,0,0,2.1093827160493825,670703
19458,0,0,0,2.1095061728395064,670703
19459,5,5,0,2.1096296296296297,670708
19460,0,0,0,2.109753086419753,670708
19461,231,181,0,2.1098765432098765,670939
19462,14,14,0,2.11,670953
19463,0,0,0,2.1101234567901233,670953
19464,0,0,0,2.110246913580247,670953
19465,4215,4095,25,2.107283950617284,675168
19466,3,3,0,2.1074074074074076,675171
19467,0,0,0,2.107530864197531,675171
19468,1,1,0,2.1076543209876544,675172
19469,0,0,0,2.1077777777777778,675172
19470,0,0,0,2.107901234567901,675172
19471,0,0,0,2.1080246913580245,675172
19472,0,0,0,2.1081481481481483,675172
19473,25,25,0,2.1082716049382717,675197
19474,12,12,0,2.108395061728395,675209
19475,93,93,0,2.1085185185185185,675302
19476,1797,1653,2,2.108395061728395,677099
19477,88,88,0,2.1085185185185185,677187
19478,0,0,0,2.108641975308642,677187
19479,68,68,0,2.108765432098765,677255
19480,0,0,0,2.108888888888889,677255
19481,0,0,0,2.1090123456790124,677255
19482,0,0,0,2.109135802469136,677255
19483,2671,2439,8,2.1082716049382717,679926
19484,0,0,0,2.108395061728395,679926
19485,0,0,0,2.1085185185185185,679926
19486,19,19,1,2.1085185185185185,679945
19487,2,2,0,2.108641975308642,679947
19488,0,0,0,2.108765432098765,679947
19489,116,116,0,2.108888888888889,680063
19490,0,0,0,2.1090123456790124,680063
19491,14,14,0,2.109135802469136,680077
19492,353,289,2,2.1090123456790124,680430
19493,0,0,0,2.109135802469136,680430
19494,0,0,0,2.109259259259259,680430
19495,0,0,0,2.1093827160493825,680430
19496,1629,893,4,2.1090123456790124,682059
19497,1,1,0,2.109135802469136,682060
19498,0,0,0,2.109259259259259,682060
19499,0,0,0,2.1093827160493825,682060
19500,0,0,0,2.1095061728395064,682060
19501,720,720,0,2.1096296296296297,682780
19502,0,0,0,2.109753086419753,682780
19503,31,31,0,2.1098765432098765,682811
19504,160,153,0,2.11,682971
19505,0,0,0,2.1101234567901233,682971
19506,2,2,0,2.110246913580247,682973
19507,52,52,0,2.1103703703703705,683025
19508,0,0,0,2.110493827160494,683025
19509,2176,2176,5,2.11,685201
19510,0,0,0,2.1101234567901233,685201
19511,0,0,0,2.110246913580247,685201
19512,12311,4964,36,2.1059259259259258,697512
19513,191,112,3,2.105679012345679,697703
19514,0,0,0,2.1058024691358024,697703
19515,0,0,0,2.1059259259259258,697703
19516,0,0,0,2.1060493827160496,697703
19517,65,65,0,2.106172839506173,697768
19518,0,0,0,2.1062962962962963,697768
19519,2,2,0,2.1064197530864197,697770
19520,85,85,0,2.106543209876543,697855
19521,31,26,0,2.1066666666666665,697886
19522,0,0,0,2.1067901234567903,697886
19523,0,0,0,2.1069135802469137,697886
19524,3,3,0,2.107037037037037,697889
19525,3,3,0,2.1071604938271604,697892
19526,0,0,0,2.107283950617284,697892
19527,2,2,0,2.1074074074074076,697894
19528,0,0,0,2.107530864197531,697894
19529,2494,2494,2,2.1074074074074076,700388
19530,0,0,0,2.107530864197531,700388
19531,0,0,0,2.1076543209876544,700388
19532,0,0,0,2.1077777777777778,700388
19533,0,0,0,2.107901234567901,700388
19534,0,0,0,2.1080246913580245,700388
19535,8,8,4,2.1076543209876544,700396
19536,713,551,0,2.1077777777777778,701109
19537,58,45,3,2.107530864197531,701167
19538,0,0,0,2.1076543209876544,701167
19539,0,0,0,2.1077777777777778,701167
19540,7,7,0,2.107901234567901,701174
19541,375,275,0,2.1080246913580245,701549
19542,28,28,0,2.1081481481481483,701577
19543,7,7,0,2.1082716049382717,701584
19544,0,0,0,2.108395061728395,701584
19545,1,1,0,2.1085185185185185,701585
19546,0,0,0,2.108641975308642,701585
19547,6,6,1,2.108641975308642,701591
19548,0,0,0,2.108765432098765,701591
19549,0,0,0,2.108888888888889,701591
19550,0,0,0,2.1090123456790124,701591
19551,13,13,0,2.109135802469136,701604
19552,1,1,0,2.109259259259259,701605
19553,21,21,0,2.1093827160493825,701626
19554,393,277,7,2.108641975308642,702019
19555,3,3,0,2.108765432098765,702022
19556,2,2,0,2.108888888888889,702024
19557,0,0,0,2.1090123456790124,702024
19558,6,6,0,2.109135802469136,702030
19559,0,0,0,2.109259259259259,702030
19560,414,412,0,2.1093827160493825,702444
19561,0,0,0,2.1095061728395064,702444
19562,0,0,0,2.1096296296296297,702444
19563,0,0,0,2.109753086419753,702444
19564,0,0,0,2.1098765432098765,702444
19565,2,2,0,2.11,702446
19566,0,0,0,2.1101234567901233,702446
19567,0,0,0,2.110246913580247,702446
19568,764,764,0,2.1103703703703705,703210
19569,0,0,0,2.110493827160494,703210
19570,0,0,0,2.110617283950617,703210
19571,1,1,0,2.1107407407407406,703211
19572,0,0,0,2.1108641975308644,703211
19573,7,7,0,2.110987654320988,703218
19574,0,0,0,2.111111111111111,703218
19575,0,0,0,2.1112345679012345,703218
19576,306,306,2,2.111111111111111,703524
19577,0,0,0,2.1112345679012345,703524
19578,84,84,0,2.111358024691358,703608
19579,5,5,0,2.1114814814814813,703613
19580,3047,2462,6,2.1108641975308644,706660
19581,0,0,0,2.110987654320988,706660
19582,514,511,0,2.111111111111111,707174
19583,39,39,0,2.1112345679012345,707213
19584,503,345,0,2.111358024691358,707716
19585,0,0,0,2.1114814814814813,707716
19586,0,0,0,2.111604938271605,707716
19587,547,391,3,2.111358024691358,708263
19588,0,0,0,2.1114814814814813,708263
19589,0,0,0,2.111604938271605,708263
19590,0,0,0,2.1117283950617285,708263
19591,0,0,0,2.111851851851852,708263
19592,0,0,0,2.1119753086419752,708263
19593,0,0,0,2.1120987654320986,708263
19594,386,246,4,2.1117283950617285,708649
19595,0,0,0,2.111851851851852,708649
19596,0,0,0,2.1119753086419752,708649
19597,3,3,0,2.1120987654320986,708652
19598,44,42,0,2.112222222222222,708696
19599,80,80,0,2.112345679012346,708776
19600,0,0,0,2.112469135802469,708776
19601,3572,3572,0,2.1125925925925926,712348
19602,8,8,0,2.112716049382716,712356
19603,52,52,3,2.112469135802469,712408
19604,0,0,0,2.1125925925925926,712408
19605,9,9,0,2.112716049382716,712417
19606,114,80,0,2.1128395061728393,712531
19607,0,0,0,2.112962962962963,712531
19608,0,0,0,2.1130864197530865,712531
19609,0,0,0,2.11320987654321,712531
19610,0,0,0,2.1133333333333333,712531
19611,0,0,0,2.1134567901234567,712531
19612,56,53,0,2.11358024691358,712587
19613,2,2,0,2.113703703703704,712589
19614,0,0,0,2.1138271604938272,712589
19615,1395,920,8,2.112962962962963,713984
19616,73,73,2,2.1128395061728393,714057
19617,33,33,2,2.112716049382716,714090
19618,2,2,0,2.1128395061728393,714092
19619,0,0,0,2.112962962962963,714092
19620,0,0,0,2.1130864197530865,714092
19621,5,5,0,2.11320987654321,714097
19622,0,0,0,2.1133333333333333,714097
19623,1,1,0,2.1134567901234567,714098
19624,0,0,0,2.11358024691358,714098
19625,440,293,1,2.11358024691358,714538
19626,0,0,0,2.113703703703704,714538
19627,335,335,0,2.1138271604938272,714873
19628,15429,4147,29,2.1103703703703705,730302
19629,12,12,0,2.110493827160494,730314
19630,0,0,0,2.110617283950617,730314
19631,1616,953,6,2.11,731930
19632,152,152,3,2.109753086419753,732082
19633,0,0,0,2.1098765432098765,732082
19634,1,1,0,2.11,732083
19635,0,0,0,2.1101234567901233,732083
19636,0,0,0,2.110246913580247,732083
19637,591,364,3,2.11,732674
19638,31,31,0,2.1101234567901233,732705
19639,0,0,0,2.110246913580247,732705
19640,14,14,5,2.109753086419753,732719
19641,2,2,0,2.1098765432098765,732721
19642,1,1,0,2.11,732722
19643,0,0,0,2.1101234567901233,732722
19644,0,0,0,2.110246913580247,732722
19645,1049,873,0,2.1103703703703705,733771
19646,452,452,6,2.109753086419753,734223
19647,1930,1603,26,2.1066666666666665,736153
19648,21,21,0,2.1067901234567903,736174
19649,0,0,0,2.1069135802469137,736174
19650,0,0,0,2.107037037037037,736174
19651,5,5,0,2.1071604938271604,736179
19652,10,9,2,2.107037037037037,736189
19653,0,0,0,2.1071604938271604,736189
19654,1816,1816,5,2.1066666666666665,738005
19655,0,0,0,2.1067901234567903,738005
19656,0,0,0,2.1069135802469137,738005
19657,0,0,0,2.107037037037037,738005
19658,0,0,0,2.1071604938271604,738005
19659,0,0,0,2.107283950617284,738005
19660,0,0,0,2.1074074074074076,738005
19661,2,2,0,2.107530864197531,738007
19662,0,0,0,2.1076543209876544,738007
19663,0,0,0,2.1077777777777778,738007
19664,0,0,0,2.107901234567901,738007
19665,0,0,0,2.1080246913580245,738007
19666,140,140,0,2.1081481481481483,738147
19667,0,0,0,2.1082716049382717,738147
19668,16,16,0,2.108395061728395,738163
19669,11,11,0,2.1085185185185185,738174
19670,0,0,0,2.108641975308642,738174
19671,1,1,0,2.108765432098765,738175
19672,0,0,0,2.108888888888889,738175
19673,0,0,0,2.1090123456790124,738175
19674,0,0,0,2.109135802469136,738175
19675,0,0,0,2.109259259259259,738175
19676,3881,1835,8,2.108395061728395,742056
19677,0,0,0,2.1085185185185185,742056
19678,3,3,0,2.108641975308642,742059
19679,0,0,0,2.108765432098765,742059
19680,2901,2050,0,2.108888888888889,744960
19681,1335,967,23,2.106172839506173,746295
19682,7,7,0,2.1062962962962963,746302
19683,380,380,2,2.106172839506173,746682
19684,156,156,0,2.1062962962962963,746838
19685,0,0,0,2.1064197530864197,746838
19686,6,6,0,2.106543209876543,746844
19687,0,0,0,2.1066666666666665,746844
19688,0,0,0,2.1067901234567903,746844
19689,1225,652,0,2.1069135802469137,748069
19690,0,0,0,2.107037037037037,748069
19691,350,350,0,2.1071604938271604,748419
19692,43,43,0,2.107283950617284,748462
19693,0,0,0,2.1074074074074076,748462
19694,0,0,0,2.107530864197531,748462
19695,0,0,0,2.1076543209876544,748462
19696,16,16,0,2.1077777777777778,748478
19697,316,302,1,2.1077777777777778,748794
19698,0,0,0,2.107901234567901,748794
19699,0,0,0,2.1080246913580245,748794
19700,0,0,0,2.1081481481481483,748794
19701,2,2,0,2.1082716049382717,748796
19702,34,33,0,2.108395061728395,748830
19703,0,0,0,2.1085185185185185,748830
19704,0,0,0,2.108641975308642,748830
19705,0,0,0,2.108765432098765,748830
19706,0,0,0,2.108888888888889,748830
19707,6,6,0,2.1090123456790124,748836
19708,0,0,0,2.109135802469136,748836
19709,0,0,0,2.109259259259259,748836
19710,2549,1947,8,2.108395061728395,751385
19711,7,7,0,2.1085185185185185,751392
19712,0,0,0,2.108641975308642,751392
19713,0,0,0,2.108765432098765,751392
19714,1453,1453,3,2.1085185185185185,752845
19715,0,0,0,2.108641975308642,752845
19716,1,1,0,2.108765432098765,752846
19717,0,0,0,2.108888888888889,752846
19718,0,0,0,2.1090123456790124,752846
19719,0,0,0,2.109135802469136,752846
19720,32,32,1,2.109135802469136,752878
19721,0,0,0,2.109259259259259,752878
19722,5,5,0,2.1093827160493825,752883
19723,0,0,0,2.1095061728395064,752883
19724,7,7,0,2.1096296296296297,752890
19725,0,0,0,2.109753086419753,752890
19726,0,0,0,2.1098765432098765,752890
19727,9,9,0,2.11,752899
19728,0,0,0,2.1101234567901233,752899
19729,1422,1420,0,2.110246913580247,754321
19730,0,0,0,2.1103703703703705,754321
19731,0,0,0,2.110493827160494,754321
19732,0,0,0,2.110617283950617,754321
19733,756,755,4,2.110246913580247,755077
19734,0,0,0,2.1103703703703705,755077
19735,286,250,9,2.1093827160493825,755363
19736,0,0,0,2.1095061728395064,755363
19737,0,0,0,2.1096296296296297,755363
19738,0,0,0,2.109753086419753,755363
19739,0,0,0,2.1098765432098765,755363
19740,183,183,0,2.11,755546
19741,0,0,0,2.1101234567901233,755546
19742,14,14,0,2.110246913580247,755560
19743,3053,2226,7,2.1095061728395064,758613
19744,3,3,0,2.1096296296296297,758616
19745,59,59,1,2.1096296296296297,758675
19746,3,3,0,2.109753086419753,758678
19747,0,0,0,2.1098765432098765,758678
19748,0,0,0,2.11,758678
19749,0,0,0,2.1101234567901233,758678
19750,0,0,0,2.110246913580247,758678
19751,0,0,0,2.1103703703703705,758678
19752,4601,3528,26,2.107283950617284,763279
19753,0,0,0,2.1074074074074076,763279
19754,0,0,0,2.107530864197531,763279
19755,28,28,0,2.1076543209876544,763307
19756,224,189,4,2.107283950617284,763531
19757,27,27,0,2.1074074074074076,763558
19758,0,0,0,2.107530864197531,763558
19759,17,17,0,2.1076543209876544,763575
19760,2,2,1,2.1076543209876544,763577
19761,0,0,0,2.1077777777777778,763577
19762,0,0,0,2.107901234567901,763577
19763,82,82,0,2.1080246913580245,763659
19764,0,0,0,2.1081481481481483,763659
19765,1,1,0,2.1082716049382717,763660
19766,68,68,0,2.108395061728395,763728
19767,0,0,0,2.1085185185185185,763728
19768,0,0,0,2.108641975308642,763728
19769,0,0,0,2.108765432098765,763728
19770,0,0,0,2.108888888888889,763728
19771,204,162,6,2.1082716049382717,763932
19772,2961,2573,36,2.103950617283951,766893
19773,2375,2375,0,2.104074074074074,769268
19774,0,0,0,2.1041975308641976,769268
19775,18,18,0,2.104320987654321,769286
19776,0,0,0,2.1044444444444443,769286
19777,0,0,0,2.1045679012345677,769286
19778,0,0,0,2.1046913580246915,769286
19779,0,0,0,2.104814814814815,769286
19780,0,0,0,2.1049382716049383,769286
19781,0,0,0,2.1050617283950617,769286
19782,0,0,0,2.105185185185185,769286
19783,0,0,0,2.1053086419753084,769286
19784,0,0,0,2.1054320987654322,769286
19785,0,0,0,2.1055555555555556,769286
19786,0,0,0,2.105679012345679,769286
19787,0,0,0,2.1058024691358024,769286
19788,0,0,0,2.1059259259259258,769286
19789,663,456,9,2.1049382716049383,769949
19790,1,1,0,2.1050617283950617,769950
19791,0,0,0,2.105185185185185,769950
19792,0,0,0,2.1053086419753084,769950
19793,115,90,3,2.1050617283950617,770065
19794,75,75,0,2.105185185185185,770140
19795,0,0,0,2.1053086419753084,770140
19796,0,0,0,2.1054320987654322,770140
19797,0,0,0,2.1055555555555556,770140
19798,1,1,0,2.105679012345679,770141
19799,0,0,0,2.1058024691358024,770141
19800,0,0,0,2.1059259259259258,770141
19801,0,0,0,2.1060493827160496,770141
19802,4,4,0,2.106172839506173,770145
19803,5827,3370,17,2.1041975308641976,775972
19804,0,0,0,2.104320987654321,775972
19805,0,0,0,2.1044444444444443,775972
19806,1788,1277,0,2.1045679012345677,777760
19807,0,0,0,2.1046913580246915,777760
19808,4,4,2,2.1045679012345677,777764
19809,1220,1220,1,2.1045679012345677,778984
19810,0,0,0,2.1046913580246915,778984
19811,0,0,0,2.104814814814815,778984
19812,0,0,0,2.1049382716049383,778984
19813,3260,1252,5,2.1044444444444443,782244
19814,0,0,0,2.1045679012345677,782244
19815,0,0,0,2.1046913580246915,782244
19816,578,293,5,2.1041975308641976,782822
19817,7,7,0,2.104320987654321,782829
19818,0,0,0,2.1044444444444443,782829
19819,0,0,0,2.1045679012345677,782829
19820,112,112,1,2.1045679012345677,782941
19821,0,0,0,2.1046913580246915,782941
19822,0,0,0,2.104814814814815,782941
19823,0,0,0,2.1049382716049383,782941
19824,0,0,0,2.1050617283950617,782941
19825,0,0,0,2.105185185185185,782941
19826,0,0,0,2.1053086419753084,782941
19827,0,0,0,2.1054320987654322,782941
19828,0,0,0,2.1055555555555556,782941
19829,0,0,0,2.105679012345679,782941
19830,0,0,0,2.1058024691358024,782941
19831,44,44,0,2.1059259259259258,782985
19832,0,0,0,2.1060493827160496,782985
19833,0,0,0,2.106172839506173,782985
19834,0,0,0,2.1062962962962963,782985
19835,1393,1106,0,2.1064197530864197,784378
19836,409,409,0,2.106543209876543,784787
19837,4596,2591,4,2.106172839506173,789383
19838,0,0,0,2.1062962962962963,789383
19839,12,12,0,2.1064197530864197,789395
19840,0,0,0,2.106543209876543,789395
19841,0,0,0,2.1066666666666665,789395
19842,0,0,0,2.1067901234567903,789395
19843,144,144,0,2.1069135802469137,789539
19844,326,325,9,2.1059259259259258,789865
19845,0,0,0,2.1060493827160496,789865
19846,0,0,0,2.106172839506173,789865
19847,0,0,0,2.1062962962962963,789865
19848,1,1,0,2.1064197530864197,789866
19849,0,0,0,2.106543209876543,789866
19850,17,17,0,2.1066666666666665,789883
19851,0,0,0,2.1067901234567903,789883
19852,5538,2795,7,2.1060493827160496,795421
19853,0,0,0,2.106172839506173,795421
19854,0,0,0,2.1062962962962963,795421
19855,0,0,0,2.1064197530864197,795421
19856,0,0,0,2.106543209876543,795421
19857,0,0,0,2.1066666666666665,795421
19858,0,0,0,2.1067901234567903,795421
19859,3,3,0,2.1069135802469137,795424
19860,0,0,0,2.107037037037037,795424
19861,0,0,0,2.1071604938271604,795424
19862,1,1,0,2.107283950617284,795425
19863,45,45,5,2.1067901234567903,795470
19864,0,0,0,2.1069135802469137,795470
19865,0,0,0,2.107037037037037,795470
19866,0,0,0,2.1071604938271604,795470
19867,5701,2511,18,2.1050617283950617,801171
19868,1078,971,3,2.104814814814815,802249
19869,0,0,0,2.1049382716049383,802249
19870,1,1,0,2.1050617283950617,802250
19871,131,121,0,2.105185185185185,802381
19872,0,0,0,2.1053086419753084,802381
19873,12,12,0,2.1054320987654322,802393
19874,0,0,0,2.1055555555555556,802393
19875,0,0,0,2.105679012345679,802393
19876,19,19,0,2.1058024691358024,802412
19877,10,10,0,2.1059259259259258,802422
19878,0,0,0,2.1060493827160496,802422
19879,109,85,0,2.106172839506173,802531
19880,0,0,0,2.1062962962962963,802531
19881,1115,1115,0,2.1064197530864197,803646
19882,10,10,0,2.106543209876543,803656
19883,4,4,0,2.1066666666666665,803660
19884,0,0,0,2.1067901234567903,803660
19885,0,0,0,2.1069135802469137,803660
19886,0,0,0,2.107037037037037,803660
19887,69,53,0,2.1071604938271604,803729
19888,2,2,0,2.107283950617284,803731
19889,0,0,0,2.1074074074074076,803731
19890,0,0,0,2.107530864197531,803731
19891,20,20,2,2.1074074074074076,803751
19892,0,0,0,2.107530864197531,803751
19893,0,0,0,2.1076543209876544,803751
19894,9,9,0,2.1077777777777778,803760
19895,142,131,0,2.107901234567901,803902
19896,11,11,0,2.1080246913580245,803913
19897,0,0,0,2.1081481481481483,803913
19898,0,0,0,2.1082716049382717,803913
19899,0,0,0,2.108395061728395,803913
19900,0,0,0,2.1085185185185185,803913
19901,0,0,0,2.108641975308642,803913
19902,823,584,0,2.108765432098765,804736
19903,56,56,1,2.108765432098765,804792
19904,5,5,0,2.108888888888889,804797
19905,64,63,0,2.1090123456790124,804861
19906,2,2,2,2.108888888888889,804863
19907,0,0,0,2.1090123456790124,804863
19908,0,0,0,2.109135802469136,804863
19909,0,0,0,2.109259259259259,804863
19910,0,0,0,2.1093827160493825,804863
19911,11,10,3,2.109135802469136,804874
19912,0,0,0,2.109259259259259,804874
19913,0,0,0,2.1093827160493825,804874
19914,0,0,0,2.1095061728395064,804874
19915,5,5,0,2.1096296296296297,804879
19916,0,0,0,2.109753086419753,804879
19917,0,0,0,2.1098765432098765,804879
19918,0,0,0,2.11,804879
19919,287,206,0,2.1101234567901233,805166
19920,13,13,2,2.11,805179
19921,1,1,0,2.1101234567901233,805180
19922,0,0,0,2.110246913580247,805180
19923,696,409,0,2.1103703703703705,805876
19924,0,0,0,2.110493827160494,805876
19925,0,0,0,2.110617283950617,805876
19926,0,0,0,2.1107407407407406,805876
19927,198,146,0,2.1108641975308644,806074
19928,0,0,0,2.110987654320988,806074
19929,0,0,0,2.111111111111111,806074
19930,0,0,0,2.1112345679012345,806074
19931,0,0,0,2.111358024691358,806074
19932,0,0,0,2.1114814814814813,806074
19933,20,20,0,2.111604938271605,806094
19934,0,0,0,2.1117283950617285,806094
19935,161,156,0,2.111851851851852,806255
19936,5,5,0,2.1119753086419752,806260
19937,1377,1377,7,2.1112345679012345,807637
19938,3349,2305,5,2.1107407407407406,810986
19939,1,1,0,2.1108641975308644,810987
19940,0,0,0,2.110987654320988,810987
19941,0,0,0,2.111111111111111,810987
19942,10900,4118,13,2.1096296296296297,821887
19943,4,4,0,2.109753086419753,821891
19944,0,0,0,2.1098765432098765,821891
19945,48,48,1,2.1098765432098765,821939
19946,0,0,0,2.11,821939
19947,0,0,0,2.1101234567901233,821939
19948,869,547,4,2.109753086419753,822808
19949,4,4,0,2.1098765432098765,822812
19950,0,0,0,2.11,822812
19951,159,159,0,2.1101234567901233,822971
19952,222,222,0,2.110246913580247,823193
19953,0,0,0,2.1103703703703705,823193
19954,287,242,0,2.110493827160494,823480
19955,0,0,0,2.110617283950617,823480
19956,8,8,2,2.110493827160494,823488
19957,314,218,0,2.110617283950617,823802
19958,0,0,0,2.1107407407407406,823802
19959,0,0,0,2.1108641975308644,823802
19960,0,0,0,2.110987654320988,823802
19961,31,31,4,2.110617283950617,823833
19962,0,0,0,2.1107407407407406,823833
19963,0,0,0,2.1108641975308644,823833
19964,24,24,2,2.1107407407407406,823857
19965,46,46,0,2.1108641975308644,823903
19966,753,626,0,2.110987654320988,824656
19967,7,7,0,2.111111111111111,824663
19968,84,84,0,2.1112345679012345,824747
19969,0,0,0,2.111358024691358,824747
19970,0,0,0,2.1114814814814813,824747
19971,352,344,0,2.111604938271605,825099
19972,4,4,3,2.111358024691358,825103
19973,0,0,0,2.1114814814814813,825103
19974,634,634,0,2.111604938271605,825737
19975,0,0,0,2.1117283950617285,825737
19976,0,0,0,2.111851851851852,825737
19977,47,34,0,2.1119753086419752,825784
19978,1,1,0,2.1120987654320986,825785
19979,2,2,0,2.112222222222222,825787
19980,0,0,0,2.112345679012346,825787
19981,241,182,0,2.112469135802469,826028
19982,341,291,0,2.1125925925925926,826369
19983,0,0,0,2.112716049382716,826369
19984,764,558,16,2.1108641975308644,827133
19985,0,0,0,2.110987654320988,827133
19986,2,2,0,2.111111111111111,827135
19987,3,3,0,2.1112345679012345,827138
19988,73,69,0,2.111358024691358,827211
19989,0,0,0,2.1114814814814813,827211
19990,0,0,0,2.111604938271605,827211
19991,1442,1110,10,2.110493827160494,828653
19992,0,0,0,2.110617283950617,828653
19993,0,0,0,2.1107407407407406,828653
19994,67,64,8,2.1098765432098765,828720
19995,0,0,0,2.11,828720
19996,0,0,0,2.1101234567901233,828720
19997,1,1,2,2.11,828721
19998,1895,1895,5,2.1095061728395064,830616
19999,11,11,0,2.1096296296296297,830627
20000,0,0,0,2.109753086419753,830627
20001,0,0,0,2.1098765432098765,830627
20002,0,0,0,2.11,830627
20003,0,0,0,2.1101234567901233,830627
20004,1,1,0,2.110246913580247,830628
20005,369,304,0,2.1103703703703705,830997
20006,0,0,0,2.110493827160494,830997
20007,237,222,0,2.110617283950617,831234
20008,0,0,0,2.1107407407407406,831234
20009,66,60,0,2.1108641975308644,831300
20010,0,0,0,2.110987654320988,831300
20011,0,0,0,2.111111111111111,831300
20012,1,1,0,2.1112345679012345,831301
20013,0,0,0,2.111358024691358,831301
20014,0,0,0,2.1114814814814813,831301
20015,0,0,0,2.111604938271605,831301
20016,0,0,0,2.1117283950617285,831301
20017,173,170,0,2.111851851851852,831474
20018,105,95,0,2.1119753086419752,831579
20019,0,0,0,2.1120987654320986,831579
20020,827,822,0,2.112222222222222,832406
20021,11,11,0,2.112345679012346,832417
20022,0,0,0,2.112469135802469,832417
20023,4,4,0,2.1125925925925926,832421
20024,0,0,0,2.112716049382716,832421
20025,2,2,0,2.1128395061728393,832423
20026,1,1,0,2.112962962962963,832424
20027,417,323,1,2.112962962962963,832841
20028,0,0,0,2.1130864197530865,832841
20029,0,0,0,2.11320987654321,832841
20030,426,426,0,2.1133333333333333,833267
20031,0,0,0,2.1134567901234567,833267
20032,0,0,0,2.11358024691358,833267
20033,3,3,1,2.11358024691358,833270
20034,0,0,0,2.113703703703704,833270
20035,1046,1026,8,2.1128395061728393,834316
20036,444,444,0,2.112962962962963,834760
20037,99,99,9,2.1119753086419752,834859
20038,0,0,0,2.1120987654320986,834859
20039,0,0,0,2.112222222222222,834859
20040,0,0,0,2.112345679012346,834859
20041,9,9,0,2.112469135802469,834868
20042,0,0,0,2.1125925925925926,834868
20043,0,0,0,2.112716049382716,834868
20044,0,0,0,2.1128395061728393,834868
20045,0,0,0,2.112962962962963,834868
20046,0,0,0,2.1130864197530865,834868
20047,0,0,0,2.11320987654321,834868
20048,153,153,0,2.1133333333333333,835021
20049,6,6,0,2.1134567901234567,835027
20050,3,3,0,2.11358024691358,835030
20051,5,5,0,2.113703703703704,835035
20052,0,0,0,2.1138271604938272,835035
20053,0,0,0,2.1139506172839506,835035
20054,0,0,0,2.114074074074074,835035
20055,0,0,0,2.1141975308641974,835035
20056,0,0,0,2.114320987654321,835035
20057,39,39,0,2.1144444444444446,835074
20058,0,0,0,2.114567901234568,835074
20059,0,0,0,2.1146913580246913,835074
20060,31,31,2,2.114567901234568,835105
20061,0,0,0,2.1146913580246913,835105
20062,4,4,0,2.1148148148148147,835109
20063,0,0,0,2.114938271604938,835109
20064,1054,793,0,2.115061728395062,836163
20065,0,0,0,2.1151851851851853,836163
20066,3,3,0,2.1153086419753087,836166
20067,320,311,6,2.1146913580246913,836486
20068,0,0,0,2.1148148148148147,836486
20069,204,145,8,2.1139506172839506,836690
20070,2,2,0,2.114074074074074,836692
20071,0,0,0,2.1141975308641974,836692
20072,5,5,3,2.1139506172839506,836697
20073,0,0,0,2.114074074074074,836697
20074,0,0,0,2.1141975308641974,836697
20075,1079,1077,2,2.114074074074074,837776
20076,0,0,0,2.1141975308641974,837776
20077,1,1,0,2.114320987654321,837777
20078,0,0,0,2.1144444444444446,837777
20079,0,0,0,2.114567901234568,837777
20080,5,5,0,2.1146913580246913,837782
20081,0,0,0,2.1148148148148147,837782
20082,3,3,0,2.114938271604938,837785
20083,6730,4148,5,2.1144444444444446,844515
20084,0,0,0,2.114567901234568,844515
20085,0,0,0,2.1146913580246913,844515
20086,7972,2108,35,2.110493827160494,852487
20087,0,0,0,2.110617283950617,852487
20088,7,7,0,2.1107407407407406,852494
20089,0,0,0,2.1108641975308644,852494
20090,2,2,0,2.110987654320988,852496
20091,0,0,0,2.111111111111111,852496
20092,35,33,0,2.1112345679012345,852531
20093,0,0,0,2.111358024691358,852531
20094,22,22,0,2.1114814814814813,852553
20095,4,4,0,2.111604938271605,852557
20096,0,0,0,2.1117283950617285,852557
20097,0,0,0,2.111851851851852,852557
20098,0,0,0,2.1119753086419752,852557
20099,1,1,0,2.1120987654320986,852558
20100,0,0,0,2.112222222222222,852558
20101,0,0,0,2.112345679012346,852558
20102,2,2,2,2.112222222222222,852560
20103,0,0,0,2.112345679012346,852560
20104,0,0,0,2.112469135802469,852560
20105,0,0,0,2.1125925925925926,852560
20106,4,4,0,2.112716049382716,852564
20107,305,305,14,2.111111111111111,852869
20108,0,0,0,2.1112345679012345,852869
20109,3,3,0,2.111358024691358,852872
20110,0,0,0,2.1114814814814813,852872
20111,0,0,0,2.111604938271605,852872
20112,0,0,0,2.1117283950617285,852872
20113,0,0,0,2.111851851851852,852872
20114,0,0,0,2.1119753086419752,852872
20115,0,0,0,2.1120987654320986,852872
20116,0,0,0,2.112222222222222,852872
20117,83,83,0,2.112345679012346,852955
20118,5664,3934,22,2.109753086419753,858619
20119,0,0,0,2.1098765432098765,858619
20120,214,209,0,2.11,858833
20121,0,0,0,2.1101234567901233,858833
20122,0,0,0,2.110246913580247,858833
20123,0,0,0,2.1103703703703705,858833
20124,0,0,0,2.110493827160494,858833
20125,11,11,0,2.110617283950617,858844
20126,0,0,0,2.1107407407407406,858844
20127,29,27,0,2.1108641975308644,858873
20128,0,0,0,2.110987654320988,858873
20129,0,0,0,2.111111111111111,858873
20130,0,0,0,2.1112345679012345,858873
20131,0,0,0,2.111358024691358,858873
20132,1,1,0,2.1114814814814813,858874
20133,0,0,0,2.111604938271605,858874
20134,5344,3494,5,2.111111111111111,864218
20135,58,58,0,2.1112345679012345,864276
20136,0,0,0,2.111358024691358,864276
20137,0,0,0,2.1114814814814813,864276
20138,0,0,0,2.111604938271605,864276
20139,0,0,0,2.1117283950617285,864276
20140,5,5,0,2.111851851851852,864281
20141,7435,4500,6,2.1112345679012345,871716
20142,0,0,0,2.111358024691358,871716
20143,1,1,0,2.1114814814814813,871717
20144,1,1,0,2.111604938271605,871718
20145,313,288,6,2.110987654320988,872031
20146,0,0,0,2.111111111111111,872031
20147,0,0,0,2.1112345679012345,872031
20148,0,0,0,2.111358024691358,872031
20149,678,583,8,2.110493827160494,872709
20150,0,0,0,2.110617283950617,872709
20151,582,582,5,2.1101234567901233,873291
20152,0,0,0,2.110246913580247,873291
20153,0,0,0,2.1103703703703705,873291
20154,1,1,0,2.110493827160494,873292
20155,0,0,0,2.110617283950617,873292
20156,41,41,0,2.1107407407407406,873333
20157,7,7,0,2.1108641975308644,873340
20158,178,178,0,2.110987654320988,873518
20159,0,0,0,2.111111111111111,873518
20160,0,0,0,2.1112345679012345,873518
20161,0,0,0,2.111358024691358,873518
20162,0,0,0,2.1114814814814813,873518
20163,0,0,0,2.111604938271605,873518
20164,0,0,0,2.1117283950617285,873518
20165,30,30,0,2.111851851851852,873548
20166,0,0,0,2.1119753086419752,873548
20167,0,0,0,2.1120987654320986,873548
20168,271,200,0,2.112222222222222,873819
20169,0,0,0,2.112345679012346,873819
20170,74,56,0,2.112469135802469,873893
20171,0,0,0,2.1125925925925926,873893
20172,0,0,0,2.112716049382716,873893
20173,0,0,0,2.1128395061728393,873893
20174,1,1,0,2.112962962962963,873894
20175,191,142,4,2.1125925925925926,874085
20176,263,263,7,2.111851851851852,874348
20177,9,9,0,2.1119753086419752,874357
20178,0,0,0,2.1120987654320986,874357
20179,0,0,0,2.112222222222222,874357
20180,0,0,0,2.112345679012346,874357
20181,0,0,0,2.112469135802469,874357
20182,0,0,0,2.1125925925925926,874357
20183,0,0,0,2.112716049382716,874357
20184,0,0,0,2.1128395061728393,874357
20185,1,1,0,2.112962962962963,874358
20186,0,0,0,2.1130864197530865,874358
20187,146,146,0,2.11320987654321,874504
20188,0,0,0,2.1133333333333333,874504
20189,0,0,0,2.1134567901234567,874504
20190,0,0,0,2.11358024691358,874504
20191,1,1,0,2.113703703703704,874505
20192,0,0,0,2.1138271604938272,874505
20193,0,0,0,2.1139506172839506,874505
20194,0,0,0,2.114074074074074,874505
20195,0,0,0,2.1141975308641974,874505
20196,0,0,0,2.114320987654321,874505
20197,0,0,0,2.1144444444444446,874505
20198,0,0,0,2.114567901234568,874505
20199,6399,3729,7,2.1138271604938272,880904
20200,0,0,0,2.1139506172839506,880904
20201,0,0,0,2.114074074074074,880904
20202,0,0,0,2.1141975308641974,880904
20203,0,0,0,2.114320987654321,880904
20204,0,0,0,2.1144444444444446,880904
20205,0,0,0,2.114567901234568,880904
20206,0,0,0,2.1146913580246913,880904
20207,0,0,0,2.1148148148148147,880904
20208,0,0,0,2.114938271604938,880904
20209,0,0,0,2.115061728395062,880904
20210,1,1,0,2.1151851851851853,880905
20211,0,0,0,2.1153086419753087,880905
20212,0,0,0,2.115432098765432,880905
20213,0,0,0,2.1155555555555554,880905
20214,0,0,0,2.1156790123456792,880905
20215,0,0,0,2.1158024691358026,880905
20216,0,0,0,2.115925925925926,880905
20217,76,58,5,2.115432098765432,880981
20218,0,0,0,2.1155555555555554,880981
20219,0,0,0,2.1156790123456792,880981
20220,1,1,0,2.1158024691358026,880982
20221,0,0,0,2.115925925925926,880982
20222,37,37,0,2.1160493827160494,881019
20223,502,497,0,2.1161728395061727,881521
20224,824,650,0,2.116296296296296,882345
20225,0,0,0,2.11641975308642,882345
20226,0,0,0,2.1165432098765433,882345
20227,0,0,0,2.1166666666666667,882345
20228,0,0,0,2.11679012345679,882345
20229,0,0,0,2.1169135802469135,882345
20230,34,34,0,2.117037037037037,882379
20231,0,0,0,2.1171604938271606,882379
20232,0,0,0,2.117283950617284,882379
20233,2684,2684,11,2.1160493827160494,885063
20234,0,0,0,2.1161728395061727,885063
20235,0,0,0,2.116296296296296,885063
20236,0,0,0,2.11641975308642,885063
20237,0,0,0,2.1165432098765433,885063
20238,0,0,0,2.1166666666666667,885063
20239,0,0,0,2.11679012345679,885063
20240,60,60,0,2.1169135802469135,885123
20241,0,0,0,2.117037037037037,885123
20242,0,0,0,2.1171604938271606,885123
20243,19,18,0,2.117283950617284,885142
20244,0,0,0,2.1174074074074074,885142
20245,0,0,0,2.117530864197531,885142
20246,600,486,4,2.1171604938271606,885742
20247,54,47,1,2.1171604938271606,885796
20248,12,12,0,2.117283950617284,885808
20249,1555,1538,2,2.1171604938271606,887363
20250,0,0,0,2.117283950617284,887363
20251,6148,4333,23,2.114567901234568,893511
20252,502,397,0,2.1146913580246913,894013
20253,0,0,0,2.1148148148148147,894013
20254,0,0,0,2.114938271604938,894013
20255,643,635,6,2.114320987654321,894656
20256,10,10,0,2.1144444444444446,894666
20257,0,0,0,2.114567901234568,894666
20258,0,0,0,2.1146913580246913,894666
20259,0,0,0,2.1148148148148147,894666
20260,0,0,0,2.114938271604938,894666
20261,0,0,0,2.115061728395062,894666
20262,0,0,0,2.1151851851851853,894666
20263,123,123,5,2.1146913580246913,894789
20264,5,5,0,2.1148148148148147,894794
20265,1,1,0,2.114938271604938,894795
20266,186,145,0,2.115061728395062,894981
20267,683,631,6,2.1144444444444446,895664
20268,0,0,0,2.114567901234568,895664
20269,0,0,0,2.1146913580246913,895664
20270,0,0,0,2.1148148148148147,895664
20271,1,1,0,2.114938271604938,895665
20272,0,0,0,2.115061728395062,895665
20273,0,0,0,2.1151851851851853,895665
20274,1381,1364,13,2.113703703703704,897046
20275,0,0,0,2.1138271604938272,897046
20276,3142,2351,12,2.112469135802469,900188
20277,1,1,0,2.1125925925925926,900189
20278,9948,3766,11,2.111358024691358,910137
20279,0,0,0,2.1114814814814813,910137
20280,0,0,0,2.111604938271605,910137
20281,0,0,0,2.1117283950617285,910137
20282,883,832,0,2.111851851851852,911020
20283,0,0,0,2.1119753086419752,911020
20284,0,0,0,2.1120987654320986,911020
20285,1162,1056,0,2.112222222222222,912182
20286,0,0,0,2.112345679012346,912182
20287,0,0,0,2.112469135802469,912182
20288,0,0,0,2.1125925925925926,912182
20289,0,0,0,2.112716049382716,912182
20290,0,0,0,2.1128395061728393,912182
20291,4336,3161,0,2.112962962962963,916518
20292,0,0,0,2.1130864197530865,916518
20293,0,0,0,2.11320987654321,916518
20294,17,17,0,2.1133333333333333,916535
20295,0,0,0,2.1134567901234567,916535
20296,2531,1734,0,2.11358024691358,919066
20297,1591,1379,6,2.112962962962963,920657
20298,275,272,11,2.1117283950617285,920932
20299,0,0,0,2.111851851851852,920932
20300,0,0,0,2.1119753086419752,920932
20301,0,0,0,2.1120987654320986,920932
20302,98,97,0,2.112222222222222,921030
20303,1,1,0,2.112345679012346,921031
20304,5,5,0,2.112469135802469,921036
20305,0,0,0,2.1125925925925926,921036
20306,0,0,0,2.112716049382716,921036
20307,0,0,0,2.1128395061728393,921036
20308,0,0,0,2.112962962962963,921036
20309,6,6,2,2.1128395061728393,921042
20310,0,0,0,2.112962962962963,921042
20311,6,6,0,2.1130864197530865,921048
20312,0,0,0,2.11320987654321,921048
20313,0,0,0,2.1133333333333333,921048
20314,15,15,0,2.1134567901234567,921063
20315,507,462,0,2.11358024691358,921570
20316,37,35,0,2.113703703703704,921607
20317,0,0,0,2.1138271604938272,921607
20318,0,0,0,2.1139506172839506,921607
20319,3866,2126,8,2.1130864197530865,925473
20320,22,21,0,2.11320987654321,925495
20321,0,0,0,2.1133333333333333,925495
20322,0,0,0,2.1134567901234567,925495
20323,0,0,0,2.11358024691358,925495
20324,3021,3021,10,2.112469135802469,928516
20325,0,0,0,2.1125925925925926,928516
20326,0,0,0,2.112716049382716,928516
20327,30,29,0,2.1128395061728393,928546
20328,0,0,0,2.112962962962963,928546
20329,1,1,0,2.1130864197530865,928547
20330,0,0,0,2.11320987654321,928547
20331,0,0,0,2.1133333333333333,928547
20332,2997,1468,1,2.1133333333333333,931544
20333,0,0,0,2.1134567901234567,931544
20334,2,2,0,2.11358024691358,931546
20335,0,0,0,2.113703703703704,931546
20336,114,85,1,2.113703703703704,931660
20337,0,0,0,2.1138271604938272,931660
20338,0,0,0,2.1139506172839506,931660
20339,0,0,0,2.114074074074074,931660
20340,0,0,0,2.1141975308641974,931660
20341,3,3,2,2.114074074074074,931663
20342,7,7,0,2.1141975308641974,931670
20343,1348,1076,1,2.1141975308641974,933018
20344,1823,1816,11,2.112962962962963,934841
20345,269,202,12,2.111604938271605,935110
20346,0,0,0,2.1117283950617285,935110
20347,104,104,0,2.111851851851852,935214
20348,202,202,0,2.1119753086419752,935416
20349,0,0,0,2.1120987654320986,935416
20350,0,0,0,2.112222222222222,935416
20351,0,0,0,2.112345679012346,935416
20352,27,27,0,2.112469135802469,935443
20353,10,9,0,2.1125925925925926,935453
20354,0,0,0,2.112716049382716,935453
20355,0,0,0,2.1128395061728393,935453
20356,68,61,0,2.112962962962963,935521
20357,0,0,0,2.1130864197530865,935521
20358,2,2,0,2.11320987654321,935523
20359,0,0,0,2.1133333333333333,935523
20360,0,0,0,2.1134567901234567,935523
20361,12,12,0,2.11358024691358,935535
20362,0,0,0,2.113703703703704,935535
20363,1,1,0,2.1138271604938272,935536
20364,0,0,0,2.1139506172839506,935536
20365,1170,662,0,2.114074074074074,936706
20366,525,519,15,2.112345679012346,937231
20367,2,2,0,2.112469135802469,937233
20368,0,0,0,2.1125925925925926,937233
20369,0,0,0,2.112716049382716,937233
20370,0,0,0,2.1128395061728393,937233
20371,35,34,1,2.1128395061728393,937268
20372,236,236,0,2.112962962962963,937504
20373,1,1,0,2.1130864197530865,937505
20374,113,85,0,2.11320987654321,937618
20375,84,84,0,2.1133333333333333,937702
20376,0,0,0,2.1134567901234567,937702
20377,0,0,0,2.11358024691358,937702
20378,1204,1204,10,2.112469135802469,938906
20379,20,20,2,2.112345679012346,938926
20380,0,0,0,2.112469135802469,938926
20381,0,0,0,2.1125925925925926,938926
20382,864,849,6,2.1119753086419752,939790
20383,0,0,0,2.1120987654320986,939790
20384,0,0,0,2.112222222222222,939790
20385,9,9,0,2.112345679012346,939799
20386,0,0,0,2.112469135802469,939799
20387,0,0,0,2.1125925925925926,939799
20388,100,100,0,2.112716049382716,939899
20389,0,0,0,2.1128395061728393,939899
20390,355,296,1,2.1128395061728393,940254
20391,0,0,0,2.112962962962963,940254
20392,0,0,0,2.1130864197530865,940254
20393,17,17,0,2.11320987654321,940271
20394,0,0,0,2.1133333333333333,940271
20395,0,0,0,2.1134567901234567,940271
20396,0,0,0,2.11358024691358,940271
20397,0,0,0,2.113703703703704,940271
20398,226,212,0,2.1138271604938272,940497
20399,0,0,0,2.1139506172839506,940497
20400,0,0,0,2.114074074074074,940497
20401,57,57,2,2.1139506172839506,940554
20402,0,0,0,2.114074074074074,940554
20403,0,0,0,2.1141975308641974,940554
20404,1759,1670,12,2.1128395061728393,942313
20405,0,0,0,2.112962962962963,942313
20406,0,0,0,2.1130864197530865,942313
20407,46,45,0,2.11320987654321,942359
20408,0,0,0,2.1133333333333333,942359
20409,1,1,0,2.1134567901234567,942360
20410,0,0,0,2.11358024691358,942360
20411,17,15,0,2.113703703703704,942377
20412,0,0,0,2.1138271604938272,942377
20413,0,0,0,2.1139506172839506,942377
20414,24,24,0,2.114074074074074,942401
20415,116,116,6,2.1134567901234567,942517
20416,3593,3582,12,2.1120987654320986,946110
20417,827,769,2,2.1119753086419752,946937
20418,10,10,0,2.1120987654320986,946947
20419,0,0,0,2.112222222222222,946947
20420,0,0,0,2.112345679012346,946947
20421,0,0,0,2.112469135802469,946947
20422,1,1,0,2.1125925925925926,946948
20423,1429,1427,0,2.112716049382716,948377
20424,1,1,0,2.1128395061728393,948378
20425,12,12,3,2.1125925925925926,948390
20426,0,0,0,2.112716049382716,948390
20427,3,3,0,2.1128395061728393,948393
20428,4578,4442,9,2.111851851851852,952971
20429,10,10,2,2.1117283950617285,952981
20430,1119,1118,4,2.111358024691358,954100
20431,0,0,0,2.1114814814814813,954100
20432,0,0,0,2.111604938271605,954100
20433,2,2,0,2.1117283950617285,954102
20434,126,100,1,2.1117283950617285,954228
20435,0,0,0,2.111851851851852,954228
20436,0,0,0,2.1119753086419752,954228
20437,2,2,0,2.1120987654320986,954230
20438,0,0,0,2.112222222222222,954230
20439,0,0,0,2.112345679012346,954230
20440,4679,4471,8,2.1114814814814813,958909
20441,0,0,0,2.111604938271605,958909
20442,65,49,5,2.111111111111111,958974
20443,0,0,0,2.1112345679012345,958974
20444,0,0,0,2.111358024691358,958974
20445,19,19,0,2.1114814814814813,958993
20446,1,1,0,2.111604938271605,958994
20447,0,0,0,2.1117283950617285,958994
20448,0,0,0,2.111851851851852,958994
20449,1965,1894,0,2.1119753086419752,960959
20450,3,3,0,2.1120987654320986,960962
20451,0,0,0,2.112222222222222,960962
20452,0,0,0,2.112345679012346,960962
20453,0,0,0,2.112469135802469,960962
20454,0,0,0,2.1125925925925926,960962
20455,2,2,0,2.112716049382716,960964
20456,0,0,0,2.1128395061728393,960964
20457,474,474,8,2.1119753086419752,961438
20458,24,24,0,2.1120987654320986,961462
20459,5,5,0,2.112222222222222,961467
20460,0,0,0,2.112345679012346,961467
20461,0,0,0,2.112469135802469,961467
20462,0,0,0,2.1125925925925926,961467
20463,0,0,0,2.112716049382716,961467
20464,1,1,0,2.1128395061728393,961468
20465,0,0,0,2.112962962962963,961468
20466,0,0,0,2.1130864197530865,961468
20467,2094,776,0,2.11320987654321,963562
20468,4448,4408,9,2.112222222222222,968010
20469,57,51,0,2.112345679012346,968067
20470,213,191,2,2.112222222222222,968280
20471,16,16,1,2.112222222222222,968296
20472,134,126,0,2.112345679012346,968430
20473,0,0,0,2.112469135802469,968430
20474,15017,4974,16,2.110617283950617,983447
20475,0,0,0,2.1107407407407406,983447
20476,40,40,0,2.1108641975308644,983487
20477,0,0,0,2.110987654320988,983487
20478,0,0,0,2.111111111111111,983487
20479,1,1,1,2.111111111111111,983488
20480,1166,698,16,2.109259259259259,984654
20481,0,0,0,2.1093827160493825,984654
20482,0,0,0,2.1095061728395064,984654
20483,1,1,0,2.1096296296296297,984655
20484,152,110,0,2.109753086419753,984807
20485,0,0,0,2.1098765432098765,984807
20486,0,0,0,2.11,984807
20487,2,2,0,2.1101234567901233,984809
20488,63,63,2,2.11,984872
20489,4,4,0,2.1101234567901233,984876
20490,262,262,0,2.110246913580247,985138
20491,0,0,0,2.1103703703703705,985138
20492,1,1,1,2.1103703703703705,985139
20493,8,8,0,2.110493827160494,985147
20494,0,0,0,2.110617283950617,985147
20495,29,28,3,2.1103703703703705,985176
20496,0,0,0,2.110493827160494,985176
20497,2,2,0,2.110617283950617,985178
20498,0,0,0,2.1107407407407406,985178
20499,1,1,0,2.1108641975308644,985179
20500,0,0,0,2.110987654320988,985179
20501,19,18,0,2.111111111111111,985198
20502,0,0,0,2.1112345679012345,985198
20503,0,0,0,2.111358024691358,985198
20504,0,0,0,2.1114814814814813,985198
20505,723,723,5,2.110987654320988,985921
20506,0,0,0,2.111111111111111,985921
20507,0,0,0,2.1112345679012345,985921
20508,2564,1697,0,2.111358024691358,988485
20509,0,0,0,2.1114814814814813,988485
20510,41,41,0,2.111604938271605,988526
20511,0,0,0,2.1117283950617285,988526
20512,0,0,0,2.111851851851852,988526
20513,0,0,0,2.1119753086419752,988526
20514,0,0,0,2.1120987654320986,988526
20515,35,35,0,2.112222222222222,988561
20516,2,2,0,2.112345679012346,988563
20517,149,149,0,2.112469135802469,988712
20518,0,0,0,2.1125925925925926,988712
20519,0,0,0,2.112716049382716,988712
20520,0,0,0,2.1128395061728393,988712
20521,0,0,0,2.112962962962963,988712
20522,0,0,0,2.1130864197530865,988712
20523,3,3,0,2.11320987654321,988715
20524,0,0,0,2.1133333333333333,988715
20525,555,532,0,2.1134567901234567,989270
20526,0,0,0,2.11358024691358,989270
20527,6,6,0,2.113703703703704,989276
20528,0,0,0,2.1138271604938272,989276
20529,0,0,0,2.1139506172839506,989276
20530,0,0,0,2.114074074074074,989276
20531,0,0,0,2.1141975308641974,989276
20532,0,0,0,2.114320987654321,989276
20533,0,0,0,2.1144444444444446,989276
20534,18,18,0,2.114567901234568,989294
20535,0,0,0,2.1146913580246913,989294
20536,1,1,0,2.1148148148148147,989295
20537,0,0,0,2.114938271604938,989295
20538,0,0,0,2.115061728395062,989295
20539,7,7,0,2.1151851851851853,989302
20540,0,0,0,2.1153086419753087,989302
20541,1399,1168,5,2.1148148148148147,990701
20542,687,680,0,2.114938271604938,991388
20543,1966,1936,13,2.1134567901234567,993354
20544,0,0,0,2.11358024691358,993354
20545,0,0,0,2.113703703703704,993354
20546,0,0,0,2.1138271604938272,993354
20547,366,366,0,2.1139506172839506,993720
20548,0,0,0,2.114074074074074,993720
20549,1,1,0,2.1141975308641974,993721
20550,0,0,0,2.114320987654321,993721
20551,0,0,0,2.1144444444444446,993721
20552,2507,2061,21,2.1119753086419752,996228
20553,0,0,0,2.1120987654320986,996228
20554,0,0,0,2.112222222222222,996228
20555,1,1,0,2.112345679012346,996229
20556,0,0,0,2.112469135802469,996229
20557,0,0,0,2.1125925925925926,996229
20558,51,51,0,2.112716049382716,996280
20559,0,0,0,2.1128395061728393,996280
20560,3,3,0,2.112962962962963,996283
20561,0,0,0,2.1130864197530865,996283
20562,2,2,0,2.11320987654321,996285
20563,1091,1091,1,2.11320987654321,997376
20564,1010,980,9,2.112222222222222,998386
20565,0,0,0,2.112345679012346,998386
20566,36,36,0,2.112469135802469,998422
20567,14,14,0,2.1125925925925926,998436
20568,0,0,0,2.112716049382716,998436
20569,20,20,2,2.1125925925925926,998456
20570,0,0,0,2.112716049382716,998456
20571,0,0,0,2.1128395061728393,998456
20572,0,0,0,2.112962962962963,998456
20573,0,0,0,2.1130864197530865,998456
20574,0,0,0,2.11320987654321,998456
20575,0,0,0,2.1133333333333333,998456
20576,6,6,0,2.1134567901234567,998462
20577,3,3,0,2.11358024691358,998465
20578,0,0,0,2.113703703703704,998465
20579,0,0,0,2.1138271604938272,998465
20580,0,0,0,2.1139506172839506,998465
20581,534,534,0,2.114074074074074,998999
20582,4,4,0,2.1141975308641974,999003
20583,0,0,0,2.114320987654321,999003
20584,0,0,0,2.1144444444444446,999003
20585,2,2,0,2.114567901234568,999005
20586,1,1,0,2.1146913580246913,999006
20587,0,0,0,2.1148148148148147,999006
20588,0,0,0,2.114938271604938,999006
20589,0,0,0,2.115061728395062,999006
20590,0,0,0,2.1151851851851853,999006
20591,1,1,0,2.1153086419753087,999007
20592,0,0,0,2.115432098765432,999007
20593,1,1,0,2.1155555555555554,999008
20594,1,1,0,2.1156790123456792,999009
20595,0,0,0,2.1158024691358026,999009
20596,679,670,0,2.115925925925926,999688
20597,847,847,9,2.114938271604938,1000535
20598,0,0,0,2.115061728395062,1000535
20599,67,67,0,2.1151851851851853,1000602
20600,7,7,0,2.1153086419753087,1000609
20601,3,3,0,2.115432098765432,1000612
20602,1,1,0,2.1155555555555554,1000613
20603,0,0,0,2.1156790123456792,1000613
20604,415,265,0,2.1158024691358026,1001028
20605,6104,3619,10,2.1146913580246913,1007132
20606,0,0,0,2.1148148148148147,1007132
20607,0,0,0,2.114938271604938,1007132
20608,6,6,0,2.115061728395062,1007138
20609,0,0,0,2.1151851851851853,1007138
20610,54,54,0,2.1153086419753087,1007192
20611,0,0,0,2.115432098765432,1007192
20612,2414,1583,5,2.114938271604938,1009606
20613,54,46,0,2.115061728395062,1009660
20614,0,0,0,2.1151851851851853,1009660
20615,18,17,0,2.1153086419753087,1009678
20616,0,0,0,2.115432098765432,1009678
20617,0,0,0,2.1155555555555554,1009678
20618,236,233,15,2.1138271604938272,1009914
20619,1298,962,9,2.1128395061728393,1011212
20620,1,1,0,2.112962962962963,1011213
20621,0,0,0,2.1130864197530865,1011213
20622,1369,1260,2,2.112962962962963,1012582
20623,140,140,9,2.1119753086419752,1012722
20624,0,0,0,2.1120987654320986,1012722
20625,217,217,5,2.111604938271605,1012939
20626,0,0,0,2.1117283950617285,1012939
20627,0,0,0,2.111851851851852,1012939
20628,0,0,0,2.1119753086419752,1012939
20629,0,0,0,2.1120987654320986,1012939
20630,0,0,0,2.112222222222222,1012939
20631,0,0,0,2.112345679012346,1012939
20632,0,0,0,2.112469135802469,1012939
20633,380,298,0,2.1125925925925926,1013319
20634,0,0,0,2.112716049382716,1013319
20635,45,42,0,2.1128395061728393,1013364
20636,0,0,0,2.112962962962963,1013364
20637,5552,2959,16,2.111111111111111,1018916
20638,1,1,0,2.1112345679012345,1018917
20639,0,0,0,2.111358024691358,1018917
20640,0,0,0,2.1114814814814813,1018917
20641,0,0,0,2.111604938271605,1018917
20642,3191,2233,12,2.110246913580247,1022108
20643,24,22,0,2.1103703703703705,1022132
20644,23,23,0,2.110493827160494,1022155
20645,1153,694,0,2.110617283950617,1023308
20646,0,0,0,2.1107407407407406,1023308
20647,0,0,0,2.1108641975308644,1023308
20648,193,167,2,2.1107407407407406,1023501
20649,68,68,0,2.1108641975308644,1023569
20650,0,0,0,2.110987654320988,1023569
20651,0,0,0,2.111111111111111,1023569
20652,15,15,1,2.111111111111111,1023584
20653,0,0,0,2.1112345679012345,1023584
20654,16,15,0,2.111358024691358,1023600
20655,138,95,2,2.1112345679012345,1023738
20656,0,0,0,2.111358024691358,1023738
20657,0,0,0,2.1114814814814813,1023738
20658,0,0,0,2.111604938271605,1023738
20659,0,0,0,2.1117283950617285,1023738
20660,0,0,0,2.111851851851852,1023738
20661,0,0,0,2.1119753086419752,1023738
20662,2,2,0,2.1120987654320986,1023740
20663,0,0,0,2.112222222222222,1023740
20664,0,0,0,2.112345679012346,1023740
20665,0,0,0,2.112469135802469,1023740
20666,0,0,0,2.1125925925925926,1023740
20667,0,0,0,2.112716049382716,1023740
20668,50,36,0,2.1128395061728393,1023790
20669,19,19,0,2.112962962962963,1023809
20670,2039,1912,4,2.1125925925925926,1025848
20671,159,148,0,2.112716049382716,1026007
20672,39,39,0,2.1128395061728393,1026046
20673,300,293,0,2.112962962962963,1026346
20674,0,0,0,2.1130864197530865,1026346
20675,11234,3085,29,2.1096296296296297,1037580
20676,0,0,0,2.109753086419753,1037580
20677,25,25,7,2.1090123456790124,1037605
20678,707,667,1,2.1090123456790124,1038312
20679,0,0,0,2.109135802469136,1038312
20680,2,2,0,2.109259259259259,1038314
20681,0,0,0,2.1093827160493825,1038314
20682,33,26,0,2.1095061728395064,1038347
20683,0,0,0,2.1096296296296297,1038347
20684,0,0,0,2.109753086419753,1038347
20685,0,0,0,2.1098765432098765,1038347
20686,3812,1917,10,2.108765432098765,1042159
20687,1,1,0,2.108888888888889,1042160
20688,0,0,0,2.1090123456790124,1042160
20689,0,0,0,2.109135802469136,1042160
20690,0,0,0,2.109259259259259,1042160
20691,42,42,3,2.1090123456790124,1042202
20692,3,3,0,2.109135802469136,1042205
20693,644,430,9,2.1081481481481483,1042849
20694,0,0,0,2.1082716049382717,1042849
20695,1,1,0,2.108395061728395,1042850
20696,0,0,0,2.1085185185185185,1042850
20697,0,0,0,2.108641975308642,1042850
20698,26,25,0,2.108765432098765,1042876
20699,35,32,0,2.108888888888889,1042911
20700,0,0,0,2.1090123456790124,1042911
20701,0,0,0,2.109135802469136,1042911
20702,18,18,0,2.109259259259259,1042929
20703,0,0,0,2.1093827160493825,1042929
20704,0,0,0,2.1095061728395064,1042929
20705,455,382,6,2.108888888888889,1043384
20706,0,0,0,2.1090123456790124,1043384
20707,0,0,0,2.109135802469136,1043384
20708,1,1,1,2.109135802469136,1043385
20709,1,1,0,2.109259259259259,1043386
20710,5612,3156,42,2.1041975308641976,1048998
20711,20,20,0,2.104320987654321,1049018
20712,0,0,0,2.1044444444444443,1049018
20713,1,1,0,2.1045679012345677,1049019
20714,926,923,1,2.1045679012345677,1049945
20715,0,0,0,2.1046913580246915,1049945
20716,0,0,0,2.104814814814815,1049945
20717,0,0,0,2.1049382716049383,1049945
20718,271,271,0,2.1050617283950617,1050216
20719,19,19,0,2.105185185185185,1050235
20720,985,985,4,2.104814814814815,1051220
20721,17,15,0,2.1049382716049383,1051237
20722,1090,621,7,2.1041975308641976,1052327
20723,0,0,0,2.104320987654321,1052327
20724,0,0,0,2.1044444444444443,1052327
20725,1,1,0,2.1045679012345677,1052328
20726,0,0,0,2.1046913580246915,1052328
20727,1057,1057,13,2.1032098765432097,1053385
20728,0,0,0,2.1033333333333335,1053385
20729,0,0,0,2.103456790123457,1053385
20730,0,0,0,2.1035802469135803,1053385
20731,5,5,2,2.103456790123457,1053390
20732,2203,1525,8,2.102592592592593,1055593
20733,0,0,0,2.102716049382716,1055593
20734,0,0,0,2.1028395061728395,1055593
20735,3,3,0,2.102962962962963,1055596
20736,15,15,0,2.1030864197530863,1055611
20737,8,8,0,2.1032098765432097,1055619
20738,0,0,0,2.1033333333333335,1055619
20739,33,33,0,2.103456790123457,1055652
20740,0,0,0,2.1035802469135803,1055652
20741,52,43,0,2.1037037037037036,1055704
20742,2608,1835,13,2.102222222222222,1058312
20743,1,1,0,2.1023456790123456,1058313
20744,0,0,0,2.102469135802469,1058313
20745,0,0,0,2.102592592592593,1058313
20746,0,0,0,2.102716049382716,1058313
20747,6,6,0,2.1028395061728395,1058319
20748,0,0,0,2.102962962962963,1058319
20749,0,0,0,2.1030864197530863,1058319
20750,2457,1412,19,2.100864197530864,1060776
20751,11,11,0,2.1009876543209876,1060787
20752,5497,2540,2,2.100864197530864,1066284
20753,0,0,0,2.1009876543209876,1066284
20754,0,0,0,2.101111111111111,1066284
20755,577,456,0,2.1012345679012348,1066861
20756,0,0,0,2.101358024691358,1066861
20757,60,60,0,2.1014814814814815,1066921
20758,0,0,0,2.101604938271605,1066921
20759,280,178,0,2.1017283950617283,1067201
20760,0,0,0,2.1018518518518516,1067201
20761,0,0,0,2.1019753086419755,1067201
20762,0,0,0,2.102098765432099,1067201
20763,0,0,0,2.102222222222222,1067201
20764,0,0,0,2.1023456790123456,1067201
20765,0,0,0,2.102469135802469,1067201
20766,0,0,0,2.102592592592593,1067201
20767,0,0,0,2.102716049382716,1067201
20768,21,21,0,2.1028395061728395,1067222
20769,4,4,0,2.102962962962963,1067226
20770,191,147,0,2.1030864197530863,1067417
20771,0,0,0,2.1032098765432097,1067417
20772,0,0,0,2.1033333333333335,1067417
20773,261,199,5,2.1028395061728395,1067678
20774,0,0,0,2.102962962962963,1067678
20775,0,0,0,2.1030864197530863,1067678
20776,0,0,0,2.1032098765432097,1067678
20777,0,0,0,2.1033333333333335,1067678
20778,102,93,0,2.103456790123457,1067780
20779,1623,787,0,2.1035802469135803,1069403
20780,0,0,0,2.1037037037037036,1069403
20781,0,0,0,2.103827160493827,1069403
20782,0,0,0,2.103950617283951,1069403
20783,0,0,0,2.104074074074074,1069403
20784,6,6,3,2.103827160493827,1069409
20785,56,56,0,2.103950617283951,1069465
20786,0,0,0,2.104074074074074,1069465
20787,204,204,0,2.1041975308641976,1069669
20788,0,0,0,2.104320987654321,1069669
20789,0,0,0,2.1044444444444443,1069669
20790,3,3,0,2.1045679012345677,1069672
20791,3,3,0,2.1046913580246915,1069675
20792,0,0,0,2.104814814814815,1069675
20793,16,16,0,2.1049382716049383,1069691
20794,0,0,0,2.1050617283950617,1069691
20795,351,318,7,2.104320987654321,1070042
20796,0,0,0,2.1044444444444443,1070042
20797,0,0,0,2.1045679012345677,1070042
20798,0,0,0,2.1046913580246915,1070042
20799,0,0,0,2.104814814814815,1070042
20800,0,0,0,2.1049382716049383,1070042
20801,0,0,0,2.1050617283950617,1070042
20802,33,26,0,2.105185185185185,1070075
20803,0,0,0,2.1053086419753084,1070075
20804,29,29,0,2.1054320987654322,1070104
20805,2204,2165,7,2.1046913580246915,1072308
20806,56,56,0,2.104814814814815,1072364
20807,0,0,0,2.1049382716049383,1072364
20808,509,509,0,2.1050617283950617,1072873
20809,6561,2417,20,2.102716049382716,1079434
20810,2320,2200,0,2.1028395061728395,1081754
20811,0,0,0,2.102962962962963,1081754
20812,0,0,0,2.1030864197530863,1081754
20813,1523,1159,9,2.102098765432099,1083277
20814,2328,2328,1,2.102098765432099,1085605
20815,0,0,0,2.102222222222222,1085605
20816,0,0,0,2.1023456790123456,1085605
20817,0,0,0,2.102469135802469,1085605
20818,1,1,0,2.102592592592593,1085606
20819,5,5,0,2.102716049382716,1085611
20820,0,0,0,2.1028395061728395,1085611
20821,0,0,0,2.102962962962963,1085611
20822,141,141,0,2.1030864197530863,1085752
20823,0,0,0,2.1032098765432097,1085752
20824,1391,1011,11,2.1019753086419755,1087143
20825,0,0,0,2.102098765432099,1087143
20826,0,0,0,2.102222222222222,1087143
20827,20,20,0,2.1023456790123456,1087163
20828,0,0,0,2.102469135802469,1087163
20829,1,1,0,2.102592592592593,1087164
20830,0,0,0,2.102716049382716,1087164
20831,0,0,0,2.1028395061728395,1087164
20832,26,26,0,2.102962962962963,1087190
20833,0,0,0,2.1030864197530863,1087190
20834,52,52,0,2.1032098765432097,1087242
20835,116,110,0,2.1033333333333335,1087358
20836,137,121,0,2.103456790123457,1087495
20837,52,52,0,2.1035802469135803,1087547
20838,0,0,0,2.1037037037037036,1087547
20839,3,3,1,2.1037037037037036,1087550
20840,51,51,0,2.103827160493827,1087601
20841,0,0,0,2.103950617283951,1087601
20842,2,2,1,2.103950617283951,1087603
20843,2501,1811,11,2.102716049382716,1090104
20844,0,0,0,2.1028395061728395,1090104
20845,1,1,0,2.102962962962963,1090105
20846,0,0,0,2.1030864197530863,1090105
20847,0,0,0,2.1032098765432097,1090105
20848,0,0,0,2.1033333333333335,1090105
20849,822,609,3,2.1030864197530863,1090927
20850,192,169,0,2.1032098765432097,1091119
20851,3,3,0,2.1033333333333335,1091122
20852,1467,1467,0,2.103456790123457,1092589
20853,0,0,0,2.1035802469135803,1092589
20854,191,189,1,2.1035802469135803,1092780
20855,1,1,0,2.1037037037037036,1092781
20856,0,0,0,2.103827160493827,1092781
20857,0,0,0,2.103950617283951,1092781
20858,0,0,0,2.104074074074074,1092781
20859,0,0,0,2.1041975308641976,1092781
20860,0,0,0,2.104320987654321,1092781
20861,0,0,0,2.1044444444444443,1092781
20862,0,0,0,2.1045679012345677,1092781
20863,0,0,0,2.1046913580246915,1092781
20864,0,0,0,2.104814814814815,1092781
20865,1,1,0,2.1049382716049383,1092782
20866,0,0,0,2.1050617283950617,1092782
20867,0,0,0,2.105185185185185,1092782
20868,0,0,0,2.1053086419753084,1092782
20869,25,25,0,2.1054320987654322,1092807
20870,0,0,0,2.1055555555555556,1092807
20871,0,0,0,2.105679012345679,1092807
20872,1,1,0,2.1058024691358024,1092808
20873,0,0,0,2.1059259259259258,1092808
20874,149,136,6,2.1053086419753084,1092957
20875,0,0,0,2.1054320987654322,1092957
20876,0,0,0,2.1055555555555556,1092957
20877,0,0,0,2.105679012345679,1092957
20878,0,0,0,2.1058024691358024,1092957
20879,2,2,0,2.1059259259259258,1092959
20880,0,0,0,2.1060493827160496,1092959
20881,49,48,0,2.106172839506173,1093008
20882,0,0,0,2.1062962962962963,1093008
20883,15,15,0,2.1064197530864197,1093023
20884,0,0,0,2.106543209876543,1093023
20885,0,0,0,2.1066666666666665,1093023
20886,13,13,0,2.1067901234567903,1093036
20887,0,0,0,2.1069135802469137,1093036
20888,0,0,0,2.107037037037037,1093036
20889,0,0,0,2.1071604938271604,1093036
20890,1,1,1,2.1071604938271604,1093037
20891,0,0,0,2.107283950617284,1093037
20892,0,0,0,2.1074074074074076,1093037
20893,0,0,0,2.107530864197531,1093037
20894,0,0,0,2.1076543209876544,1093037
20895,0,0,0,2.1077777777777778,1093037
20896,0,0,0,2.107901234567901,1093037
20897,2646,1555,9,2.1069135802469137,1095683
20898,6,6,0,2.107037037037037,1095689
20899,3,3,2,2.1069135802469137,1095692
20900,0,0,0,2.107037037037037,1095692
20901,0,0,0,2.1071604938271604,1095692
20902,0,0,0,2.107283950617284,1095692
20903,0,0,0,2.1074074074074076,1095692
20904,379,379,5,2.1069135802469137,1096071
20905,0,0,0,2.107037037037037,1096071
20906,0,0,0,2.1071604938271604,1096071
20907,3,3,0,2.107283950617284,1096074
20908,2600,2600,0,2.1074074074074076,1098674
20909,0,0,0,2.107530864197531,1098674
20910,7398,4011,15,2.1058024691358024,1106072
20911,3,3,2,2.105679012345679,1106075
20912,0,0,0,2.1058024691358024,1106075
20913,10,10,1,2.1058024691358024,1106085
20914,0,0,0,2.1059259259259258,1106085
20915,0,0,0,2.1060493827160496,1106085
20916,0,0,0,2.106172839506173,1106085
20917,2,2,0,2.1062962962962963,1106087
20918,0,0,0,2.1064197530864197,1106087
20919,0,0,0,2.106543209876543,1106087
20920,0,0,0,2.1066666666666665,1106087
20921,0,0,0,2.1067901234567903,1106087
20922,0,0,0,2.1069135802469137,1106087
20923,3,3,0,2.107037037037037,1106090
20924,0,0,0,2.1071604938271604,1106090
20925,372,372,0,2.107283950617284,1106462
20926,0,0,0,2.1074074074074076,1106462
20927,10101,4003,26,2.104320987654321,1116563
20928,0,0,0,2.1044444444444443,1116563
20929,0,0,0,2.1045679012345677,1116563
20930,0,0,0,2.1046913580246915,1116563
20931,6,6,0,2.104814814814815,1116569
20932,2005,1185,0,2.1049382716049383,1118574
20933,10,10,0,2.1050617283950617,1118584
20934,0,0,0,2.105185185185185,1118584
20935,0,0,0,2.1053086419753084,1118584
20936,0,0,0,2.1054320987654322,1118584
20937,23,22,0,2.1055555555555556,1118607
20938,0,0,0,2.105679012345679,1118607
20939,0,0,0,2.1058024691358024,1118607
20940,76,74,0,2.1059259259259258,1118683
20941,0,0,0,2.1060493827160496,1118683
20942,0,0,0,2.106172839506173,1118683
20943,0,0,0,2.1062962962962963,1118683
20944,93,93,1,2.1062962962962963,1118776
20945,47,47,0,2.1064197530864197,1118823
20946,98,96,10,2.1053086419753084,1118921
20947,131,131,0,2.1054320987654322,1119052
20948,1,1,0,2.1055555555555556,1119053
20949,114,86,0,2.105679012345679,1119167
20950,0,0,0,2.1058024691358024,1119167
20951,3204,2230,6,2.105185185185185,1122371
20952,0,0,0,2.1053086419753084,1122371
20953,0,0,0,2.1054320987654322,1122371
20954,881,460,12,2.104074074074074,1123252
20955,0,0,0,2.1041975308641976,1123252
20956,4,4,2,2.104074074074074,1123256
20957,0,0,0,2.1041975308641976,1123256
20958,1,1,1,2.1041975308641976,1123257
20959,1,1,0,2.104320987654321,1123258
20960,0,0,0,2.1044444444444443,1123258
20961,0,0,0,2.1045679012345677,1123258
20962,1216,902,0,2.1046913580246915,1124474
20963,0,0,0,2.104814814814815,1124474
20964,0,0,0,2.1049382716049383,1124474
20965,0,0,0,2.1050617283950617,1124474
20966,0,0,0,2.105185185185185,1124474
20967,210,133,0,2.1053086419753084,1124684
20968,0,0,0,2.1054320987654322,1124684
20969,0,0,0,2.1055555555555556,1124684
20970,0,0,0,2.105679012345679,1124684
20971,52,52,0,2.1058024691358024,1124736
20972,0,0,0,2.1059259259259258,1124736
20973,3,3,0,2.1060493827160496,1124739
20974,0,0,0,2.106172839506173,1124739
20975,0,0,0,2.1062962962962963,1124739
20976,0,0,0,2.1064197530864197,1124739
20977,0,0,0,2.106543209876543,1124739
20978,0,0,0,2.1066666666666665,1124739
20979,0,0,0,2.1067901234567903,1124739
20980,33,33,0,2.1069135802469137,1124772
20981,0,0,0,2.107037037037037,1124772
20982,0,0,0,2.1071604938271604,1124772
20983,16,16,0,2.107283950617284,1124788
20984,0,0,0,2.1074074074074076,1124788
20985,218,166,2,2.107283950617284,1125006
20986,1,1,0,2.1074074074074076,1125007
20987,18,18,0,2.107530864197531,1125025
20988,0,0,0,2.1076543209876544,1125025
20989,17,14,0,2.1077777777777778,1125042
20990,0,0,0,2.107901234567901,1125042
20991,0,0,0,2.1080246913580245,1125042
20992,5,5,0,2.1081481481481483,1125047
20993,0,0,0,2.1082716049382717,1125047
20994,11,10,0,2.108395061728395,1125058
20995,0,0,0,2.1085185185185185,1125058
20996,1,1,0,2.108641975308642,1125059
20997,0,0,0,2.108765432098765,1125059
20998,0,0,0,2.108888888888889,1125059
20999,0,0,0,2.1090123456790124,1125059
21000,0,0,0,2.109135802469136,1125059
21001,7806,5024,30,2.1055555555555556,1132865
21002,2,2,0,2.105679012345679,1132867
21003,0,0,0,2.1058024691358024,1132867
21004,0,0,0,2.1059259259259258,1132867
21005,3865,3572,17,2.103950617283951,1136732
21006,3596,2003,7,2.1032098765432097,1140328
21007,118,89,2,2.1030864197530863,1140446
21008,6,6,0,2.1032098765432097,1140452
21009,8,8,0,2.1033333333333335,1140460
21010,0,0,0,2.103456790123457,1140460
21011,0,0,0,2.1035802469135803,1140460
21012,0,0,0,2.1037037037037036,1140460
21013,5909,3028,11,2.102469135802469,1146369
21014,18,18,0,2.102592592592593,1146387
21015,0,0,0,2.102716049382716,1146387
21016,0,0,0,2.1028395061728395,1146387
21017,43,32,0,2.102962962962963,1146430
21018,0,0,0,2.1030864197530863,1146430
21019,1049,862,0,2.1032098765432097,1147479
21020,0,0,0,2.1033333333333335,1147479
21021,7,7,0,2.103456790123457,1147486
21022,11,11,0,2.1035802469135803,1147497
21023,0,0,0,2.1037037037037036,1147497
21024,725,725,0,2.103827160493827,1148222
21025,4,4,0,2.103950617283951,1148226
21026,0,0,0,2.104074074074074,1148226
21027,22,22,0,2.1041975308641976,1148248
21028,827,790,0,2.104320987654321,1149075
21029,4,4,0,2.1044444444444443,1149079
21030,29,27,0,2.1045679012345677,1149108
21031,0,0,0,2.1046913580246915,1149108
21032,0,0,0,2.104814814814815,1149108
21033,0,0,0,2.1049382716049383,1149108
21034,0,0,0,2.1050617283950617,1149108
21035,2,2,0,2.105185185185185,1149110
21036,0,0,0,2.1053086419753084,1149110
21037,0,0,0,2.1054320987654322,1149110
21038,0,0,0,2.1055555555555556,1149110
21039,0,0,0,2.105679012345679,1149110
21040,0,0,0,2.1058024691358024,1149110
21041,76,58,6,2.105185185185185,1149186
21042,0,0,0,2.1053086419753084,1149186
21043,0,0,0,2.1054320987654322,1149186
21044,0,0,0,2.1055555555555556,1149186
21045,0,0,0,2.105679012345679,1149186
21046,4,4,0,2.1058024691358024,1149190
21047,0,0,0,2.1059259259259258,1149190
21048,0,0,0,2.1060493827160496,1149190
21049,0,0,0,2.106172839506173,1149190
21050,423,277,0,2.1062962962962963,1149613
21051,3,3,0,2.1064197530864197,1149616
21052,1301,970,1,2.1064197530864197,1150917
21053,0,0,0,2.106543209876543,1150917
21054,2,2,0,2.1066666666666665,1150919
21055,10,10,0,2.1067901234567903,1150929
21056,0,0,0,2.1069135802469137,1150929
21057,0,0,0,2.107037037037037,1150929
21058,0,0,0,2.1071604938271604,1150929
21059,0,0,0,2.107283950617284,1150929
21060,1510,1022,5,2.1067901234567903,1152439
21061,3591,2450,2,2.1066666666666665,1156030
21062,0,0,0,2.1067901234567903,1156030
21063,0,0,0,2.1069135802469137,1156030
21064,0,0,0,2.107037037037037,1156030
21065,1976,1231,0,2.1071604938271604,1158006
21066,8,8,0,2.107283950617284,1158014
21067,0,0,0,2.1074074074074076,1158014
21068,0,0,0,2.107530864197531,1158014
21069,0,0,0,2.1076543209876544,1158014
21070,0,0,0,2.1077777777777778,1158014
21071,0,0,0,2.107901234567901,1158014
21072,0,0,0,2.1080246913580245,1158014
21073,0,0,0,2.1081481481481483,1158014
21074,0,0,0,2.1082716049382717,1158014
21075,1,1,0,2.108395061728395,1158015
21076,0,0,0,2.1085185185185185,1158015
21077,80,61,0,2.108641975308642,1158095
21078,233,233,0,2.108765432098765,1158328
21079,0,0,0,2.108888888888889,1158328
21080,1,1,0,2.1090123456790124,1158329
21081,0,0,0,2.109135802469136,1158329
21082,0,0,0,2.109259259259259,1158329
21083,92,90,0,2.1093827160493825,1158421
21084,0,0,0,2.1095061728395064,1158421
21085,4,4,0,2.1096296296296297,1158425
21086,0,0,0,2.109753086419753,1158425
21087,0,0,0,2.1098765432098765,1158425
21088,0,0,0,2.11,1158425
21089,0,0,0,2.1101234567901233,1158425
21090,1,1,0,2.110246913580247,1158426
21091,11,11,0,2.1103703703703705,1158437
21092,0,0,0,2.110493827160494,1158437
21093,0,0,0,2.110617283950617,1158437
21094,0,0,0,2.1107407407407406,1158437
21095,0,0,0,2.1108641975308644,1158437
21096,21,21,0,2.110987654320988,1158458
21097,10,10,0,2.111111111111111,1158468
21098,290,250,0,2.1112345679012345,1158758
21099,2,2,0,2.111358024691358,1158760
21100,182,152,0,2.1114814814814813,1158942
21101,0,0,0,2.111604938271605,1158942
21102,54,54,0,2.1117283950617285,1158996
21103,0,0,0,2.111851851851852,1158996
21104,416,252,4,2.1114814814814813,1159412
21105,0,0,0,2.111604938271605,1159412
21106,87,85,0,2.1117283950617285,1159499
21107,0,0,0,2.111851851851852,1159499
21108,13564,4009,33,2.107901234567901,1173063
21109,0,0,0,2.1080246913580245,1173063
21110,94,94,0,2.1081481481481483,1173157
21111,0,0,0,2.1082716049382717,1173157
21112,0,0,0,2.108395061728395,1173157
21113,347,341,15,2.1066666666666665,1173504
21114,88,88,0,2.1067901234567903,1173592
21115,124,123,4,2.1064197530864197,1173716
21116,3,3,2,2.1062962962962963,1173719
21117,102,95,0,2.1064197530864197,1173821
21118,2,2,0,2.106543209876543,1173823
21119,0,0,0,2.1066666666666665,1173823
21120,374,199,1,2.1066666666666665,1174197
21121,0,0,0,2.1067901234567903,1174197
21122,617,616,0,2.1069135802469137,1174814
21123,0,0,0,2.107037037037037,1174814
21124,0,0,0,2.1071604938271604,1174814
21125,0,0,0,2.107283950617284,1174814
21126,0,0,0,2.1074074074074076,1174814
21127,0,0,0,2.107530864197531,1174814
21128,39,37,0,2.1076543209876544,1174853
21129,0,0,0,2.1077777777777778,1174853
21130,0,0,0,2.107901234567901,1174853
21131,1125,601,0,2.1080246913580245,1175978
21132,0,0,0,2.1081481481481483,1175978
21133,0,0,0,2.1082716049382717,1175978
21134,798,657,2,2.1081481481481483,1176776
21135,64,64,0,2.1082716049382717,1176840
21136,0,0,0,2.108395061728395,1176840
21137,11,11,0,2.1085185185185185,1176851
21138,718,467,11,2.107283950617284,1177569
21139,0,0,0,2.1074074074074076,1177569
21140,340,340,7,2.1066666666666665,1177909
21141,2,2,0,2.1067901234567903,1177911
21142,0,0,0,2.1069135802469137,1177911
21143,0,0,0,2.107037037037037,1177911
21144,0,0,0,2.1071604938271604,1177911
21145,0,0,0,2.107283950617284,1177911
21146,1540,1540,0,2.1074074074074076,1179451
21147,0,0,0,2.107530864197531,1179451
21148,0,0,0,2.1076543209876544,1179451
21149,30,30,2,2.107530864197531,1179481
21150,0,0,0,2.1076543209876544,1179481
21151,0,0,0,2.1077777777777778,1179481
21152,0,0,0,2.107901234567901,1179481
21153,0,0,0,2.1080246913580245,1179481
21154,0,0,0,2.1081481481481483,1179481
21155,4,4,0,2.1082716049382717,1179485
21156,0,0,0,2.108395061728395,1179485
21157,0,0,0,2.1085185185185185,1179485
21158,0,0,0,2.108641975308642,1179485
21159,0,0,0,2.108765432098765,1179485
21160,0,0,0,2.108888888888889,1179485
21161,0,0,0,2.1090123456790124,1179485
21162,0,0,0,2.109135802469136,1179485
21163,54,46,0,2.109259259259259,1179539
21164,0,0,0,2.1093827160493825,1179539
21165,0,0,0,2.1095061728395064,1179539
21166,3399,3136,8,2.108641975308642,1182938
21167,0,0,0,2.108765432098765,1182938
21168,0,0,0,2.108888888888889,1182938
21169,0,0,0,2.1090123456790124,1182938
21170,179,179,0,2.109135802469136,1183117
21171,921,921,4,2.108765432098765,1184038
21172,0,0,0,2.108888888888889,1184038
21173,0,0,0,2.1090123456790124,1184038
21174,0,0,0,2.109135802469136,1184038
21175,0,0,0,2.109259259259259,1184038
21176,4026,2864,5,2.108765432098765,1188064
21177,467,422,0,2.108888888888889,1188531
21178,0,0,0,2.1090123456790124,1188531
21179,0,0,0,2.109135802469136,1188531
21180,0,0,0,2.109259259259259,1188531
21181,726,633,4,2.108888888888889,1189257
21182,96,90,0,2.1090123456790124,1189353
21183,0,0,0,2.109135802469136,1189353
21184,1,1,0,2.109259259259259,1189354
21185,0,0,0,2.1093827160493825,1189354
21186,1,1,0,2.1095061728395064,1189355
21187,0,0,0,2.1096296296296297,1189355
21188,0,0,0,2.109753086419753,1189355
21189,1163,834,0,2.1098765432098765,1190518
21190,279,273,0,2.11,1190797
21191,553,542,4,2.1096296296296297,1191350
21192,0,0,0,2.109753086419753,1191350
21193,233,221,0,2.1098765432098765,1191583
21194,0,0,0,2.11,1191583
21195,0,0,0,2.1101234567901233,1191583
21196,0,0,0,2.110246913580247,1191583
21197,0,0,0,2.1103703703703705,1191583
21198,4230,2359,15,2.108641975308642,1195813
21199,12,12,0,2.108765432098765,1195825
21200,0,0,0,2.108888888888889,1195825
21201,0,0,0,2.1090123456790124,1195825
21202,0,0,0,2.109135802469136,1195825
21203,3735,2908,10,2.1080246913580245,1199560
21204,0,0,0,2.1081481481481483,1199560
21205,961,653,9,2.1071604938271604,1200521
21206,0,0,0,2.107283950617284,1200521
21207,2,2,0,2.1074074074074076,1200523
21208,9,9,0,2.107530864197531,1200532
21209,662,661,0,2.1076543209876544,1201194
21210,0,0,0,2.1077777777777778,1201194
21211,437,235,8,2.1069135802469137,1201631
21212,7,7,0,2.107037037037037,1201638
21213,4,4,0,2.1071604938271604,1201642
21214,0,0,0,2.107283950617284,1201642
21215,63,55,2,2.1071604938271604,1201705
21216,1,1,0,2.107283950617284,1201706
21217,0,0,0,2.1074074074074076,1201706
21218,2,2,3,2.1071604938271604,1201708
21219,0,0,0,2.107283950617284,1201708
21220,0,0,0,2.1074074074074076,1201708
21221,0,0,0,2.107530864197531,1201708
21222,15,15,0,2.1076543209876544,1201723
21223,0,0,0,2.1077777777777778,1201723
21224,4483,3468,14,2.106172839506173,1206206
21225,12,11,0,2.1062962962962963,1206218
21226,14,14,0,2.1064197530864197,1206232
21227,9,9,0,2.106543209876543,1206241
21228,1,1,0,2.1066666666666665,1206242
21229,0,0,0,2.1067901234567903,1206242
21230,4,4,0,2.1069135802469137,1206246
21231,6,6,0,2.107037037037037,1206252
21232,4,4,0,2.1071604938271604,1206256
21233,0,0,0,2.107283950617284,1206256
21234,889,888,0,2.1074074074074076,1207145
21235,0,0,0,2.107530864197531,1207145
21236,2,2,0,2.1076543209876544,1207147
21237,16,15,0,2.1077777777777778,1207163
21238,0,0,0,2.107901234567901,1207163
21239,2,2,2,2.1077777777777778,1207165
21240,0,0,0,2.107901234567901,1207165
21241,33,33,0,2.1080246913580245,1207198
21242,0,0,0,2.1081481481481483,1207198
21243,26,24,1,2.1081481481481483,1207224
21244,0,0,0,2.1082716049382717,1207224
21245,0,0,0,2.108395061728395,1207224
21246,135,116,0,2.1085185185185185,1207359
21247,1,1,0,2.108641975308642,1207360
21248,408,408,0,2.108765432098765,1207768
21249,5,5,3,2.1085185185185185,1207773
21250,0,0,0,2.108641975308642,1207773
21251,0,0,0,2.108765432098765,1207773
21252,589,587,9,2.1077777777777778,1208362
21253,2,2,1,2.1077777777777778,1208364
21254,0,0,0,2.107901234567901,1208364
21255,0,0,0,2.1080246913580245,1208364
21256,0,0,0,2.1081481481481483,1208364
21257,0,0,0,2.1082716049382717,1208364
21258,23,23,0,2.108395061728395,1208387
21259,119,116,0,2.1085185185185185,1208506
21260,14,14,0,2.108641975308642,1208520
21261,0,0,0,2.108765432098765,1208520
21262,0,0,0,2.108888888888889,1208520
21263,0,0,0,2.1090123456790124,1208520
21264,0,0,0,2.109135802469136,1208520
21265,5856,3022,13,2.1076543209876544,1214376
21266,40,40,0,2.1077777777777778,1214416
21267,0,0,0,2.107901234567901,1214416
21268,0,0,0,2.1080246913580245,1214416
21269,0,0,0,2.1081481481481483,1214416
21270,0,0,0,2.1082716049382717,1214416
21271,0,0,0,2.108395061728395,1214416
21272,0,0,0,2.1085185185185185,1214416
21273,0,0,0,2.108641975308642,1214416
21274,0,0,0,2.108765432098765,1214416
21275,0,0,0,2.108888888888889,1214416
21276,2,2,0,2.1090123456790124,1214418
21277,0,0,0,2.109135802469136,1214418
21278,39,31,0,2.109259259259259,1214457
21279,0,0,0,2.1093827160493825,1214457
21280,698,698,0,2.1095061728395064,1215155
21281,0,0,0,2.1096296296296297,1215155
21282,726,670,4,2.109259259259259,1215881
21283,0,0,0,2.1093827160493825,1215881
21284,0,0,0,2.1095061728395064,1215881
21285,0,0,0,2.1096296296296297,1215881
21286,113,81,0,2.109753086419753,1215994
21287,0,0,0,2.1098765432098765,1215994
21288,0,0,0,2.11,1215994
21289,114,114,0,2.1101234567901233,1216108
21290,0,0,0,2.110246913580247,1216108
21291,0,0,0,2.1103703703703705,1216108
21292,0,0,0,2.110493827160494,1216108
21293,0,0,0,2.110617283950617,1216108
21294,176,176,0,2.1107407407407406,1216284
21295,0,0,0,2.1108641975308644,1216284
21296,0,0,0,2.110987654320988,1216284
21297,0,0,0,2.111111111111111,1216284
21298,1,1,0,2.1112345679012345,1216285
21299,0,0,0,2.111358024691358,1216285
21300,0,0,0,2.1114814814814813,1216285
21301,3,3,0,2.111604938271605,1216288
21302,0,0,0,2.1117283950617285,1216288
21303,0,0,0,2.111851851851852,1216288
21304,0,0,0,2.1119753086419752,1216288
21305,0,0,0,2.1120987654320986,1216288
21306,0,0,0,2.112222222222222,1216288
21307,871,579,0,2.112345679012346,1217159
21308,0,0,0,2.112469135802469,1217159
21309,0,0,0,2.1125925925925926,1217159
21310,0,0,0,2.112716049382716,1217159
21311,13,13,0,2.1128395061728393,1217172
21312,787,787,6,2.112222222222222,1217959
21313,0,0,0,2.112345679012346,1217959
21314,484,344,0,2.112469135802469,1218443
21315,0,0,0,2.1125925925925926,1218443
21316,0,0,0,2.112716049382716,1218443
21317,0,0,0,2.1128395061728393,1218443
21318,38,38,0,2.112962962962963,1218481
21319,65,62,7,2.112222222222222,1218546
21320,0,0,0,2.112345679012346,1218546
21321,1868,1554,4,2.1119753086419752,1220414
21322,1,1,0,2.1120987654320986,1220415
21323,0,0,0,2.112222222222222,1220415
21324,0,0,0,2.112345679012346,1220415
21325,4379,2627,9,2.111358024691358,1224794
21326,0,0,0,2.1114814814814813,1224794
21327,44,39,0,2.111604938271605,1224838
21328,0,0,0,2.1117283950617285,1224838
21329,936,918,2,2.111604938271605,1225774
21330,82,82,0,2.1117283950617285,1225856
21331,0,0,0,2.111851851851852,1225856
21332,3758,3744,13,2.1103703703703705,1229614
21333,0,0,0,2.110493827160494,1229614
21334,3,3,0,2.110617283950617,1229617
21335,0,0,0,2.1107407407407406,1229617
21336,0,0,0,2.1108641975308644,1229617
21337,0,0,0,2.110987654320988,1229617
21338,23,21,0,2.111111111111111,1229640
21339,0,0,0,2.1112345679012345,1229640
21340,21,21,0,2.111358024691358,1229661
21341,0,0,0,2.1114814814814813,1229661
21342,0,0,0,2.111604938271605,1229661
21343,0,0,0,2.1117283950617285,1229661
21344,480,480,4,2.111358024691358,1230141
21345,19,19,0,2.1114814814814813,1230160
21346,2233,1393,17,2.1095061728395064,1232393
21347,0,0,0,2.1096296296296297,1232393
21348,2,2,0,2.109753086419753,1232395
21349,89,89,12,2.108395061728395,1232484
21350,5125,2846,8,2.107530864197531,1237609
21351,1,1,0,2.1076543209876544,1237610
21352,0,0,0,2.1077777777777778,1237610
21353,0,0,0,2.107901234567901,1237610
21354,552,552,0,2.1080246913580245,1238162
21355,0,0,0,2.1081481481481483,1238162
21356,0,0,0,2.1082716049382717,1238162
21357,227,156,7,2.107530864197531,1238389
21358,0,0,0,2.1076543209876544,1238389
21359,1434,1172,23,2.1049382716049383,1239823
21360,4,4,0,2.1050617283950617,1239827
21361,30,24,0,2.105185185185185,1239857
21362,3,3,0,2.1053086419753084,1239860
21363,3131,2688,10,2.1041975308641976,1242991
21364,175,116,0,2.104320987654321,1243166
21365,158,118,0,2.1044444444444443,1243324
21366,0,0,0,2.1045679012345677,1243324
21367,0,0,0,2.1046913580246915,1243324
21368,0,0,0,2.104814814814815,1243324
21369,0,0,0,2.1049382716049383,1243324
21370,0,0,0,2.1050617283950617,1243324
21371,158,148,0,2.105185185185185,1243482
21372,0,0,0,2.1053086419753084,1243482
21373,0,0,0,2.1054320987654322,1243482
21374,0,0,0,2.1055555555555556,1243482
21375,0,0,0,2.105679012345679,1243482
21376,0,0,0,2.1058024691358024,1243482
21377,1,1,0,2.1059259259259258,1243483
21378,6,6,0,2.1060493827160496,1243489
21379,0,0,0,2.106172839506173,1243489
21380,2696,2205,11,2.1049382716049383,1246185
21381,446,441,4,2.1045679012345677,1246631
21382,72,72,0,2.1046913580246915,1246703
21383,0,0,0,2.104814814814815,1246703
21384,17,17,0,2.1049382716049383,1246720
21385,13268,4950,21,2.102469135802469,1259988
21386,23,23,0,2.102592592592593,1260011
21387,2,2,0,2.102716049382716,1260013
21388,0,0,0,2.1028395061728395,1260013
21389,0,0,0,2.102962962962963,1260013
21390,0,0,0,2.1030864197530863,1260013
21391,8,8,0,2.1032098765432097,1260021
21392,1,1,0,2.1033333333333335,1260022
21393,0,0,0,2.103456790123457,1260022
21394,0,0,0,2.1035802469135803,1260022
21395,0,0,0,2.1037037037037036,1260022
21396,0,0,0,2.103827160493827,1260022
21397,15,15,0,2.103950617283951,1260037
21398,0,0,0,2.104074074074074,1260037
21399,5,5,0,2.1041975308641976,1260042
21400,1,1,0,2.104320987654321,1260043
21401,0,0,0,2.1044444444444443,1260043
21402,0,0,0,2.1045679012345677,1260043
21403,0,0,0,2.1046913580246915,1260043
21404,0,0,0,2.104814814814815,1260043
21405,0,0,0,2.1049382716049383,1260043
21406,0,0,0,2.1050617283950617,1260043
21407,42,41,0,2.105185185185185,1260085
21408,136,136,3,2.1049382716049383,1260221
21409,557,411,0,2.1050617283950617,1260778
21410,0,0,0,2.105185185185185,1260778
21411,284,223,0,2.1053086419753084,1261062
21412,899,899,0,2.1054320987654322,1261961
21413,0,0,0,2.1055555555555556,1261961
21414,0,0,0,2.105679012345679,1261961
21415,0,0,0,2.1058024691358024,1261961
21416,0,0,0,2.1059259259259258,1261961
21417,6,6,0,2.1060493827160496,1261967
21418,1,1,0,2.106172839506173,1261968
21419,14,14,0,2.1062962962962963,1261982
21420,0,0,0,2.1064197530864197,1261982
21421,51,51,0,2.106543209876543,1262033
21422,0,0,0,2.1066666666666665,1262033
21423,0,0,0,2.1067901234567903,1262033
21424,354,354,0,2.1069135802469137,1262387
21425,0,0,0,2.107037037037037,1262387
21426,0,0,0,2.1071604938271604,1262387
21427,0,0,0,2.107283950617284,1262387
21428,161,158,2,2.1071604938271604,1262548
21429,4,4,0,2.107283950617284,1262552
21430,1358,1341,0,2.1074074074074076,1263910
21431,0,0,0,2.107530864197531,1263910
21432,34,34,0,2.1076543209876544,1263944
21433,0,0,0,2.1077777777777778,1263944
21434,2389,2386,2,2.1076543209876544,1266333
21435,0,0,0,2.1077777777777778,1266333
21436,11,11,0,2.107901234567901,1266344
21437,0,0,0,2.1080246913580245,1266344
21438,0,0,0,2.1081481481481483,1266344
21439,0,0,0,2.1082716049382717,1266344
21440,0,0,0,2.108395061728395,1266344
21441,0,0,0,2.1085185185185185,1266344
21442,730,730,3,2.1082716049382717,1267074
21443,256,256,0,2.108395061728395,1267330
21444,175,173,0,2.1085185185185185,1267505
21445,0,0,0,2.108641975308642,1267505
21446,0,0,0,2.108765432098765,1267505
21447,3498,3081,4,2.108395061728395,1271003
21448,0,0,0,2.1085185185185185,1271003
21449,3705,2539,4,2.1081481481481483,1274708
21450,0,0,0,2.1082716049382717,1274708
21451,7,7,0,2.108395061728395,1274715
21452,6,6,0,2.1085185185185185,1274721
21453,0,0,0,2.108641975308642,1274721
21454,0,0,0,2.108765432098765,1274721
21455,2878,2877,1,2.108765432098765,1277599
21456,288,288,6,2.1081481481481483,1277887
21457,0,0,0,2.1082716049382717,1277887
21458,7,7,0,2.108395061728395,1277894
21459,56,56,1,2.108395061728395,1277950
21460,0,0,0,2.1085185185185185,1277950
21461,0,0,0,2.108641975308642,1277950
21462,0,0,0,2.108765432098765,1277950
21463,15,15,3,2.1085185185185185,1277965
21464,0,0,0,2.108641975308642,1277965
21465,0,0,0,2.108765432098765,1277965
21466,0,0,0,2.108888888888889,1277965
21467,1,1,0,2.1090123456790124,1277966
21468,0,0,0,2.109135802469136,1277966
21469,0,0,0,2.109259259259259,1277966
21470,1,1,0,2.1093827160493825,1277967
21471,51,51,0,2.1095061728395064,1278018
21472,0,0,0,2.1096296296296297,1278018
21473,0,0,0,2.109753086419753,1278018
21474,1216,1216,25,2.1067901234567903,1279234
21475,0,0,0,2.1069135802469137,1279234
21476,20,20,0,2.107037037037037,1279254
21477,3,3,0,2.1071604938271604,1279257
21478,0,0,0,2.107283950617284,1279257
21479,0,0,0,2.1074074074074076,1279257
21480,423,423,9,2.1064197530864197,1279680
21481,2,2,0,2.106543209876543,1279682
21482,0,0,0,2.1066666666666665,1279682
21483,241,166,4,2.1062962962962963,1279923
21484,10,10,0,2.1064197530864197,1279933
21485,0,0,0,2.106543209876543,1279933
21486,0,0,0,2.1066666666666665,1279933
21487,0,0,0,2.1067901234567903,1279933
21488,0,0,0,2.1069135802469137,1279933
21489,0,0,0,2.107037037037037,1279933
21490,5,5,0,2.1071604938271604,1279938
21491,0,0,0,2.107283950617284,1279938
21492,0,0,0,2.1074074074074076,1279938
21493,2,2,2,2.107283950617284,1279940
21494,0,0,0,2.1074074074074076,1279940
21495,0,0,0,2.107530864197531,1279940
21496,0,0,0,2.1076543209876544,1279940
21497,1,1,0,2.1077777777777778,1279941
21498,3,3,0,2.107901234567901,1279944
21499,0,0,0,2.1080246913580245,1279944
21500,11090,4835,26,2.1049382716049383,1291034
21501,0,0,0,2.1050617283950617,1291034
21502,85,85,3,2.104814814814815,1291119
21503,0,0,0,2.1049382716049383,1291119
21504,0,0,0,2.1050617283950617,1291119
21505,0,0,0,2.105185185185185,1291119
21506,168,111,5,2.1046913580246915,1291287
21507,0,0,0,2.104814814814815,1291287
21508,21,21,0,2.1049382716049383,1291308
21509,0,0,0,2.1050617283950617,1291308
21510,1,1,0,2.105185185185185,1291309
21511,508,355,0,2.1053086419753084,1291817
21512,58,58,0,2.1054320987654322,1291875
21513,105,102,0,2.1055555555555556,1291980
21514,5,5,2,2.1054320987654322,1291985
21515,0,0,0,2.1055555555555556,1291985
21516,3901,2202,23,2.1028395061728395,1295886
21517,0,0,0,2.102962962962963,1295886
21518,0,0,0,2.1030864197530863,1295886
21519,0,0,0,2.1032098765432097,1295886
21520,628,628,0,2.1033333333333335,1296514
21521,2758,2097,11,2.102098765432099,1299272
21522,0,0,0,2.102222222222222,1299272
21523,0,0,0,2.1023456790123456,1299272
21524,130,111,4,2.1019753086419755,1299402
21525,0,0,0,2.102098765432099,1299402
21526,0,0,0,2.102222222222222,1299402
21527,267,212,0,2.1023456790123456,1299669
21528,154,104,6,2.1017283950617283,1299823
21529,29,29,3,2.1014814814814815,1299852
21530,1670,1639,0,2.101604938271605,1301522
21531,0,0,0,2.1017283950617283,1301522
21532,0,0,0,2.1018518518518516,1301522
21533,0,0,0,2.1019753086419755,1301522
21534,0,0,0,2.102098765432099,1301522
21535,1,1,0,2.102222222222222,1301523
21536,0,0,0,2.1023456790123456,1301523
21537,31,24,0,2.102469135802469,1301554
21538,36,36,0,2.102592592592593,1301590
21539,189,189,0,2.102716049382716,1301779
21540,1305,1104,1,2.102716049382716,1303084
21541,6,6,0,2.1028395061728395,1303090
21542,0,0,0,2.102962962962963,1303090
21543,0,0,0,2.1030864197530863,1303090
21544,0,0,0,2.1032098765432097,1303090
21545,1189,1189,10,2.102098765432099,1304279
21546,10,9,0,2.102222222222222,1304289
21547,0,0,0,2.1023456790123456,1304289
21548,0,0,0,2.102469135802469,1304289
21549,4,4,0,2.102592592592593,1304293
21550,35,34,0,2.102716049382716,1304328
21551,11,11,0,2.1028395061728395,1304339
21552,0,0,0,2.102962962962963,1304339
21553,0,0,0,2.1030864197530863,1304339
21554,0,0,0,2.1032098765432097,1304339
21555,0,0,0,2.1033333333333335,1304339
21556,5,5,0,2.103456790123457,1304344
21557,0,0,0,2.1035802469135803,1304344
21558,0,0,0,2.1037037037037036,1304344
21559,0,0,0,2.103827160493827,1304344
21560,59,59,0,2.103950617283951,1304403
21561,0,0,0,2.104074074074074,1304403
21562,303,207,0,2.1041975308641976,1304706
21563,1259,1160,3,2.103950617283951,1305965
21564,0,0,0,2.104074074074074,1305965
21565,372,370,0,2.1041975308641976,1306337
21566,15,15,0,2.104320987654321,1306352
21567,0,0,0,2.1044444444444443,1306352
21568,12,12,0,2.1045679012345677,1306364
21569,0,0,0,2.1046913580246915,1306364
21570,296,182,5,2.1041975308641976,1306660
21571,0,0,0,2.104320987654321,1306660
21572,0,0,0,2.1044444444444443,1306660
21573,0,0,0,2.1045679012345677,1306660
21574,0,0,0,2.1046913580246915,1306660
21575,0,0,0,2.104814814814815,1306660
21576,0,0,0,2.1049382716049383,1306660
21577,0,0,0,2.1050617283950617,1306660
21578,0,0,0,2.105185185185185,1306660
21579,0,0,0,2.1053086419753084,1306660
21580,0,0,0,2.1054320987654322,1306660
21581,9,9,0,2.1055555555555556,1306669
21582,0,0,0,2.105679012345679,1306669
21583,1,1,0,2.1058024691358024,1306670
21584,0,0,0,2.1059259259259258,1306670
21585,1,1,0,2.1060493827160496,1306671
21586,2,2,0,2.106172839506173,1306673
21587,0,0,0,2.1062962962962963,1306673
21588,17,17,0,2.1064197530864197,1306690
21589,0,0,0,2.106543209876543,1306690
21590,47,39,0,2.1066666666666665,1306737
21591,3586,3586,6,2.1060493827160496,1310323
21592,0,0,0,2.106172839506173,1310323
21593,0,0,0,2.1062962962962963,1310323
21594,0,0,0,2.1064197530864197,1310323
21595,47,38,0,2.106543209876543,1310370
21596,0,0,0,2.1066666666666665,1310370
21597,13,13,0,2.1067901234567903,1310383
21598,84,82,0,2.1069135802469137,1310467
21599,0,0,0,2.107037037037037,1310467
21600,0,0,0,2.1071604938271604,1310467
21601,59,59,10,2.1060493827160496,1310526
21602,0,0,0,2.106172839506173,1310526
21603,169,168,3,2.1059259259259258,1310695
21604,0,0,0,2.1060493827160496,1310695
21605,0,0,0,2.106172839506173,1310695
21606,16,16,0,2.1062962962962963,1310711
21607,4,4,0,2.1064197530864197,1310715
21608,227,227,6,2.1058024691358024,1310942
21609,0,0,0,2.1059259259259258,1310942
21610,10,10,0,2.1060493827160496,1310952
21611,0,0,0,2.106172839506173,1310952
21612,0,0,0,2.1062962962962963,1310952
21613,0,0,0,2.1064197530864197,1310952
21614,8,8,0,2.106543209876543,1310960
21615,0,0,0,2.1066666666666665,1310960
21616,0,0,0,2.1067901234567903,1310960
21617,9,9,0,2.1069135802469137,1310969
21618,0,0,0,2.107037037037037,1310969
21619,0,0,0,2.1071604938271604,1310969
21620,93,90,0,2.107283950617284,1311062
21621,0,0,0,2.1074074074074076,1311062
21622,106,106,0,2.107530864197531,1311168
21623,9,8,0,2.1076543209876544,1311177
21624,0,0,0,2.1077777777777778,1311177
21625,0,0,0,2.107901234567901,1311177
21626,19,19,0,2.1080246913580245,1311196
21627,0,0,0,2.1081481481481483,1311196
21628,715,438,7,2.1074074074074076,1311911
21629,0,0,0,2.107530864197531,1311911
21630,0,0,0,2.1076543209876544,1311911
21631,363,363,0,2.1077777777777778,1312274
21632,0,0,0,2.107901234567901,1312274
21633,14155,4626,20,2.1055555555555556,1326429
21634,0,0,0,2.105679012345679,1326429
21635,0,0,0,2.1058024691358024,1326429
21636,0,0,0,2.1059259259259258,1326429
21637,0,0,0,2.1060493827160496,1326429
21638,16,16,0,2.106172839506173,1326445
21639,0,0,0,2.1062962962962963,1326445
21640,0,0,0,2.1064197530864197,1326445
21641,17,17,3,2.106172839506173,1326462
21642,282,203,3,2.1059259259259258,1326744
21643,1,1,0,2.1060493827160496,1326745
21644,0,0,0,2.106172839506173,1326745
21645,19,19,0,2.1062962962962963,1326764
21646,1,1,0,2.1064197530864197,1326765
21647,0,0,0,2.106543209876543,1326765
21648,64,64,0,2.1066666666666665,1326829
21649,10,10,0,2.1067901234567903,1326839
21650,0,0,0,2.1069135802469137,1326839
21651,3,3,0,2.107037037037037,1326842
21652,11,11,0,2.1071604938271604,1326853
21653,2,2,2,2.107037037037037,1326855
21654,5892,2995,14,2.1054320987654322,1332747
21655,69,69,0,2.1055555555555556,1332816
21656,0,0,0,2.105679012345679,1332816
21657,0,0,0,2.1058024691358024,1332816
21658,115,115,3,2.1055555555555556,1332931
21659,16,16,0,2.105679012345679,1332947
21660,0,0,0,2.1058024691358024,1332947
21661,1,1,0,2.1059259259259258,1332948
21662,136,136,2,2.1058024691358024,1333084
21663,0,0,0,2.1059259259259258,1333084
21664,0,0,0,2.1060493827160496,1333084
21665,0,0,0,2.106172839506173,1333084
21666,6,6,0,2.1062962962962963,1333090
21667,3,3,0,2.1064197530864197,1333093
21668,0,0,0,2.106543209876543,1333093
21669,66,64,0,2.1066666666666665,1333159
21670,19,19,0,2.1067901234567903,1333178
21671,0,0,0,2.1069135802469137,1333178
21672,0,0,0,2.107037037037037,1333178
21673,590,494,0,2.1071604938271604,1333768
21674,279,279,0,2.107283950617284,1334047
21675,1,1,0,2.1074074074074076,1334048
21676,341,303,0,2.107530864197531,1334389
21677,0,0,0,2.1076543209876544,1334389
21678,0,0,0,2.1077777777777778,1334389
21679,212,150,0,2.107901234567901,1334601
21680,3350,2367,16,2.1060493827160496,1337951
21681,6,6,0,2.106172839506173,1337957
21682,0,0,0,2.1062962962962963,1337957
21683,0,0,0,2.1064197530864197,1337957
21684,0,0,0,2.106543209876543,1337957
21685,0,0,0,2.1066666666666665,1337957
21686,4,4,0,2.1067901234567903,1337961
21687,4,4,0,2.1069135802469137,1337965
21688,0,0,0,2.107037037037037,1337965
21689,0,0,0,2.1071604938271604,1337965
21690,0,0,0,2.107283950617284,1337965
21691,2066,1148,0,2.1074074074074076,1340031
21692,0,0,0,2.107530864197531,1340031
21693,0,0,0,2.1076543209876544,1340031
21694,0,0,0,2.1077777777777778,1340031
21695,0,0,0,2.107901234567901,1340031
21696,0,0,0,2.1080246913580245,1340031
21697,0,0,0,2.1081481481481483,1340031
21698,0,0,0,2.1082716049382717,1340031
21699,0,0,0,2.108395061728395,1340031
21700,0,0,0,2.1085185185185185,1340031
21701,0,0,0,2.108641975308642,1340031
21702,17,17,0,2.108765432098765,1340048
21703,57,50,0,2.108888888888889,1340105
21704,38,38,0,2.1090123456790124,1340143
21705,0,0,0,2.109135802469136,1340143
21706,0,0,0,2.109259259259259,1340143
21707,0,0,0,2.1093827160493825,1340143
21708,266,248,0,2.1095061728395064,1340409
21709,0,0,0,2.1096296296296297,1340409
21710,60,60,0,2.109753086419753,1340469
21711,1,1,0,2.1098765432098765,1340470
21712,0,0,0,2.11,1340470
21713,0,0,0,2.1101234567901233,1340470
21714,0,0,0,2.110246913580247,1340470
21715,0,0,0,2.1103703703703705,1340470
21716,1,1,0,2.110493827160494,1340471
21717,3,3,0,2.110617283950617,1340474
21718,163,163,0,2.1107407407407406,1340637
21719,0,0,0,2.1108641975308644,1340637
21720,77,77,0,2.110987654320988,1340714
21721,0,0,0,2.111111111111111,1340714
21722,2,2,0,2.1112345679012345,1340716
21723,2,2,0,2.111358024691358,1340718
21724,0,0,0,2.1114814814814813,1340718
21725,0,0,0,2.111604938271605,1340718
21726,0,0,0,2.1117283950617285,1340718
21727,77,77,4,2.111358024691358,1340795
21728,50,50,0,2.1114814814814813,1340845
21729,2346,1319,3,2.1112345679012345,1343191
21730,11501,4601,57,2.104320987654321,1354692
21731,9,8,2,2.1041975308641976,1354701
21732,0,0,0,2.104320987654321,1354701
21733,4,4,1,2.104320987654321,1354705
21734,0,0,0,2.1044444444444443,1354705
21735,346,337,0,2.1045679012345677,1355051
21736,356,356,0,2.1046913580246915,1355407
21737,3525,2176,19,2.102469135802469,1358932
21738,115,115,0,2.102592592592593,1359047
21739,0,0,0,2.102716049382716,1359047
21740,0,0,0,2.1028395061728395,1359047
21741,0,0,0,2.102962962962963,1359047
21742,1,1,0,2.1030864197530863,1359048
21743,0,0,0,2.1032098765432097,1359048
21744,0,0,0,2.1033333333333335,1359048
21745,366,359,2,2.1032098765432097,1359414
21746,1,1,0,2.1033333333333335,1359415
21747,0,0,0,2.103456790123457,1359415
21748,53,53,0,2.1035802469135803,1359468
21749,0,0,0,2.1037037037037036,1359468
21750,1,1,0,2.103827160493827,1359469
21751,1609,1328,0,2.103950617283951,1361078
21752,24,24,0,2.104074074074074,1361102
21753,1,1,0,2.1041975308641976,1361103
21754,0,0,0,2.104320987654321,1361103
21755,7,7,0,2.1044444444444443,1361110
21756,4,4,3,2.1041975308641976,1361114
21757,0,0,0,2.104320987654321,1361114
21758,0,0,0,2.1044444444444443,1361114
21759,1,1,0,2.1045679012345677,1361115
21760,0,0,0,2.1046913580246915,1361115
21761,1355,1327,0,2.104814814814815,1362470
21762,2458,1599,12,2.103456790123457,1364928
21763,0,0,0,2.1035802469135803,1364928
21764,271,179,0,2.1037037037037036,1365199
21765,3,3,0,2.103827160493827,1365202
21766,2,2,0,2.103950617283951,1365204
21767,0,0,0,2.104074074074074,1365204
21768,0,0,0,2.1041975308641976,1365204
21769,8963,4301,32,2.10037037037037,1374167
21770,0,0,0,2.100493827160494,1374167
21771,21,21,0,2.1006172839506174,1374188
21772,0,0,0,2.100740740740741,1374188
21773,721,542,0,2.100864197530864,1374909
21774,3920,2587,0,2.1009876543209876,1378829
21775,0,0,0,2.101111111111111,1378829
21776,0,0,0,2.1012345679012348,1378829
21777,57,57,0,2.101358024691358,1378886
21778,14,13,0,2.1014814814814815,1378900
21779,0,0,0,2.101604938271605,1378900
21780,0,0,0,2.1017283950617283,1378900
21781,280,221,5,2.1012345679012348,1379180
21782,0,0,0,2.101358024691358,1379180
21783,0,0,0,2.1014814814814815,1379180
21784,0,0,0,2.101604938271605,1379180
21785,17,17,0,2.1017283950617283,1379197
21786,0,0,0,2.1018518518518516,1379197
21787,21,21,0,2.1019753086419755,1379218
21788,0,0,0,2.102098765432099,1379218
21789,0,0,0,2.102222222222222,1379218
21790,0,0,0,2.1023456790123456,1379218
21791,0,0,0,2.102469135802469,1379218
21792,62,62,0,2.102592592592593,1379280
21793,0,0,0,2.102716049382716,1379280
21794,362,319,10,2.101604938271605,1379642
21795,0,0,0,2.1017283950617283,1379642
21796,0,0,0,2.1018518518518516,1379642
21797,3,3,0,2.1019753086419755,1379645
21798,1,1,0,2.102098765432099,1379646
21799,2,2,0,2.102222222222222,1379648
21800,0,0,0,2.1023456790123456,1379648
21801,0,0,0,2.102469135802469,1379648
21802,1251,542,0,2.102592592592593,1380899
21803,23,23,0,2.102716049382716,1380922
21804,0,0,0,2.1028395061728395,1380922
21805,0,0,0,2.102962962962963,1380922
21806,0,0,0,2.1030864197530863,1380922
21807,0,0,0,2.1032098765432097,1380922
21808,0,0,0,2.1033333333333335,1380922
21809,103,83,0,2.103456790123457,1381025
21810,3522,2241,4,2.1030864197530863,1384547
21811,31,31,0,2.1032098765432097,1384578
21812,1,1,0,2.1033333333333335,1384579
21813,0,0,0,2.103456790123457,1384579
21814,2,2,0,2.1035802469135803,1384581
21815,0,0,0,2.1037037037037036,1384581
21816,0,0,0,2.103827160493827,1384581
21817,5,5,0,2.103950617283951,1384586
21818,0,0,0,2.104074074074074,1384586
21819,0,0,0,2.1041975308641976,1384586
21820,0,0,0,2.104320987654321,1384586
21821,53,51,0,2.1044444444444443,1384639
21822,0,0,0,2.1045679012345677,1384639
21823,5921,4690,33,2.1006172839506174,1390560
21824,722,370,1,2.1006172839506174,1391282
21825,594,550,0,2.100740740740741,1391876
21826,7773,4991,25,2.097777777777778,1399649
21827,0,0,0,2.0979012345679013,1399649
21828,0,0,0,2.0980246913580247,1399649
21829,2,2,0,2.098148148148148,1399651
21830,0,0,0,2.0982716049382715,1399651
21831,0,0,0,2.098395061728395,1399651
21832,0,0,0,2.0985185185185187,1399651
21833,2,2,2,2.098395061728395,1399653
21834,0,0,0,2.0985185185185187,1399653
21835,0,0,0,2.098641975308642,1399653
21836,0,0,0,2.0987654320987654,1399653
21837,30,30,0,2.098888888888889,1399683
21838,1309,906,4,2.0985185185185187,1400992
21839,6,6,0,2.098641975308642,1400998
21840,0,0,0,2.0987654320987654,1400998
21841,300,175,0,2.098888888888889,1401298
21842,0,0,0,2.099012345679012,1401298
21843,16,16,1,2.099012345679012,1401314
21844,0,0,0,2.099135802469136,1401314
21845,0,0,0,2.0992592592592594,1401314
21846,35,34,0,2.0993827160493828,1401349
21847,3,3,0,2.099506172839506,1401352
21848,3,3,0,2.0996296296296295,1401355
21849,159,159,0,2.099753086419753,1401514
21850,10,9,0,2.0998765432098767,1401524
21851,31,30,0,2.1,1401555
21852,71,67,10,2.098888888888889,1401626
21853,0,0,0,2.099012345679012,1401626
21854,3000,1662,2,2.098888888888889,1404626
21855,0,0,0,2.099012345679012,1404626
21856,10,10,4,2.098641975308642,1404636
21857,0,0,0,2.0987654320987654,1404636
21858,865,865,0,2.098888888888889,1405501
21859,43,43,5,2.098395061728395,1405544
21860,8,8,0,2.0985185185185187,1405552
21861,0,0,0,2.098641975308642,1405552
21862,309,309,5,2.098148148148148,1405861
21863,0,0,0,2.0982716049382715,1405861
21864,0,0,0,2.098395061728395,1405861
21865,0,0,0,2.0985185185185187,1405861
21866,0,0,0,2.098641975308642,1405861
21867,0,0,0,2.0987654320987654,1405861
21868,31,31,6,2.098148148148148,1405892
21869,0,0,0,2.0982716049382715,1405892
21870,0,0,0,2.098395061728395,1405892
21871,14,14,0,2.0985185185185187,1405906
21872,3,3,0,2.098641975308642,1405909
21873,0,0,0,2.0987654320987654,1405909
21874,170,166,0,2.098888888888889,1406079
21875,0,0,0,2.099012345679012,1406079
21876,11,11,5,2.0985185185185187,1406090
21877,1080,934,0,2.098641975308642,1407170
21878,0,0,0,2.0987654320987654,1407170
21879,6,6,0,2.098888888888889,1407176
21880,0,0,0,2.099012345679012,1407176
21881,0,0,0,2.099135802469136,1407176
21882,35,35,2,2.099012345679012,1407211
21883,3,3,0,2.099135802469136,1407214
21884,0,0,0,2.0992592592592594,1407214
21885,782,782,5,2.0987654320987654,1407996
21886,1330,1330,5,2.0982716049382715,1409326
21887,0,0,0,2.098395061728395,1409326
21888,0,0,0,2.0985185185185187,1409326
21889,0,0,0,2.098641975308642,1409326
21890,0,0,0,2.0987654320987654,1409326
21891,0,0,0,2.098888888888889,1409326
21892,6,6,0,2.099012345679012,1409332
21893,0,0,0,2.099135802469136,1409332
21894,0,0,0,2.0992592592592594,1409332
21895,1,1,0,2.0993827160493828,1409333
21896,0,0,0,2.099506172839506,1409333
21897,58,58,1,2.099506172839506,1409391
21898,0,0,0,2.0996296296296295,1409391
21899,0,0,0,2.099753086419753,1409391
21900,0,0,0,2.0998765432098767,1409391
21901,0,0,0,2.1,1409391
21902,2,2,0,2.1001234567901235,1409393
21903,0,0,0,2.100246913580247,1409393
21904,0,0,0,2.10037037037037,1409393
21905,0,0,0,2.100493827160494,1409393
21906,178,178,0,2.1006172839506174,1409571
21907,33,33,0,2.100740740740741,1409604
21908,8,8,0,2.100864197530864,1409612
21909,0,0,0,2.1009876543209876,1409612
21910,0,0,0,2.101111111111111,1409612
21911,163,163,0,2.1012345679012348,1409775
21912,0,0,0,2.101358024691358,1409775
21913,380,377,0,2.1014814814814815,1410155
21914,0,0,0,2.101604938271605,1410155
21915,6,6,0,2.1017283950617283,1410161
21916,32,32,0,2.1018518518518516,1410193
21917,0,0,0,2.1019753086419755,1410193
21918,30,26,0,2.102098765432099,1410223
21919,15,15,0,2.102222222222222,1410238
21920,0,0,0,2.1023456790123456,1410238
21921,0,0,0,2.102469135802469,1410238
21922,0,0,0,2.102592592592593,1410238
21923,495,495,1,2.102592592592593,1410733
21924,120,120,0,2.102716049382716,1410853
21925,0,0,0,2.1028395061728395,1410853
21926,0,0,0,2.102962962962963,1410853
21927,0,0,0,2.1030864197530863,1410853
21928,0,0,0,2.1032098765432097,1410853
21929,27,27,0,2.1033333333333335,1410880
21930,0,0,0,2.103456790123457,1410880
21931,89,89,6,2.1028395061728395,1410969
21932,0,0,0,2.102962962962963,1410969
21933,177,153,6,2.1023456790123456,1411146
21934,0,0,0,2.102469135802469,1411146
21935,9,9,0,2.102592592592593,1411155
21936,0,0,0,2.102716049382716,1411155
21937,0,0,0,2.1028395061728395,1411155
21938,0,0,0,2.102962962962963,1411155
21939,22,22,2,2.1028395061728395,1411177
21940,0,0,0,2.102962962962963,1411177
21941,0,0,0,2.1030864197530863,1411177
21942,0,0,0,2.1032098765432097,1411177
21943,141,141,0,2.1033333333333335,1411318
21944,4223,3117,6,2.102716049382716,1415541
21945,0,0,0,2.1028395061728395,1415541
21946,0,0,0,2.102962962962963,1415541
21947,0,0,0,2.1030864197530863,1415541
21948,0,0,0,2.1032098765432097,1415541
21949,0,0,0,2.1033333333333335,1415541
21950,0,0,0,2.103456790123457,1415541
21951,0,0,0,2.1035802469135803,1415541
21952,1,1,0,2.1037037037037036,1415542
21953,1665,1664,0,2.103827160493827,1417207
21954,5,5,0,2.103950617283951,1417212
21955,0,0,0,2.104074074074074,1417212
21956,2,2,0,2.1041975308641976,1417214
21957,0,0,0,2.104320987654321,1417214
21958,0,0,0,2.1044444444444443,1417214
21959,148,147,0,2.1045679012345677,1417362
21960,1367,854,0,2.1046913580246915,1418729
21961,5,5,0,2.104814814814815,1418734
21962,84,76,6,2.1041975308641976,1418818
21963,119,119,0,2.104320987654321,1418937
21964,5,5,0,2.1044444444444443,1418942
21965,4151,3369,3,2.1041975308641976,1423093
21966,13,13,0,2.104320987654321,1423106
21967,104,90,0,2.1044444444444443,1423210
21968,0,0,0,2.1045679012345677,1423210
21969,21,20,0,2.1046913580246915,1423231
21970,0,0,0,2.104814814814815,1423231
21971,3,3,0,2.1049382716049383,1423234
21972,0,0,0,2.1050617283950617,1423234
21973,0,0,0,2.105185185185185,1423234
21974,0,0,0,2.1053086419753084,1423234
21975,0,0,0,2.1054320987654322,1423234
21976,87,87,0,2.1055555555555556,1423321
21977,0,0,0,2.105679012345679,1423321
21978,0,0,0,2.1058024691358024,1423321
21979,975,975,0,2.1059259259259258,1424296
21980,0,0,0,2.1060493827160496,1424296
21981,0,0,0,2.106172839506173,1424296
21982,169,166,0,2.1062962962962963,1424465
21983,50,47,7,2.1055555555555556,1424515
21984,0,0,0,2.105679012345679,1424515
21985,0,0,0,2.1058024691358024,1424515
21986,0,0,0,2.1059259259259258,1424515
21987,0,0,0,2.1060493827160496,1424515
21988,0,0,0,2.106172839506173,1424515
21989,2263,1950,8,2.1053086419753084,1426778
21990,0,0,0,2.1054320987654322,1426778
21991,0,0,0,2.1055555555555556,1426778
21992,912,624,14,2.103950617283951,1427690
21993,924,908,0,2.104074074074074,1428614
21994,0,0,0,2.1041975308641976,1428614
21995,0,0,0,2.104320987654321,1428614
21996,0,0,0,2.1044444444444443,1428614
21997,0,0,0,2.1045679012345677,1428614
21998,0,0,0,2.1046913580246915,1428614
21999,0,0,0,2.104814814814815,1428614
22000,73,73,0,2.1049382716049383,1428687
22001,0,0,0,2.1050617283950617,1428687
22002,11,10,4,2.1046913580246915,1428698
22003,449,449,0,2.104814814814815,1429147
22004,0,0,0,2.1049382716049383,1429147
22005,0,0,0,2.1050617283950617,1429147
22006,15,13,3,2.104814814814815,1429162
22007,0,0,0,2.1049382716049383,1429162
22008,0,0,0,2.1050617283950617,1429162
22009,3732,2091,4,2.1046913580246915,1432894
22010,430,430,4,2.104320987654321,1433324
22011,0,0,0,2.1044444444444443,1433324
22012,0,0,0,2.1045679012345677,1433324
22013,0,0,0,2.1046913580246915,1433324
22014,0,0,0,2.104814814814815,1433324
22015,0,0,0,2.1049382716049383,1433324
22016,31,31,6,2.104320987654321,1433355
22017,0,0,0,2.1044444444444443,1433355
22018,0,0,0,2.1045679012345677,1433355
22019,2028,1482,0,2.1046913580246915,1435383
22020,0,0,0,2.104814814814815,1435383
22021,0,0,0,2.1049382716049383,1435383
22022,0,0,0,2.1050617283950617,1435383
22023,0,0,0,2.105185185185185,1435383
22024,0,0,0,2.1053086419753084,1435383
22025,4,4,0,2.1054320987654322,1435387
22026,104,71,0,2.1055555555555556,1435491
22027,1,1,0,2.105679012345679,1435492
22028,0,0,0,2.1058024691358024,1435492
22029,0,0,0,2.1059259259259258,1435492
22030,2,2,2,2.1058024691358024,1435494
22031,0,0,0,2.1059259259259258,1435494
22032,78,71,5,2.1054320987654322,1435572
22033,0,0,0,2.1055555555555556,1435572
22034,0,0,0,2.105679012345679,1435572
22035,0,0,0,2.1058024691358024,1435572
22036,41,41,2,2.105679012345679,1435613
22037,478,394,8,2.104814814814815,1436091
22038,7028,5867,23,2.102098765432099,1443119
22039,0,0,0,2.102222222222222,1443119
22040,1,1,0,2.1023456790123456,1443120
22041,24,24,0,2.102469135802469,1443144
22042,0,0,0,2.102592592592593,1443144
22043,0,0,0,2.102716049382716,1443144
22044,0,0,0,2.1028395061728395,1443144
22045,589,589,0,2.102962962962963,1443733
22046,30,29,0,2.1030864197530863,1443763
22047,168,148,0,2.1032098765432097,1443931
22048,0,0,0,2.1033333333333335,1443931
22049,0,0,0,2.103456790123457,1443931
22050,0,0,0,2.1035802469135803,1443931
22051,0,0,0,2.1037037037037036,1443931
22052,0,0,0,2.103827160493827,1443931
22053,5,5,1,2.103827160493827,1443936
22054,188,184,18,2.1017283950617283,1444124
22055,0,0,0,2.1018518518518516,1444124
22056,0,0,0,2.1019753086419755,1444124
22057,57,56,3,2.1017283950617283,1444181
22058,0,0,0,2.1018518518518516,1444181
22059,0,0,0,2.1019753086419755,1444181
22060,6983,4740,21,2.099506172839506,1451164
22061,0,0,0,2.0996296296296295,1451164
22062,148,148,0,2.099753086419753,1451312
22063,149,149,0,2.0998765432098767,1451461
22064,2,2,0,2.1,1451463
22065,0,0,0,2.1001234567901235,1451463
22066,12,12,0,2.100246913580247,1451475
22067,0,0,0,2.10037037037037,1451475
22068,17,17,0,2.100493827160494,1451492
22069,0,0,0,2.1006172839506174,1451492
22070,0,0,0,2.100740740740741,1451492
22071,0,0,0,2.100864197530864,1451492
22072,107,102,0,2.1009876543209876,1451599
22073,0,0,0,2.101111111111111,1451599
22074,0,0,0,2.1012345679012348,1451599
22075,666,511,9,2.100246913580247,1452265
22076,47,47,1,2.100246913580247,1452312
22077,0,0,0,2.10037037037037,1452312
22078,0,0,0,2.100493827160494,1452312
22079,3,3,0,2.1006172839506174,1452315
22080,18,18,0,2.100740740740741,1452333
22081,0,0,0,2.100864197530864,1452333
22082,290,236,3,2.1006172839506174,1452623
22083,0,0,0,2.100740740740741,1452623
22084,1,1,0,2.100864197530864,1452624
22085,1,1,1,2.100864197530864,1452625
22086,8,8,0,2.1009876543209876,1452633
22087,0,0,0,2.101111111111111,1452633
22088,10,10,0,2.1012345679012348,1452643
22089,0,0,0,2.101358024691358,1452643
22090,16,16,0,2.1014814814814815,1452659
22091,16,16,0,2.101604938271605,1452675
22092,0,0,0,2.1017283950617283,1452675
22093,0,0,0,2.1018518518518516,1452675
22094,3,3,0,2.1019753086419755,1452678
22095,3,3,0,2.102098765432099,1452681
22096,0,0,0,2.102222222222222,1452681
22097,20,20,0,2.1023456790123456,1452701
22098,14,14,0,2.102469135802469,1452715
22099,0,0,0,2.102592592592593,1452715
22100,0,0,0,2.102716049382716,1452715
22101,230,230,0,2.1028395061728395,1452945
22102,0,0,0,2.102962962962963,1452945
22103,0,0,0,2.1030864197530863,1452945
22104,621,595,0,2.1032098765432097,1453566
22105,3721,3720,9,2.102222222222222,1457287
22106,0,0,0,2.1023456790123456,1457287
22107,0,0,0,2.102469135802469,1457287
22108,0,0,0,2.102592592592593,1457287
22109,0,0,0,2.102716049382716,1457287
22110,0,0,0,2.1028395061728395,1457287
22111,0,0,0,2.102962962962963,1457287
22112,0,0,0,2.1030864197530863,1457287
22113,104,84,0,2.1032098765432097,1457391
22114,570,570,0,2.1033333333333335,1457961
22115,0,0,0,2.103456790123457,1457961
22116,4,4,0,2.1035802469135803,1457965
22117,0,0,0,2.1037037037037036,1457965
22118,129,129,0,2.103827160493827,1458094
22119,0,0,0,2.103950617283951,1458094
22120,4,4,2,2.103827160493827,1458098
22121,0,0,0,2.103950617283951,1458098
22122,95,66,0,2.104074074074074,1458193
22123,0,0,0,2.1041975308641976,1458193
22124,0,0,0,2.104320987654321,1458193
22125,0,0,0,2.1044444444444443,1458193
22126,0,0,0,2.1045679012345677,1458193
22127,32,32,1,2.1045679012345677,1458225
22128,0,0,0,2.1046913580246915,1458225
22129,4338,3822,12,2.1033333333333335,1462563
22130,0,0,0,2.103456790123457,1462563
22131,164,164,0,2.1035802469135803,1462727
22132,2,2,0,2.1037037037037036,1462729
22133,1,1,0,2.103827160493827,1462730
22134,0,0,0,2.103950617283951,1462730
22135,0,0,0,2.104074074074074,1462730
22136,8,8,0,2.1041975308641976,1462738
22137,128,128,4,2.103827160493827,1462866
22138,6,6,0,2.103950617283951,1462872
22139,75,75,0,2.104074074074074,1462947
22140,1,1,1,2.104074074074074,1462948
22141,0,0,0,2.1041975308641976,1462948
22142,1,1,0,2.104320987654321,1462949
22143,1,1,0,2.1044444444444443,1462950
22144,19,19,4,2.104074074074074,1462969
22145,0,0,0,2.1041975308641976,1462969
22146,0,0,0,2.104320987654321,1462969
22147,1926,1926,0,2.1044444444444443,1464895
22148,0,0,0,2.1045679012345677,1464895
22149,0,0,0,2.1046913580246915,1464895
22150,0,0,0,2.104814814814815,1464895
22151,0,0,0,2.1049382716049383,1464895
22152,1078,889,0,2.1050617283950617,1465973
22153,34,34,0,2.105185185185185,1466007
22154,0,0,0,2.1053086419753084,1466007
22155,1574,1574,0,2.1054320987654322,1467581
22156,0,0,0,2.1055555555555556,1467581
22157,0,0,0,2.105679012345679,1467581
22158,0,0,0,2.1058024691358024,1467581
22159,0,0,0,2.1059259259259258,1467581
22160,0,0,0,2.1060493827160496,1467581
22161,0,0,0,2.106172839506173,1467581
22162,0,0,0,2.1062962962962963,1467581
22163,0,0,0,2.1064197530864197,1467581
22164,0,0,0,2.106543209876543,1467581
22165,2,2,0,2.1066666666666665,1467583
22166,0,0,0,2.1067901234567903,1467583
22167,0,0,0,2.1069135802469137,1467583
22168,0,0,0,2.107037037037037,1467583
22169,0,0,0,2.1071604938271604,1467583
22170,0,0,0,2.107283950617284,1467583
22171,2,2,0,2.1074074074074076,1467585
22172,0,0,0,2.107530864197531,1467585
22173,0,0,0,2.1076543209876544,1467585
22174,0,0,0,2.1077777777777778,1467585
22175,0,0,0,2.107901234567901,1467585
22176,0,0,0,2.1080246913580245,1467585
22177,0,0,0,2.1081481481481483,1467585
22178,27,27,0,2.1082716049382717,1467612
22179,0,0,0,2.108395061728395,1467612
22180,0,0,0,2.1085185185185185,1467612
22181,0,0,0,2.108641975308642,1467612
22182,0,0,0,2.108765432098765,1467612
22183,0,0,0,2.108888888888889,1467612
22184,0,0,0,2.1090123456790124,1467612
22185,0,0,0,2.109135802469136,1467612
22186,0,0,0,2.109259259259259,1467612
22187,0,0,0,2.1093827160493825,1467612
22188,0,0,0,2.1095061728395064,1467612
22189,0,0,0,2.1096296296296297,1467612
22190,0,0,0,2.109753086419753,1467612
22191,410,405,0,2.1098765432098765,1468022
22192,4,4,0,2.11,1468026
22193,1,1,0,2.1101234567901233,1468027
22194,6,6,0,2.110246913580247,1468033
22195,0,0,0,2.1103703703703705,1468033
22196,1,1,0,2.110493827160494,1468034
22197,0,0,0,2.110617283950617,1468034
22198,592,592,0,2.1107407407407406,1468626
22199,0,0,0,2.1108641975308644,1468626
22200,49,49,0,2.110987654320988,1468675
22201,0,0,0,2.111111111111111,1468675
22202,1,1,0,2.1112345679012345,1468676
22203,0,0,0,2.111358024691358,1468676
22204,0,0,0,2.1114814814814813,1468676
22205,1,1,0,2.111604938271605,1468677
22206,0,0,0,2.1117283950617285,1468677
22207,0,0,0,2.111851851851852,1468677
22208,0,0,0,2.1119753086419752,1468677
22209,416,312,0,2.1120987654320986,1469093
22210,0,0,0,2.112222222222222,1469093
22211,0,0,0,2.112345679012346,1469093
22212,819,819,0,2.112469135802469,1469912
22213,4,4,1,2.112469135802469,1469916
22214,3229,2269,5,2.1119753086419752,1473145
22215,0,0,0,2.1120987654320986,1473145
22216,1826,1192,23,2.1093827160493825,1474971
22217,0,0,0,2.1095061728395064,1474971
22218,6,6,0,2.1096296296296297,1474977
22219,0,0,0,2.109753086419753,1474977
22220,0,0,0,2.1098765432098765,1474977
22221,2,2,0,2.11,1474979
22222,0,0,0,2.1101234567901233,1474979
22223,0,0,0,2.110246913580247,1474979
22224,156,154,0,2.1103703703703705,1475135
22225,189,182,0,2.110493827160494,1475324
22226,0,0,0,2.110617283950617,1475324
22227,1,1,0,2.1107407407407406,1475325
22228,0,0,0,2.1108641975308644,1475325
22229,0,0,0,2.110987654320988,1475325
22230,25,25,0,2.111111111111111,1475350
22231,14,14,3,2.1108641975308644,1475364
22232,0,0,0,2.110987654320988,1475364
22233,0,0,0,2.111111111111111,1475364
22234,4,4,0,2.1112345679012345,1475368
22235,0,0,0,2.111358024691358,1475368
22236,0,0,0,2.1114814814814813,1475368
22237,0,0,0,2.111604938271605,1475368
22238,0,0,0,2.1117283950617285,1475368
22239,0,0,0,2.111851851851852,1475368
22240,124,111,0,2.1119753086419752,1475492
22241,1,1,0,2.1120987654320986,1475493
22242,745,580,5,2.111604938271605,1476238
22243,0,0,0,2.1117283950617285,1476238
22244,0,0,0,2.111851851851852,1476238
22245,122,118,0,2.1119753086419752,1476360
22246,0,0,0,2.1120987654320986,1476360
22247,1414,721,15,2.1103703703703705,1477774
22248,3,3,1,2.1103703703703705,1477777
22249,1864,1171,11,2.109135802469136,1479641
22250,0,0,0,2.109259259259259,1479641
22251,1,1,0,2.1093827160493825,1479642
22252,0,0,0,2.1095061728395064,1479642
22253,1,1,0,2.1096296296296297,1479643
22254,0,0,0,2.109753086419753,1479643
22255,0,0,0,2.1098765432098765,1479643
22256,87,84,0,2.11,1479730
22257,790,514,0,2.1101234567901233,1480520
22258,6,6,0,2.110246913580247,1480526
22259,0,0,0,2.1103703703703705,1480526
22260,116,116,0,2.110493827160494,1480642
22261,0,0,0,2.110617283950617,1480642
22262,7,7,0,2.1107407407407406,1480649
22263,69,53,0,2.1108641975308644,1480718
22264,88,79,0,2.110987654320988,1480806
22265,0,0,0,2.111111111111111,1480806
22266,39,34,0,2.1112345679012345,1480845
22267,131,111,5,2.1107407407407406,1480976
22268,0,0,0,2.1108641975308644,1480976
22269,377,377,0,2.110987654320988,1481353
22270,0,0,0,2.111111111111111,1481353
22271,0,0,0,2.1112345679012345,1481353
22272,28,27,0,2.111358024691358,1481381
22273,0,0,0,2.1114814814814813,1481381
22274,0,0,0,2.111604938271605,1481381
22275,0,0,0,2.1117283950617285,1481381
22276,0,0,0,2.111851851851852,1481381
22277,6,6,0,2.1119753086419752,1481387
22278,1534,1122,11,2.1107407407407406,1482921
22279,0,0,0,2.1108641975308644,1482921
22280,0,0,0,2.110987654320988,1482921
22281,72,57,0,2.111111111111111,1482993
22282,8,8,4,2.1107407407407406,1483001
22283,0,0,0,2.1108641975308644,1483001
22284,130,130,0,2.110987654320988,1483131
22285,224,210,8,2.1101234567901233,1483355
22286,0,0,0,2.110246913580247,1483355
22287,10,10,0,2.1103703703703705,1483365
22288,0,0,0,2.110493827160494,1483365
22289,13,13,0,2.110617283950617,1483378
22290,446,392,0,2.1107407407407406,1483824
22291,0,0,0,2.1108641975308644,1483824
22292,0,0,0,2.110987654320988,1483824
22293,0,0,0,2.111111111111111,1483824
22294,93,93,0,2.1112345679012345,1483917
22295,3,3,0,2.111358024691358,1483920
22296,9,9,1,2.111358024691358,1483929
22297,0,0,0,2.1114814814814813,1483929
22298,2,2,0,2.111604938271605,1483931
22299,90,88,0,2.1117283950617285,1484021
22300,29,29,0,2.111851851851852,1484050
22301,0,0,0,2.1119753086419752,1484050
22302,0,0,0,2.1120987654320986,1484050
22303,0,0,0,2.112222222222222,1484050
22304,0,0,0,2.112345679012346,1484050
22305,2291,1573,9,2.111358024691358,1486341
22306,0,0,0,2.1114814814814813,1486341
22307,0,0,0,2.111604938271605,1486341
22308,1321,1321,5,2.111111111111111,1487662
22309,2243,1691,1,2.111111111111111,1489905
22310,7126,3118,19,2.108888888888889,1497031
22311,0,0,0,2.1090123456790124,1497031
22312,60,60,6,2.108395061728395,1497091
22313,0,0,0,2.1085185185185185,1497091
22314,11,11,2,2.108395061728395,1497102
22315,278,278,4,2.1080246913580245,1497380
22316,0,0,0,2.1081481481481483,1497380
22317,0,0,0,2.1082716049382717,1497380
22318,0,0,0,2.108395061728395,1497380
22319,0,0,0,2.1085185185185185,1497380
22320,30,30,4,2.1081481481481483,1497410
22321,0,0,0,2.1082716049382717,1497410
22322,0,0,0,2.108395061728395,1497410
22323,1277,834,4,2.1080246913580245,1498687
22324,27,27,0,2.1081481481481483,1498714
22325,0,0,0,2.1082716049382717,1498714
22326,120,105,0,2.108395061728395,1498834
22327,12,12,0,2.1085185185185185,1498846
22328,13,12,2,2.108395061728395,1498859
22329,0,0,0,2.1085185185185185,1498859
22330,0,0,0,2.108641975308642,1498859
22331,32,32,0,2.108765432098765,1498891
22332,0,0,0,2.108888888888889,1498891
22333,574,574,0,2.1090123456790124,1499465
22334,2,2,0,2.109135802469136,1499467
22335,2,2,0,2.109259259259259,1499469
22336,1,1,0,2.1093827160493825,1499470
22337,0,0,0,2.1095061728395064,1499470
22338,1594,1383,6,2.108888888888889,1501064
22339,0,0,0,2.1090123456790124,1501064
22340,0,0,0,2.109135802469136,1501064
22341,360,360,0,2.109259259259259,1501424
22342,0,0,0,2.1093827160493825,1501424
22343,1067,1044,4,2.1090123456790124,1502491
22344,84,61,0,2.109135802469136,1502575
22345,0,0,0,2.109259259259259,1502575
22346,2,2,0,2.1093827160493825,1502577
22347,0,0,0,2.1095061728395064,1502577
22348,255,255,5,2.1090123456790124,1502832
22349,417,384,0,2.109135802469136,1503249
22350,0,0,0,2.109259259259259,1503249
22351,331,331,0,2.1093827160493825,1503580
22352,6,6,0,2.1095061728395064,1503586
22353,0,0,0,2.1096296296296297,1503586
22354,29,29,0,2.109753086419753,1503615
22355,3,3,0,2.1098765432098765,1503618
22356,197,197,1,2.1098765432098765,1503815
22357,0,0,0,2.11,1503815
22358,0,0,0,2.1101234567901233,1503815
22359,0,0,0,2.110246913580247,1503815
22360,6,6,0,2.1103703703703705,1503821
22361,6,6,0,2.110493827160494,1503827
22362,0,0,0,2.110617283950617,1503827
22363,0,0,0,2.1107407407407406,1503827
22364,1,1,0,2.1108641975308644,1503828
22365,0,0,0,2.110987654320988,1503828
22366,0,0,0,2.111111111111111,1503828
22367,0,0,0,2.1112345679012345,1503828
22368,162,162,4,2.1108641975308644,1503990
22369,0,0,0,2.110987654320988,1503990
22370,0,0,0,2.111111111111111,1503990
22371,4990,2458,21,2.108641975308642,1508980
22372,31,26,0,2.108765432098765,1509011
22373,14,14,2,2.108641975308642,1509025
22374,0,0,0,2.108765432098765,1509025
22375,2,2,0,2.108888888888889,1509027
22376,0,0,0,2.1090123456790124,1509027
22377,2,2,0,2.109135802469136,1509029
22378,1281,1281,9,2.1081481481481483,1510310
22379,2162,2040,3,2.107901234567901,1512472
22380,0,0,0,2.1080246913580245,1512472
22381,0,0,0,2.1081481481481483,1512472
22382,0,0,0,2.1082716049382717,1512472
22383,0,0,0,2.108395061728395,1512472
22384,0,0,0,2.1085185185185185,1512472
22385,2,2,0,2.108641975308642,1512474
22386,17,16,0,2.108765432098765,1512491
22387,1,1,0,2.108888888888889,1512492
22388,0,0,0,2.1090123456790124,1512492
22389,6,6,0,2.109135802469136,1512498
22390,122,105,0,2.109259259259259,1512620
22391,0,0,0,2.1093827160493825,1512620
22392,0,0,0,2.1095061728395064,1512620
22393,15,15,0,2.1096296296296297,1512635
22394,0,0,0,2.109753086419753,1512635
22395,0,0,0,2.1098765432098765,1512635
22396,39,39,3,2.1096296296296297,1512674
22397,0,0,0,2.109753086419753,1512674
22398,72,72,6,2.109135802469136,1512746
22399,0,0,0,2.109259259259259,1512746
22400,356,351,0,2.1093827160493825,1513102
22401,0,0,0,2.1095061728395064,1513102
22402,18,16,0,2.1096296296296297,1513120
22403,0,0,0,2.109753086419753,1513120
22404,2,2,0,2.1098765432098765,1513122
22405,2406,1750,0,2.11,1515528
22406,1,1,1,2.11,1515529
22407,1733,1072,7,2.109259259259259,1517262
22408,51,46,0,2.1093827160493825,1517313
22409,251,197,6,2.108765432098765,1517564
22410,6,6,0,2.108888888888889,1517570
22411,0,0,0,2.1090123456790124,1517570
22412,0,0,0,2.109135802469136,1517570
22413,0,0,0,2.109259259259259,1517570
22414,41,40,2,2.109135802469136,1517611
22415,0,0,0,2.109259259259259,1517611
22416,2525,2515,2,2.109135802469136,1520136
22417,612,612,0,2.109259259259259,1520748
22418,170,169,6,2.108641975308642,1520918
22419,1572,1398,8,2.1077777777777778,1522490
22420,6,6,0,2.107901234567901,1522496
22421,26,26,0,2.1080246913580245,1522522
22422,1,1,0,2.1081481481481483,1522523
22423,9,9,0,2.1082716049382717,1522532
22424,573,573,0,2.108395061728395,1523105
22425,0,0,0,2.1085185185185185,1523105
22426,0,0,0,2.108641975308642,1523105
22427,118,118,0,2.108765432098765,1523223
22428,0,0,0,2.108888888888889,1523223
22429,4,4,0,2.1090123456790124,1523227
22430,0,0,0,2.109135802469136,1523227
22431,0,0,0,2.109259259259259,1523227
22432,17,17,0,2.1093827160493825,1523244
22433,98,95,3,2.109135802469136,1523342
22434,10,10,0,2.109259259259259,1523352
22435,173,123,2,2.109135802469136,1523525
22436,25,21,0,2.109259259259259,1523550
22437,0,0,0,2.1093827160493825,1523550
22438,0,0,0,2.1095061728395064,1523550
22439,156,153,0,2.1096296296296297,1523706
22440,7979,3424,21,2.1071604938271604,1531685
22441,0,0,0,2.107283950617284,1531685
22442,0,0,0,2.1074074074074076,1531685
22443,3903,2288,5,2.1069135802469137,1535588
22444,0,0,0,2.107037037037037,1535588
22445,0,0,0,2.1071604938271604,1535588
22446,0,0,0,2.107283950617284,1535588
22447,1,1,0,2.1074074074074076,1535589
22448,0,0,0,2.107530864197531,1535589
22449,0,0,0,2.1076543209876544,1535589
22450,44,35,6,2.107037037037037,1535633
22451,20,20,0,2.1071604938271604,1535653
22452,0,0,0,2.107283950617284,1535653
22453,0,0,0,2.1074074074074076,1535653
22454,445,318,2,2.107283950617284,1536098
22455,101,101,0,2.1074074074074076,1536199
22456,0,0,0,2.107530864197531,1536199
22457,4248,4248,6,2.1069135802469137,1540447
22458,2326,2326,11,2.105679012345679,1542773
22459,20,20,0,2.1058024691358024,1542793
22460,605,392,0,2.1059259259259258,1543398
22461,0,0,0,2.1060493827160496,1543398
22462,0,0,0,2.106172839506173,1543398
22463,10,10,0,2.1062962962962963,1543408
22464,0,0,0,2.1064197530864197,1543408
22465,3,3,0,2.106543209876543,1543411
22466,3292,2955,9,2.1055555555555556,1546703
22467,1664,1379,0,2.105679012345679,1548367
22468,22,22,0,2.1058024691358024,1548389
22469,0,0,0,2.1059259259259258,1548389
22470,0,0,0,2.1060493827160496,1548389
22471,0,0,0,2.106172839506173,1548389
22472,0,0,0,2.1062962962962963,1548389
22473,0,0,0,2.1064197530864197,1548389
22474,81,81,7,2.105679012345679,1548470
22475,0,0,0,2.1058024691358024,1548470
22476,2,2,0,2.1059259259259258,1548472
22477,7,7,0,2.1060493827160496,1548479
22478,0,0,0,2.106172839506173,1548479
22479,0,0,0,2.1062962962962963,1548479
22480,31,30,0,2.1064197530864197,1548510
22481,2,2,0,2.106543209876543,1548512
22482,0,0,0,2.1066666666666665,1548512
22483,0,0,0,2.1067901234567903,1548512
22484,0,0,0,2.1069135802469137,1548512
22485,38,38,0,2.107037037037037,1548550
22486,88,71,3,2.1067901234567903,1548638
22487,0,0,0,2.1069135802469137,1548638
22488,36,36,0,2.107037037037037,1548674
22489,0,0,0,2.1071604938271604,1548674
22490,0,0,0,2.107283950617284,1548674
22491,0,0,0,2.1074074074074076,1548674
22492,0,0,0,2.107530864197531,1548674
22493,62,60,1,2.107530864197531,1548736
22494,0,0,0,2.1076543209876544,1548736
22495,0,0,0,2.1077777777777778,1548736
22496,10,10,0,2.107901234567901,1548746
22497,128,117,0,2.1080246913580245,1548874
22498,0,0,0,2.1081481481481483,1548874
22499,1,1,0,2.1082716049382717,1548875
22500,241,224,0,2.108395061728395,1549116
22501,47,47,0,2.1085185185185185,1549163
22502,0,0,0,2.108641975308642,1549163
22503,0,0,0,2.108765432098765,1549163
22504,0,0,0,2.108888888888889,1549163
22505,0,0,0,2.1090123456790124,1549163
22506,0,0,0,2.109135802469136,1549163
22507,0,0,0,2.109259259259259,1549163
22508,0,0,0,2.1093827160493825,1549163
22509,6,6,0,2.1095061728395064,1549169
22510,1535,1513,0,2.1096296296296297,1550704
22511,0,0,0,2.109753086419753,1550704
22512,0,0,0,2.1098765432098765,1550704
22513,0,0,0,2.11,1550704
22514,1522,954,0,2.1101234567901233,1552226
22515,2807,2807,8,2.109259259259259,1555033
22516,0,0,0,2.1093827160493825,1555033
22517,0,0,0,2.1095061728395064,1555033
22518,0,0,0,2.1096296296296297,1555033
22519,626,626,4,2.109259259259259,1555659
22520,0,0,0,2.1093827160493825,1555659
22521,0,0,0,2.1095061728395064,1555659
22522,0,0,0,2.1096296296296297,1555659
22523,893,844,7,2.108888888888889,1556552
22524,0,0,0,2.1090123456790124,1556552
22525,0,0,0,2.109135802469136,1556552
22526,2,2,0,2.109259259259259,1556554
22527,0,0,0,2.1093827160493825,1556554
22528,0,0,0,2.1095061728395064,1556554
22529,0,0,0,2.1096296296296297,1556554
22530,1009,703,7,2.108888888888889,1557563
22531,0,0,0,2.1090123456790124,1557563
22532,0,0,0,2.109135802469136,1557563
22533,0,0,0,2.109259259259259,1557563
22534,0,0,0,2.1093827160493825,1557563
22535,51,51,0,2.1095061728395064,1557614
22536,8,8,0,2.1096296296296297,1557622
22537,11,11,0,2.109753086419753,1557633
22538,51,50,7,2.1090123456790124,1557684
22539,0,0,0,2.109135802469136,1557684
22540,0,0,0,2.109259259259259,1557684
22541,2,2,0,2.1093827160493825,1557686
22542,0,0,0,2.1095061728395064,1557686
22543,2,2,0,2.1096296296296297,1557688
22544,0,0,0,2.109753086419753,1557688
22545,0,0,0,2.1098765432098765,1557688
22546,0,0,0,2.11,1557688
22547,10,10,0,2.1101234567901233,1557698
22548,0,0,0,2.110246913580247,1557698
22549,1514,1037,23,2.107530864197531,1559212
22550,44,44,0,2.1076543209876544,1559256
22551,0,0,0,2.1077777777777778,1559256
22552,0,0,0,2.107901234567901,1559256
22553,3662,3563,8,2.107037037037037,1562918
22554,0,0,0,2.1071604938271604,1562918
22555,0,0,0,2.107283950617284,1562918
22556,0,0,0,2.1074074074074076,1562918
22557,0,0,0,2.107530864197531,1562918
22558,0,0,0,2.1076543209876544,1562918
22559,0,0,0,2.1077777777777778,1562918
22560,0,0,0,2.107901234567901,1562918
22561,3604,2449,3,2.1076543209876544,1566522
22562,0,0,0,2.1077777777777778,1566522
22563,0,0,0,2.107901234567901,1566522
22564,43,33,0,2.1080246913580245,1566565
22565,104,104,0,2.1081481481481483,1566669
22566,0,0,0,2.1082716049382717,1566669
22567,0,0,0,2.108395061728395,1566669
22568,0,0,0,2.1085185185185185,1566669
22569,0,0,0,2.108641975308642,1566669
22570,0,0,0,2.108765432098765,1566669
22571,0,0,0,2.108888888888889,1566669
22572,0,0,0,2.1090123456790124,1566669
22573,0,0,0,2.109135802469136,1566669
22574,0,0,0,2.109259259259259,1566669
22575,150,150,0,2.1093827160493825,1566819
22576,0,0,0,2.1095061728395064,1566819
22577,0,0,0,2.1096296296296297,1566819
22578,2,2,0,2.109753086419753,1566821
22579,27,27,0,2.1098765432098765,1566848
22580,0,0,0,2.11,1566848
22581,54,54,0,2.1101234567901233,1566902
22582,0,0,0,2.110246913580247,1566902
22583,0,0,0,2.1103703703703705,1566902
22584,0,0,0,2.110493827160494,1566902
22585,0,0,0,2.110617283950617,1566902
22586,1355,1316,0,2.1107407407407406,1568257
22587,0,0,0,2.1108641975308644,1568257
22588,0,0,0,2.110987654320988,1568257
22589,0,0,0,2.111111111111111,1568257
22590,0,0,0,2.1112345679012345,1568257
22591,0,0,0,2.111358024691358,1568257
22592,3,3,0,2.1114814814814813,1568260
22593,0,0,0,2.111604938271605,1568260
22594,51,50,8,2.1107407407407406,1568311
22595,0,0,0,2.1108641975308644,1568311
22596,0,0,0,2.110987654320988,1568311
22597,0,0,0,2.111111111111111,1568311
22598,0,0,0,2.1112345679012345,1568311
22599,968,968,0,2.111358024691358,1569279
22600,13,13,0,2.1114814814814813,1569292
22601,9843,5205,22,2.108888888888889,1579135
22602,0,0,0,2.1090123456790124,1579135
22603,0,0,0,2.109135802469136,1579135
22604,0,0,0,2.109259259259259,1579135
22605,45,45,0,2.1093827160493825,1579180
22606,0,0,0,2.1095061728395064,1579180
22607,0,0,0,2.1096296296296297,1579180
22608,7,7,0,2.109753086419753,1579187
22609,0,0,0,2.1098765432098765,1579187
22610,143,143,0,2.11,1579330
22611,0,0,0,2.1101234567901233,1579330
22612,216,159,1,2.1101234567901233,1579546
22613,0,0,0,2.110246913580247,1579546
22614,250,198,0,2.1103703703703705,1579796
22615,24,24,0,2.110493827160494,1579820
22616,0,0,0,2.110617283950617,1579820
22617,66,58,0,2.1107407407407406,1579886
22618,0,0,0,2.1108641975308644,1579886
22619,1,1,0,2.110987654320988,1579887
22620,0,0,0,2.111111111111111,1579887
22621,12,12,0,2.1112345679012345,1579899
22622,15,14,2,2.111111111111111,1579914
22623,0,0,0,2.1112345679012345,1579914
22624,1,1,0,2.111358024691358,1579915
22625,29,29,0,2.1114814814814813,1579944
22626,0,0,0,2.111604938271605,1579944
22627,46,46,1,2.111604938271605,1579990
22628,2,2,0,2.1117283950617285,1579992
22629,0,0,0,2.111851851851852,1579992
22630,5,5,0,2.1119753086419752,1579997
22631,0,0,0,2.1120987654320986,1579997
22632,0,0,0,2.112222222222222,1579997
22633,9,8,0,2.112345679012346,1580006
22634,4928,2978,8,2.1114814814814813,1584934
22635,4,4,0,2.111604938271605,1584938
22636,0,0,0,2.1117283950617285,1584938
22637,0,0,0,2.111851851851852,1584938
22638,40,40,1,2.111851851851852,1584978
22639,1888,1682,13,2.1103703703703705,1586866
22640,0,0,0,2.110493827160494,1586866
22641,32,30,0,2.110617283950617,1586898
22642,65,42,0,2.1107407407407406,1586963
22643,0,0,0,2.1108641975308644,1586963
22644,0,0,0,2.110987654320988,1586963
22645,0,0,0,2.111111111111111,1586963
22646,1169,1120,14,2.1095061728395064,1588132
22647,0,0,0,2.1096296296296297,1588132
22648,2128,1319,19,2.1074074074074076,1590260
22649,0,0,0,2.107530864197531,1590260
22650,0,0,0,2.1076543209876544,1590260
22651,8,8,0,2.1077777777777778,1590268
22652,3,3,0,2.107901234567901,1590271
22653,201,201,0,2.1080246913580245,1590472
22654,0,0,0,2.1081481481481483,1590472
22655,0,0,0,2.1082716049382717,1590472
22656,1734,983,21,2.1058024691358024,1592206
22657,0,0,0,2.1059259259259258,1592206
22658,0,0,0,2.1060493827160496,1592206
22659,0,0,0,2.106172839506173,1592206
22660,0,0,0,2.1062962962962963,1592206
22661,0,0,0,2.1064197530864197,1592206
22662,6,6,0,2.106543209876543,1592212
22663,18,18,0,2.1066666666666665,1592230
22664,10,10,0,2.1067901234567903,1592240
22665,353,353,8,2.1059259259259258,1592593
22666,0,0,0,2.1060493827160496,1592593
22667,0,0,0,2.106172839506173,1592593
22668,0,0,0,2.1062962962962963,1592593
22669,36,35,0,2.1064197530864197,1592629
22670,0,0,0,2.106543209876543,1592629
22671,0,0,0,2.1066666666666665,1592629
22672,0,0,0,2.1067901234567903,1592629
22673,0,0,0,2.1069135802469137,1592629
22674,7799,3905,13,2.1054320987654322,1600428
22675,0,0,0,2.1055555555555556,1600428
22676,0,0,0,2.105679012345679,1600428
22677,1065,989,1,2.105679012345679,1601493
22678,0,0,0,2.1058024691358024,1601493
22679,0,0,0,2.1059259259259258,1601493
22680,0,0,0,2.1060493827160496,1601493
22681,0,0,0,2.106172839506173,1601493
22682,1,1,1,2.106172839506173,1601494
22683,14,14,0,2.1062962962962963,1601508
22684,0,0,0,2.1064197530864197,1601508
22685,0,0,0,2.106543209876543,1601508
22686,0,0,0,2.1066666666666665,1601508
22687,56,52,4,2.1062962962962963,1601564
22688,1900,974,0,2.1064197530864197,1603464
22689,387,320,0,2.106543209876543,1603851
22690,2,2,0,2.1066666666666665,1603853
22691,4,4,0,2.1067901234567903,1603857
22692,1867,1823,11,2.1055555555555556,1605724
22693,0,0,0,2.105679012345679,1605724
22694,0,0,0,2.1058024691358024,1605724
22695,0,0,0,2.1059259259259258,1605724
22696,0,0,0,2.1060493827160496,1605724
22697,0,0,0,2.106172839506173,1605724
22698,2,2,0,2.1062962962962963,1605726
22699,54,54,0,2.1064197530864197,1605780
22700,2,2,0,2.106543209876543,1605782
22701,6,6,0,2.1066666666666665,1605788
22702,0,0,0,2.1067901234567903,1605788
22703,0,0,0,2.1069135802469137,1605788
22704,4,4,0,2.107037037037037,1605792
22705,7,7,0,2.1071604938271604,1605799
22706,0,0,0,2.107283950617284,1605799
22707,1,1,0,2.1074074074074076,1605800
22708,0,0,0,2.107530864197531,1605800
22709,9,9,0,2.1076543209876544,1605809
22710,1,1,0,2.1077777777777778,1605810
22711,0,0,0,2.107901234567901,1605810
22712,110,110,5,2.1074074074074076,1605920
22713,0,0,0,2.107530864197531,1605920
22714,0,0,0,2.1076543209876544,1605920
22715,0,0,0,2.1077777777777778,1605920
22716,888,888,7,2.107037037037037,1606808
22717,6,6,0,2.1071604938271604,1606814
22718,0,0,0,2.107283950617284,1606814
22719,0,0,0,2.1074074074074076,1606814
22720,5,5,0,2.107530864197531,1606819
22721,0,0,0,2.1076543209876544,1606819
22722,0,0,0,2.1077777777777778,1606819
22723,15,15,0,2.107901234567901,1606834
22724,0,0,0,2.1080246913580245,1606834
22725,0,0,0,2.1081481481481483,1606834
22726,0,0,0,2.1082716049382717,1606834
22727,0,0,0,2.108395061728395,1606834
22728,0,0,0,2.1085185185185185,1606834
22729,15578,5252,38,2.103950617283951,1622412
22730,0,0,0,2.104074074074074,1622412
22731,940,865,0,2.1041975308641976,1623352
22732,0,0,0,2.104320987654321,1623352
22733,0,0,0,2.1044444444444443,1623352
22734,4,4,0,2.1045679012345677,1623356
22735,0,0,0,2.1046913580246915,1623356
22736,0,0,0,2.104814814814815,1623356
22737,0,0,0,2.1049382716049383,1623356
22738,417,417,0,2.1050617283950617,1623773
22739,343,343,0,2.105185185185185,1624116
22740,0,0,0,2.1053086419753084,1624116
22741,0,0,0,2.1054320987654322,1624116
22742,0,0,0,2.1055555555555556,1624116
22743,23,22,0,2.105679012345679,1624139
22744,0,0,0,2.1058024691358024,1624139
22745,0,0,0,2.1059259259259258,1624139
22746,8,8,0,2.1060493827160496,1624147
22747,0,0,0,2.106172839506173,1624147
22748,1296,1296,2,2.1060493827160496,1625443
22749,0,0,0,2.106172839506173,1625443
22750,0,0,0,2.1062962962962963,1625443
22751,133,125,0,2.1064197530864197,1625576
22752,67,65,0,2.106543209876543,1625643
22753,1,1,1,2.106543209876543,1625644
22754,0,0,0,2.1066666666666665,1625644
22755,0,0,0,2.1067901234567903,1625644
22756,1510,944,5,2.1062962962962963,1627154
22757,9,9,0,2.1064197530864197,1627163
22758,0,0,0,2.106543209876543,1627163
22759,0,0,0,2.1066666666666665,1627163
22760,0,0,0,2.1067901234567903,1627163
22761,2,2,0,2.1069135802469137,1627165
22762,904,901,0,2.107037037037037,1628069
22763,0,0,0,2.1071604938271604,1628069
22764,0,0,0,2.107283950617284,1628069
22765,0,0,0,2.1074074074074076,1628069
22766,1044,1044,9,2.1064197530864197,1629113
22767,11986,5487,31,2.102716049382716,1641099
22768,0,0,0,2.1028395061728395,1641099
22769,36,35,2,2.102716049382716,1641135
22770,0,0,0,2.1028395061728395,1641135
22771,0,0,0,2.102962962962963,1641135
22772,0,0,0,2.1030864197530863,1641135
22773,1,1,0,2.1032098765432097,1641136
22774,0,0,0,2.1033333333333335,1641136
22775,0,0,0,2.103456790123457,1641136
22776,3135,1825,10,2.1023456790123456,1644271
22777,4,4,0,2.102469135802469,1644275
22778,0,0,0,2.102592592592593,1644275
22779,0,0,0,2.102716049382716,1644275
22780,1,1,0,2.1028395061728395,1644276
22781,6,6,0,2.102962962962963,1644282
22782,10,10,0,2.1030864197530863,1644292
22783,23,23,0,2.1032098765432097,1644315
22784,4,4,0,2.1033333333333335,1644319
22785,0,0,0,2.103456790123457,1644319
22786,0,0,0,2.1035802469135803,1644319
22787,0,0,0,2.1037037037037036,1644319
22788,0,0,0,2.103827160493827,1644319
22789,0,0,0,2.103950617283951,1644319
22790,0,0,0,2.104074074074074,1644319
22791,0,0,0,2.1041975308641976,1644319
22792,1,1,0,2.104320987654321,1644320
22793,0,0,0,2.1044444444444443,1644320
22794,0,0,0,2.1045679012345677,1644320
22795,2,2,0,2.1046913580246915,1644322
22796,0,0,0,2.104814814814815,1644322
22797,60,60,0,2.1049382716049383,1644382
22798,82,58,0,2.1050617283950617,1644464
22799,0,0,0,2.105185185185185,1644464
22800,18,18,0,2.1053086419753084,1644482
22801,0,0,0,2.1054320987654322,1644482
22802,223,194,0,2.1055555555555556,1644705
22803,0,0,0,2.105679012345679,1644705
22804,0,0,0,2.1058024691358024,1644705
22805,0,0,0,2.1059259259259258,1644705
22806,69,69,0,2.1060493827160496,1644774
22807,0,0,0,2.106172839506173,1644774
22808,0,0,0,2.1062962962962963,1644774
22809,1,1,0,2.1064197530864197,1644775
22810,162,162,0,2.106543209876543,1644937
22811,24,23,0,2.1066666666666665,1644961
22812,0,0,0,2.1067901234567903,1644961
22813,0,0,0,2.1069135802469137,1644961
22814,0,0,0,2.107037037037037,1644961
22815,72,65,0,2.1071604938271604,1645033
22816,0,0,0,2.107283950617284,1645033
22817,1509,1508,11,2.1060493827160496,1646542
22818,1,1,0,2.106172839506173,1646543
22819,0,0,0,2.1062962962962963,1646543
22820,417,417,4,2.1059259259259258,1646960
22821,3281,2923,0,2.1060493827160496,1650241
22822,0,0,0,2.106172839506173,1650241
22823,1216,1190,0,2.1062962962962963,1651457
22824,0,0,0,2.1064197530864197,1651457
22825,0,0,0,2.106543209876543,1651457
22826,0,0,0,2.1066666666666665,1651457
22827,0,0,0,2.1067901234567903,1651457
22828,100,100,0,2.1069135802469137,1651557
22829,1307,1194,2,2.1067901234567903,1652864
22830,15,15,0,2.1069135802469137,1652879
22831,0,0,0,2.107037037037037,1652879
22832,46,46,0,2.1071604938271604,1652925
22833,0,0,0,2.107283950617284,1652925
22834,1,1,1,2.107283950617284,1652926
22835,0,0,0,2.1074074074074076,1652926
22836,0,0,0,2.107530864197531,1652926
22837,242,242,0,2.1076543209876544,1653168
22838,1,1,0,2.1077777777777778,1653169
22839,0,0,0,2.107901234567901,1653169
22840,2,2,0,2.1080246913580245,1653171
22841,204,204,1,2.1080246913580245,1653375
22842,0,0,0,2.1081481481481483,1653375
22843,88,88,0,2.1082716049382717,1653463
22844,45,45,0,2.108395061728395,1653508
22845,2,2,0,2.1085185185185185,1653510
22846,0,0,0,2.108641975308642,1653510
22847,1,1,0,2.108765432098765,1653511
22848,12,11,0,2.108888888888889,1653523
22849,2,2,0,2.1090123456790124,1653525
22850,103,103,1,2.1090123456790124,1653628
22851,0,0,0,2.109135802469136,1653628
22852,0,0,0,2.109259259259259,1653628
22853,0,0,0,2.1093827160493825,1653628
22854,0,0,0,2.1095061728395064,1653628
22855,0,0,0,2.1096296296296297,1653628
22856,4,4,1,2.1096296296296297,1653632
22857,5,5,4,2.109259259259259,1653637
22858,0,0,0,2.1093827160493825,1653637
22859,0,0,0,2.1095061728395064,1653637
22860,8,8,0,2.1096296296296297,1653645
22861,3712,3387,10,2.1085185185185185,1657357
22862,20367,5595,54,2.1019753086419755,1677724
22863,0,0,0,2.102098765432099,1677724
22864,0,0,0,2.102222222222222,1677724
22865,1864,1419,8,2.101358024691358,1679588
22866,0,0,0,2.1014814814814815,1679588
22867,0,0,0,2.101604938271605,1679588
22868,1,1,0,2.1017283950617283,1679589
22869,0,0,0,2.1018518518518516,1679589
22870,87,87,0,2.1019753086419755,1679676
22871,0,0,0,2.102098765432099,1679676
22872,1387,1326,0,2.102222222222222,1681063
22873,986,931,0,2.1023456790123456,1682049
22874,0,0,0,2.102469135802469,1682049
22875,0,0,0,2.102592592592593,1682049
22876,0,0,0,2.102716049382716,1682049
22877,0,0,0,2.1028395061728395,1682049
22878,0,0,0,2.102962962962963,1682049
22879,0,0,0,2.1030864197530863,1682049
22880,0,0,0,2.1032098765432097,1682049
22881,0,0,0,2.1033333333333335,1682049
22882,0,0,0,2.103456790123457,1682049
22883,0,0,0,2.1035802469135803,1682049
22884,181,181,0,2.1037037037037036,1682230
22885,1143,891,3,2.103456790123457,1683373
22886,0,0,0,2.1035802469135803,1683373
22887,0,0,0,2.1037037037037036,1683373
22888,0,0,0,2.103827160493827,1683373
22889,0,0,0,2.103950617283951,1683373
22890,426,426,0,2.104074074074074,1683799
22891,0,0,0,2.1041975308641976,1683799
22892,46,35,0,2.104320987654321,1683845
22893,0,0,0,2.1044444444444443,1683845
22894,0,0,0,2.1045679012345677,1683845
22895,0,0,0,2.1046913580246915,1683845
22896,0,0,0,2.104814814814815,1683845
22897,14,14,0,2.1049382716049383,1683859
22898,0,0,0,2.1050617283950617,1683859
22899,4,4,0,2.105185185185185,1683863
22900,942,942,0,2.1053086419753084,1684805
22901,0,0,0,2.1054320987654322,1684805
22902,0,0,0,2.1055555555555556,1684805
22903,0,0,0,2.105679012345679,1684805
22904,0,0,0,2.1058024691358024,1684805
22905,0,0,0,2.1059259259259258,1684805
22906,7,7,0,2.1060493827160496,1684812
22907,0,0,0,2.106172839506173,1684812
22908,4,4,0,2.1062962962962963,1684816
22909,949,943,0,2.1064197530864197,1685765
22910,0,0,0,2.106543209876543,1685765
22911,0,0,0,2.1066666666666665,1685765
22912,1206,870,0,2.1067901234567903,1686971
22913,10,10,5,2.1062962962962963,1686981
22914,13,13,0,2.1064197530864197,1686994
22915,22,22,0,2.106543209876543,1687016
22916,7,7,0,2.1066666666666665,1687023
22917,4,4,0,2.1067901234567903,1687027
22918,0,0,0,2.1069135802469137,1687027
22919,77,75,0,2.107037037037037,1687104
22920,0,0,0,2.1071604938271604,1687104
22921,230,230,1,2.1071604938271604,1687334
22922,0,0,0,2.107283950617284,1687334
22923,3424,3149,0,2.1074074074074076,1690758
22924,0,0,0,2.107530864197531,1690758
22925,0,0,0,2.1076543209876544,1690758
22926,0,0,0,2.1077777777777778,1690758
22927,0,0,0,2.107901234567901,1690758
22928,140,140,0,2.1080246913580245,1690898
22929,0,0,0,2.1081481481481483,1690898
22930,0,0,0,2.1082716049382717,1690898
22931,204,204,8,2.1074074074074076,1691102
22932,678,678,0,2.107530864197531,1691780
22933,37,37,0,2.1076543209876544,1691817
22934,0,0,0,2.1077777777777778,1691817
22935,1,1,0,2.107901234567901,1691818
22936,69,69,6,2.107283950617284,1691887
22937,0,0,0,2.1074074074074076,1691887
22938,0,0,0,2.107530864197531,1691887
22939,0,0,0,2.1076543209876544,1691887
22940,0,0,0,2.1077777777777778,1691887
22941,5,5,2,2.1076543209876544,1691892
22942,2,2,0,2.1077777777777778,1691894
22943,0,0,0,2.107901234567901,1691894
22944,62,62,0,2.1080246913580245,1691956
22945,4,4,1,2.1080246913580245,1691960
22946,13,13,0,2.1081481481481483,1691973
22947,5855,4302,12,2.1067901234567903,1697828
22948,0,0,0,2.1069135802469137,1697828
22949,0,0,0,2.107037037037037,1697828
22950,0,0,0,2.1071604938271604,1697828
22951,0,0,0,2.107283950617284,1697828
22952,0,0,0,2.1074074074074076,1697828
22953,0,0,0,2.107530864197531,1697828
22954,10249,4503,16,2.105679012345679,1708077
22955,0,0,0,2.1058024691358024,1708077
22956,0,0,0,2.1059259259259258,1708077
22957,0,0,0,2.1060493827160496,1708077
22958,0,0,0,2.106172839506173,1708077
22959,332,332,0,2.1062962962962963,1708409
22960,47,46,2,2.106172839506173,1708456
22961,262,242,10,2.1050617283950617,1708718
22962,0,0,0,2.105185185185185,1708718
22963,163,163,0,2.1053086419753084,1708881
22964,0,0,0,2.1054320987654322,1708881
22965,18,15,0,2.1055555555555556,1708899
22966,0,0,0,2.105679012345679,1708899
22967,9,9,0,2.1058024691358024,1708908
22968,0,0,0,2.1059259259259258,1708908
22969,2,2,0,2.1060493827160496,1708910
22970,0,0,0,2.106172839506173,1708910
22971,3,3,0,2.1062962962962963,1708913
22972,0,0,0,2.1064197530864197,1708913
22973,0,0,0,2.106543209876543,1708913
22974,241,167,7,2.1058024691358024,1709154
22975,2,2,0,2.1059259259259258,1709156
22976,182,182,0,2.1060493827160496,1709338
22977,0,0,0,2.106172839506173,1709338
22978,25,25,6,2.1055555555555556,1709363
22979,54,54,11,2.104320987654321,1709417
22980,0,0,0,2.1044444444444443,1709417
22981,0,0,0,2.1045679012345677,1709417
22982,0,0,0,2.1046913580246915,1709417
22983,119,115,7,2.103950617283951,1709536
22984,19,19,0,2.104074074074074,1709555
22985,0,0,0,2.1041975308641976,1709555
22986,79,79,0,2.104320987654321,1709634
22987,0,0,0,2.1044444444444443,1709634
22988,3,3,0,2.1045679012345677,1709637
22989,9,9,0,2.1046913580246915,1709646
22990,0,0,0,2.104814814814815,1709646
22991,0,0,0,2.1049382716049383,1709646
22992,0,0,0,2.1050617283950617,1709646
22993,0,0,0,2.105185185185185,1709646
22994,0,0,0,2.1053086419753084,1709646
22995,0,0,0,2.1054320987654322,1709646
22996,2,2,0,2.1055555555555556,1709648
22997,0,0,0,2.105679012345679,1709648
22998,92,85,0,2.1058024691358024,1709740
22999,11984,5393,41,2.100864197530864,1721724
23000,0,0,0,2.1009876543209876,1721724
23001,402,402,0,2.101111111111111,1722126
23002,0,0,0,2.1012345679012348,1722126
23003,0,0,0,2.101358024691358,1722126
23004,183,181,1,2.101358024691358,1722309
23005,4,4,0,2.1014814814814815,1722313
23006,0,0,0,2.101604938271605,1722313
23007,0,0,0,2.1017283950617283,1722313
23008,306,305,0,2.1018518518518516,1722619
23009,307,220,0,2.1019753086419755,1722926
23010,69,67,0,2.102098765432099,1722995
23011,45,45,0,2.102222222222222,1723040
23012,0,0,0,2.1023456790123456,1723040
23013,0,0,0,2.102469135802469,1723040
23014,7,7,0,2.102592592592593,1723047
23015,1,1,0,2.102716049382716,1723048
23016,0,0,0,2.1028395061728395,1723048
23017,0,0,0,2.102962962962963,1723048
23018,0,0,0,2.1030864197530863,1723048
23019,3,3,0,2.1032098765432097,1723051
23020,42,42,0,2.1033333333333335,1723093
23021,4,4,0,2.103456790123457,1723097
23022,7,7,0,2.1035802469135803,1723104
23023,0,0,0,2.1037037037037036,1723104
23024,4,4,0,2.103827160493827,1723108
23025,13,13,2,2.1037037037037036,1723121
23026,2910,2264,4,2.1033333333333335,1726031
23027,0,0,0,2.103456790123457,1726031
23028,0,0,0,2.1035802469135803,1726031
23029,0,0,0,2.1037037037037036,1726031
23030,0,0,0,2.103827160493827,1726031
23031,0,0,0,2.103950617283951,1726031
23032,117,83,0,2.104074074074074,1726148
23033,20,20,0,2.1041975308641976,1726168
23034,0,0,0,2.104320987654321,1726168
23035,0,0,0,2.1044444444444443,1726168
23036,0,0,0,2.1045679012345677,1726168
23037,0,0,0,2.1046913580246915,1726168
23038,0,0,0,2.104814814814815,1726168
23039,0,0,0,2.1049382716049383,1726168
23040,252,252,0,2.1050617283950617,1726420
23041,3,3,0,2.105185185185185,1726423
23042,0,0,0,2.1053086419753084,1726423
23043,0,0,0,2.1054320987654322,1726423
23044,0,0,0,2.1055555555555556,1726423
23045,0,0,0,2.105679012345679,1726423
23046,0,0,0,2.1058024691358024,1726423
23047,3,3,0,2.1059259259259258,1726426
23048,1,1,0,2.1060493827160496,1726427
23049,55,46,6,2.1054320987654322,1726482
23050,1,1,0,2.1055555555555556,1726483
23051,5,5,0,2.105679012345679,1726488
23052,0,0,0,2.1058024691358024,1726488
23053,5,5,0,2.1059259259259258,1726493
23054,0,0,0,2.1060493827160496,1726493
23055,98,86,0,2.106172839506173,1726591
23056,0,0,0,2.1062962962962963,1726591
23057,805,805,0,2.1064197530864197,1727396
23058,85,84,3,2.106172839506173,1727481
23059,142,142,0,2.1062962962962963,1727623
23060,0,0,0,2.1064197530864197,1727623
23061,0,0,0,2.106543209876543,1727623
23062,0,0,0,2.1066666666666665,1727623
23063,334,221,4,2.1062962962962963,1727957
23064,0,0,0,2.1064197530864197,1727957
23065,0,0,0,2.106543209876543,1727957
23066,65,65,0,2.1066666666666665,1728022
23067,0,0,0,2.1067901234567903,1728022
23068,0,0,0,2.1069135802469137,1728022
23069,0,0,0,2.107037037037037,1728022
23070,0,0,0,2.1071604938271604,1728022
23071,0,0,0,2.107283950617284,1728022
23072,0,0,0,2.1074074074074076,1728022
23073,0,0,0,2.107530864197531,1728022
23074,457,437,6,2.1069135802469137,1728479
23075,0,0,0,2.107037037037037,1728479
23076,0,0,0,2.1071604938271604,1728479
23077,0,0,0,2.107283950617284,1728479
23078,0,0,0,2.1074074074074076,1728479
23079,1,1,0,2.107530864197531,1728480
23080,0,0,0,2.1076543209876544,1728480
23081,0,0,0,2.1077777777777778,1728480
23082,1579,1451,7,2.107037037037037,1730059
23083,0,0,0,2.1071604938271604,1730059
23084,4,4,0,2.107283950617284,1730063
23085,1,1,0,2.1074074074074076,1730064
23086,0,0,0,2.107530864197531,1730064
23087,0,0,0,2.1076543209876544,1730064
23088,0,0,0,2.1077777777777778,1730064
23089,0,0,0,2.107901234567901,1730064
23090,1787,1175,5,2.1074074074074076,1731851
23091,1,1,1,2.1074074074074076,1731852
23092,1,1,0,2.107530864197531,1731853
23093,0,0,0,2.1076543209876544,1731853
23094,1864,1107,4,2.107283950617284,1733717
23095,1,1,0,2.1074074074074076,1733718
23096,20,20,0,2.107530864197531,1733738
23097,0,0,0,2.1076543209876544,1733738
23098,0,0,0,2.1077777777777778,1733738
23099,0,0,0,2.107901234567901,1733738
23100,0,0,0,2.1080246913580245,1733738
23101,495,440,0,2.1081481481481483,1734233
23102,0,0,0,2.1082716049382717,1734233
23103,66,66,3,2.1080246913580245,1734299
23104,0,0,0,2.1081481481481483,1734299
23105,0,0,0,2.1082716049382717,1734299
23106,0,0,0,2.108395061728395,1734299
23107,9,9,0,2.1085185185185185,1734308
23108,1,1,0,2.108641975308642,1734309
23109,0,0,0,2.108765432098765,1734309
23110,0,0,0,2.108888888888889,1734309
23111,112,89,8,2.1080246913580245,1734421
23112,0,0,0,2.1081481481481483,1734421
23113,14,14,0,2.1082716049382717,1734435
23114,0,0,0,2.108395061728395,1734435
23115,0,0,0,2.1085185185185185,1734435
23116,0,0,0,2.108641975308642,1734435
23117,2,2,0,2.108765432098765,1734437
23118,0,0,0,2.108888888888889,1734437
23119,0,0,0,2.1090123456790124,1734437
23120,0,0,0,2.109135802469136,1734437
23121,0,0,0,2.109259259259259,1734437
23122,0,0,0,2.1093827160493825,1734437
23123,4065,2657,3,2.109135802469136,1738502
23124,2348,1939,0,2.109259259259259,1740850
23125,7,7,2,2.109135802469136,1740857
23126,10536,4997,31,2.1054320987654322,1751393
23127,123,103,12,2.104074074074074,1751516
23128,2,2,0,2.1041975308641976,1751518
23129,0,0,0,2.104320987654321,1751518
23130,29,29,3,2.104074074074074,1751547
23131,2,2,0,2.1041975308641976,1751549
23132,2669,1647,0,2.104320987654321,1754218
23133,5,5,0,2.1044444444444443,1754223
23134,0,0,0,2.1045679012345677,1754223
23135,8,8,0,2.1046913580246915,1754231
23136,228,228,0,2.104814814814815,1754459
23137,0,0,0,2.1049382716049383,1754459
23138,7,7,0,2.1050617283950617,1754466
23139,1060,1060,9,2.104074074074074,1755526
23140,775,775,0,2.1041975308641976,1756301
23141,339,214,7,2.103456790123457,1756640
23142,509,509,0,2.1035802469135803,1757149
23143,0,0,0,2.1037037037037036,1757149
23144,1,1,0,2.103827160493827,1757150
23145,0,0,0,2.103950617283951,1757150
23146,0,0,0,2.104074074074074,1757150
23147,1,1,0,2.1041975308641976,1757151
23148,0,0,0,2.104320987654321,1757151
23149,0,0,0,2.1044444444444443,1757151
23150,0,0,0,2.1045679012345677,1757151
23151,0,0,0,2.1046913580246915,1757151
23152,24,22,0,2.104814814814815,1757175
23153,163,163,0,2.1049382716049383,1757338
23154,11088,4419,29,2.1014814814814815,1768426
23155,0,0,0,2.101604938271605,1768426
23156,0,0,0,2.1017283950617283,1768426
23157,0,0,0,2.1018518518518516,1768426
23158,4,4,0,2.1019753086419755,1768430
23159,0,0,0,2.102098765432099,1768430
23160,0,0,0,2.102222222222222,1768430
23161,25,24,0,2.1023456790123456,1768455
23162,0,0,0,2.102469135802469,1768455
23163,0,0,0,2.102592592592593,1768455
23164,3559,2216,10,2.1014814814814815,1772014
23165,1,1,0,2.101604938271605,1772015
23166,83,83,1,2.101604938271605,1772098
23167,0,0,0,2.1017283950617283,1772098
23168,0,0,0,2.1018518518518516,1772098
23169,0,0,0,2.1019753086419755,1772098
23170,1,1,0,2.102098765432099,1772099
23171,87,60,0,2.102222222222222,1772186
23172,1682,1280,2,2.102098765432099,1773868
23173,0,0,0,2.102222222222222,1773868
23174,2,2,0,2.1023456790123456,1773870
23175,0,0,0,2.102469135802469,1773870
23176,0,0,0,2.102592592592593,1773870
23177,0,0,0,2.102716049382716,1773870
23178,0,0,0,2.1028395061728395,1773870
23179,8,8,0,2.102962962962963,1773878
23180,0,0,0,2.1030864197530863,1773878
23181,27,27,3,2.1028395061728395,1773905
23182,0,0,0,2.102962962962963,1773905
23183,49,49,0,2.1030864197530863,1773954
23184,1,1,1,2.1030864197530863,1773955
23185,4,4,0,2.1032098765432097,1773959
23186,20,20,0,2.1033333333333335,1773979
23187,0,0,0,2.103456790123457,1773979
23188,726,724,9,2.102469135802469,1774705
23189,0,0,0,2.102592592592593,1774705
23190,7,7,0,2.102716049382716,1774712
23191,0,0,0,2.1028395061728395,1774712
23192,0,0,0,2.102962962962963,1774712
23193,1,1,0,2.1030864197530863,1774713
23194,0,0,0,2.1032098765432097,1774713
23195,1,1,0,2.1033333333333335,1774714
23196,0,0,0,2.103456790123457,1774714
23197,70,66,5,2.102962962962963,1774784
23198,0,0,0,2.1030864197530863,1774784
23199,0,0,0,2.1032098765432097,1774784
23200,3,3,0,2.1033333333333335,1774787
23201,0,0,0,2.103456790123457,1774787
23202,0,0,0,2.1035802469135803,1774787
23203,0,0,0,2.1037037037037036,1774787
23204,175,167,0,2.103827160493827,1774962
23205,0,0,0,2.103950617283951,1774962
23206,169,156,0,2.104074074074074,1775131
23207,0,0,0,2.1041975308641976,1775131
23208,0,0,0,2.104320987654321,1775131
23209,3,3,2,2.1041975308641976,1775134
23210,2,2,2,2.104074074074074,1775136
23211,0,0,0,2.1041975308641976,1775136
23212,0,0,0,2.104320987654321,1775136
23213,0,0,0,2.1044444444444443,1775136
23214,194,194,0,2.1045679012345677,1775330
23215,15,15,0,2.1046913580246915,1775345
23216,0,0,0,2.104814814814815,1775345
23217,0,0,0,2.1049382716049383,1775345
23218,0,0,0,2.1050617283950617,1775345
23219,26,26,1,2.1050617283950617,1775371
23220,0,0,0,2.105185185185185,1775371
23221,0,0,0,2.1053086419753084,1775371
23222,220,220,1,2.1053086419753084,1775591
23223,6671,2977,13,2.103827160493827,1782262
23224,0,0,0,2.103950617283951,1782262
23225,0,0,0,2.104074074074074,1782262
23226,0,0,0,2.1041975308641976,1782262
23227,3,3,0,2.104320987654321,1782265
23228,0,0,0,2.1044444444444443,1782265
23229,0,0,0,2.1045679012345677,1782265
23230,0,0,0,2.1046913580246915,1782265
23231,0,0,0,2.104814814814815,1782265
23232,0,0,0,2.1049382716049383,1782265
23233,0,0,0,2.1050617283950617,1782265
23234,0,0,0,2.105185185185185,1782265
23235,0,0,0,2.1053086419753084,1782265
23236,0,0,0,2.1054320987654322,1782265
23237,0,0,0,2.1055555555555556,1782265
23238,0,0,0,2.105679012345679,1782265
23239,0,0,0,2.1058024691358024,1782265
23240,1,1,1,2.1058024691358024,1782266
23241,0,0,0,2.1059259259259258,1782266
23242,0,0,0,2.1060493827160496,1782266
23243,0,0,0,2.106172839506173,1782266
23244,36,33,0,2.1062962962962963,1782302
23245,0,0,0,2.1064197530864197,1782302
23246,0,0,0,2.106543209876543,1782302
23247,0,0,0,2.1066666666666665,1782302
23248,0,0,0,2.1067901234567903,1782302
23249,0,0,0,2.1069135802469137,1782302
23250,0,0,0,2.107037037037037,1782302
23251,0,0,0,2.1071604938271604,1782302
23252,9,9,0,2.107283950617284,1782311
23253,0,0,0,2.1074074074074076,1782311
23254,0,0,0,2.107530864197531,1782311
23255,0,0,0,2.1076543209876544,1782311
23256,0,0,0,2.1077777777777778,1782311
23257,0,0,0,2.107901234567901,1782311
23258,0,0,0,2.1080246913580245,1782311
23259,14,14,0,2.1081481481481483,1782325
23260,0,0,0,2.1082716049382717,1782325
23261,92,92,0,2.108395061728395,1782417
23262,0,0,0,2.1085185185185185,1782417
23263,0,0,0,2.108641975308642,1782417
23264,0,0,0,2.108765432098765,1782417
23265,0,0,0,2.108888888888889,1782417
23266,0,0,0,2.1090123456790124,1782417
23267,0,0,0,2.109135802469136,1782417
23268,1089,1085,1,2.109135802469136,1783506
23269,0,0,0,2.109259259259259,1783506
23270,0,0,0,2.1093827160493825,1783506
23271,3326,2282,16,2.107530864197531,1786832
23272,0,0,0,2.1076543209876544,1786832
23273,0,0,0,2.1077777777777778,1786832
23274,0,0,0,2.107901234567901,1786832
23275,1,1,0,2.1080246913580245,1786833
23276,0,0,0,2.1081481481481483,1786833
23277,7,7,0,2.1082716049382717,1786840
23278,0,0,0,2.108395061728395,1786840
23279,0,0,0,2.1085185185185185,1786840
23280,0,0,0,2.108641975308642,1786840
23281,0,0,0,2.108765432098765,1786840
23282,1,1,0,2.108888888888889,1786841
23283,141,141,7,2.1081481481481483,1786982
23284,0,0,0,2.1082716049382717,1786982
23285,0,0,0,2.108395061728395,1786982
23286,0,0,0,2.1085185185185185,1786982
23287,2,2,0,2.108641975308642,1786984
23288,0,0,0,2.108765432098765,1786984
23289,0,0,0,2.108888888888889,1786984
23290,287,266,0,2.1090123456790124,1787271
23291,0,0,0,2.109135802469136,1787271
23292,16,16,2,2.1090123456790124,1787287
23293,283,170,0,2.109135802469136,1787570
23294,0,0,0,2.109259259259259,1787570
23295,0,0,0,2.1093827160493825,1787570
23296,0,0,0,2.1095061728395064,1787570
23297,1,1,1,2.1095061728395064,1787571
23298,14,14,6,2.108888888888889,1787585
23299,1,1,0,2.1090123456790124,1787586
23300,0,0,0,2.109135802469136,1787586
23301,0,0,0,2.109259259259259,1787586
23302,0,0,0,2.1093827160493825,1787586
23303,0,0,0,2.1095061728395064,1787586
23304,0,0,0,2.1096296296296297,1787586
23305,43,38,0,2.109753086419753,1787629
23306,0,0,0,2.1098765432098765,1787629
23307,1,1,0,2.11,1787630
23308,0,0,0,2.1101234567901233,1787630
23309,3,3,0,2.110246913580247,1787633
23310,31,27,0,2.1103703703703705,1787664
23311,0,0,0,2.110493827160494,1787664
23312,274,271,0,2.110617283950617,1787938
23313,0,0,0,2.1107407407407406,1787938
23314,0,0,0,2.1108641975308644,1787938
23315,16,16,3,2.110617283950617,1787954
23316,0,0,0,2.1107407407407406,1787954
23317,0,0,0,2.1108641975308644,1787954
23318,0,0,0,2.110987654320988,1787954
23319,0,0,0,2.111111111111111,1787954
23320,0,0,0,2.1112345679012345,1787954
23321,0,0,0,2.111358024691358,1787954
23322,14,14,0,2.1114814814814813,1787968
23323,667,571,16,2.1096296296296297,1788635
23324,0,0,0,2.109753086419753,1788635
23325,287,187,6,2.109135802469136,1788922
23326,2,2,0,2.109259259259259,1788924
23327,0,0,0,2.1093827160493825,1788924
23328,0,0,0,2.1095061728395064,1788924
23329,0,0,0,2.1096296296296297,1788924
23330,0,0,0,2.109753086419753,1788924
23331,2,2,0,2.1098765432098765,1788926
23332,1,1,0,2.11,1788927
23333,0,0,0,2.1101234567901233,1788927
23334,0,0,0,2.110246913580247,1788927
23335,0,0,0,2.1103703703703705,1788927
23336,0,0,0,2.110493827160494,1788927
23337,5,5,0,2.110617283950617,1788932
23338,3,3,0,2.1107407407407406,1788935
23339,0,0,0,2.1108641975308644,1788935
23340,1,1,0,2.110987654320988,1788936
23341,1230,1230,6,2.1103703703703705,1790166
23342,0,0,0,2.110493827160494,1790166
23343,0,0,0,2.110617283950617,1790166
23344,1332,1332,14,2.1090123456790124,1791498
23345,0,0,0,2.109135802469136,1791498
23346,472,341,13,2.1076543209876544,1791970
23347,0,0,0,2.1077777777777778,1791970
23348,0,0,0,2.107901234567901,1791970
23349,0,0,0,2.1080246913580245,1791970
23350,217,217,0,2.1081481481481483,1792187
23351,18,18,0,2.1082716049382717,1792205
23352,0,0,0,2.108395061728395,1792205
23353,0,0,0,2.1085185185185185,1792205
23354,327,311,0,2.108641975308642,1792532
23355,0,0,0,2.108765432098765,1792532
23356,1,1,0,2.108888888888889,1792533
23357,0,0,0,2.1090123456790124,1792533
23358,0,0,0,2.109135802469136,1792533
23359,2,2,0,2.109259259259259,1792535
23360,0,0,0,2.1093827160493825,1792535
23361,11,11,0,2.1095061728395064,1792546
23362,0,0,0,2.1096296296296297,1792546
23363,0,0,0,2.109753086419753,1792546
23364,0,0,0,2.1098765432098765,1792546
23365,363,363,0,2.11,1792909
23366,543,543,5,2.1095061728395064,1793452
23367,0,0,0,2.1096296296296297,1793452
23368,0,0,0,2.109753086419753,1793452
23369,176,176,6,2.109135802469136,1793628
23370,0,0,0,2.109259259259259,1793628
23371,2,2,0,2.1093827160493825,1793630
23372,0,0,0,2.1095061728395064,1793630
23373,660,508,0,2.1096296296296297,1794290
23374,0,0,0,2.109753086419753,1794290
23375,0,0,0,2.1098765432098765,1794290
23376,65,51,0,2.11,1794355
23377,0,0,0,2.1101234567901233,1794355
23378,135,127,0,2.110246913580247,1794490
23379,2471,1360,0,2.1103703703703705,1796961
23380,0,0,0,2.110493827160494,1796961
23381,0,0,0,2.110617283950617,1796961
23382,0,0,0,2.1107407407407406,1796961
23383,0,0,0,2.1108641975308644,1796961
23384,10,10,0,2.110987654320988,1796971
23385,2,2,0,2.111111111111111,1796973
23386,12838,4137,35,2.1069135802469137,1809811
23387,0,0,0,2.107037037037037,1809811
23388,7,7,8,2.106172839506173,1809818
23389,0,0,0,2.1062962962962963,1809818
23390,127,118,3,2.1060493827160496,1809945
23391,243,240,0,2.106172839506173,1810188
23392,0,0,0,2.1062962962962963,1810188
23393,1,1,0,2.1064197530864197,1810189
23394,0,0,0,2.106543209876543,1810189
23395,0,0,0,2.1066666666666665,1810189
23396,0,0,0,2.1067901234567903,1810189
23397,23,17,4,2.1064197530864197,1810212
23398,0,0,0,2.106543209876543,1810212
23399,0,0,0,2.1066666666666665,1810212
23400,3437,3361,5,2.106172839506173,1813649
23401,5,5,0,2.1062962962962963,1813654
23402,21,21,0,2.1064197530864197,1813675
23403,0,0,0,2.106543209876543,1813675
23404,43,43,0,2.1066666666666665,1813718
23405,4,4,0,2.1067901234567903,1813722
23406,8,8,0,2.1069135802469137,1813730
23407,99,99,0,2.107037037037037,1813829
23408,0,0,0,2.1071604938271604,1813829
23409,0,0,0,2.107283950617284,1813829
23410,38,38,0,2.1074074074074076,1813867
23411,0,0,0,2.107530864197531,1813867
23412,11,10,0,2.1076543209876544,1813878
23413,48,46,0,2.1077777777777778,1813926
23414,88,88,1,2.1077777777777778,1814014
23415,3261,3031,14,2.106172839506173,1817275
23416,55,55,6,2.1055555555555556,1817330
23417,290,242,7,2.104814814814815,1817620
23418,0,0,0,2.1049382716049383,1817620
23419,5,5,0,2.1050617283950617,1817625
23420,0,0,0,2.105185185185185,1817625
23421,0,0,0,2.1053086419753084,1817625
23422,19,19,2,2.105185185185185,1817644
23423,227,157,0,2.1053086419753084,1817871
23424,4139,2280,11,2.104074074074074,1822010
23425,16,16,0,2.1041975308641976,1822026
23426,0,0,0,2.104320987654321,1822026
23427,23,21,0,2.1044444444444443,1822049
23428,0,0,0,2.1045679012345677,1822049
23429,10831,5472,13,2.1030864197530863,1832880
23430,17,17,0,2.1032098765432097,1832897
23431,2540,1907,4,2.1028395061728395,1835437
23432,0,0,0,2.102962962962963,1835437
23433,1,1,0,2.1030864197530863,1835438
23434,0,0,0,2.1032098765432097,1835438
23435,4,4,0,2.1033333333333335,1835442
23436,230,230,0,2.103456790123457,1835672
23437,0,0,0,2.1035802469135803,1835672
23438,0,0,0,2.1037037037037036,1835672
23439,0,0,0,2.103827160493827,1835672
23440,0,0,0,2.103950617283951,1835672
23441,0,0,0,2.104074074074074,1835672
23442,0,0,0,2.1041975308641976,1835672
23443,0,0,0,2.104320987654321,1835672
23444,0,0,0,2.1044444444444443,1835672
23445,0,0,0,2.1045679012345677,1835672
23446,0,0,0,2.1046913580246915,1835672
23447,0,0,0,2.104814814814815,1835672
23448,0,0,0,2.1049382716049383,1835672
23449,0,0,0,2.1050617283950617,1835672
23450,4083,2786,13,2.1035802469135803,1839755
23451,0,0,0,2.1037037037037036,1839755
23452,0,0,0,2.103827160493827,1839755
23453,0,0,0,2.103950617283951,1839755
23454,232,213,0,2.104074074074074,1839987
23455,0,0,0,2.1041975308641976,1839987
23456,0,0,0,2.104320987654321,1839987
23457,0,0,0,2.1044444444444443,1839987
23458,0,0,0,2.1045679012345677,1839987
23459,78,78,3,2.104320987654321,1840065
23460,0,0,0,2.1044444444444443,1840065
23461,0,0,0,2.1045679012345677,1840065
23462,0,0,0,2.1046913580246915,1840065
23463,280,280,0,2.104814814814815,1840345
23464,31,31,0,2.1049382716049383,1840376
23465,0,0,0,2.1050617283950617,1840376
23466,5,5,0,2.105185185185185,1840381
23467,0,0,0,2.1053086419753084,1840381
23468,0,0,0,2.1054320987654322,1840381
23469,1,1,1,2.1054320987654322,1840382
23470,82,82,0,2.1055555555555556,1840464
23471,1,1,0,2.105679012345679,1840465
23472,0,0,0,2.1058024691358024,1840465
23473,0,0,0,2.1059259259259258,1840465
23474,0,0,0,2.1060493827160496,1840465
23475,0,0,0,2.106172839506173,1840465
23476,1038,1038,8,2.1053086419753084,1841503
23477,0,0,0,2.1054320987654322,1841503
23478,117,115,0,2.1055555555555556,1841620
23479,0,0,0,2.105679012345679,1841620
23480,0,0,0,2.1058024691358024,1841620
23481,0,0,0,2.1059259259259258,1841620
23482,1,1,0,2.1060493827160496,1841621
23483,0,0,0,2.106172839506173,1841621
23484,1135,1135,0,2.1062962962962963,1842756
23485,929,910,10,2.105185185185185,1843685
23486,3245,2184,4,2.104814814814815,1846930
23487,0,0,0,2.1049382716049383,1846930
23488,1,1,0,2.1050617283950617,1846931
23489,514,398,0,2.105185185185185,1847445
23490,0,0,0,2.1053086419753084,1847445
23491,0,0,0,2.1054320987654322,1847445
23492,0,0,0,2.1055555555555556,1847445
23493,0,0,0,2.105679012345679,1847445
23494,3,3,0,2.1058024691358024,1847448
23495,0,0,0,2.1059259259259258,1847448
23496,0,0,0,2.1060493827160496,1847448
23497,0,0,0,2.106172839506173,1847448
23498,202,202,0,2.1062962962962963,1847650
23499,3,3,0,2.1064197530864197,1847653
23500,0,0,0,2.106543209876543,1847653
23501,3453,1730,3,2.1062962962962963,1851106
23502,4,4,0,2.1064197530864197,1851110
23503,0,0,0,2.106543209876543,1851110
23504,11,11,0,2.1066666666666665,1851121
23505,0,0,0,2.1067901234567903,1851121
23506,0,0,0,2.1069135802469137,1851121
23507,1195,1183,1,2.1069135802469137,1852316
23508,0,0,0,2.107037037037037,1852316
23509,0,0,0,2.1071604938271604,1852316
23510,0,0,0,2.107283950617284,1852316
23511,0,0,0,2.1074074074074076,1852316
23512,0,0,0,2.107530864197531,1852316
23513,1,1,0,2.1076543209876544,1852317
23514,0,0,0,2.1077777777777778,1852317
23515,0,0,0,2.107901234567901,1852317
23516,8471,4223,13,2.1064197530864197,1860788
23517,2,2,0,2.106543209876543,1860790
23518,49,45,0,2.1066666666666665,1860839
23519,0,0,0,2.1067901234567903,1860839
23520,628,335,10,2.105679012345679,1861467
23521,0,0,0,2.1058024691358024,1861467
23522,0,0,0,2.1059259259259258,1861467
23523,0,0,0,2.1060493827160496,1861467
23524,0,0,0,2.106172839506173,1861467
23525,0,0,0,2.1062962962962963,1861467
23526,1,1,0,2.1064197530864197,1861468
23527,0,0,0,2.106543209876543,1861468
23528,0,0,0,2.1066666666666665,1861468
23529,807,653,9,2.105679012345679,1862275
23530,53,52,0,2.1058024691358024,1862328
23531,9,9,0,2.1059259259259258,1862337
23532,0,0,0,2.1060493827160496,1862337
23533,0,0,0,2.106172839506173,1862337
23534,68,68,0,2.1062962962962963,1862405
23535,0,0,0,2.1064197530864197,1862405
23536,16,16,0,2.106543209876543,1862421
23537,0,0,0,2.1066666666666665,1862421
23538,0,0,0,2.1067901234567903,1862421
23539,0,0,0,2.1069135802469137,1862421
23540,0,0,0,2.107037037037037,1862421
23541,47,47,0,2.1071604938271604,1862468
23542,1,1,0,2.107283950617284,1862469
23543,0,0,0,2.1074074074074076,1862469
23544,4,4,1,2.1074074074074076,1862473
23545,3,3,0,2.107530864197531,1862476
23546,0,0,0,2.1076543209876544,1862476
23547,244,185,0,2.1077777777777778,1862720
23548,0,0,0,2.107901234567901,1862720
23549,354,280,7,2.1071604938271604,1863074
23550,0,0,0,2.107283950617284,1863074
23551,0,0,0,2.1074074074074076,1863074
23552,1220,1217,2,2.107283950617284,1864294
23553,0,0,0,2.1074074074074076,1864294
23554,406,285,4,2.107037037037037,1864700
23555,126,126,0,2.1071604938271604,1864826
23556,0,0,0,2.107283950617284,1864826
23557,0,0,0,2.1074074074074076,1864826
23558,0,0,0,2.107530864197531,1864826
23559,0,0,0,2.1076543209876544,1864826
23560,1,1,0,2.1077777777777778,1864827
23561,0,0,0,2.107901234567901,1864827
23562,271,271,0,2.1080246913580245,1865098
23563,0,0,0,2.1081481481481483,1865098
23564,0,0,0,2.1082716049382717,1865098
23565,112,105,2,2.1081481481481483,1865210
23566,0,0,0,2.1082716049382717,1865210
23567,0,0,0,2.108395061728395,1865210
23568,0,0,0,2.1085185185185185,1865210
23569,0,0,0,2.108641975308642,1865210
23570,0,0,0,2.108765432098765,1865210
23571,4249,3559,4,2.108395061728395,1869459
23572,0,0,0,2.1085185185185185,1869459
23573,0,0,0,2.108641975308642,1869459
23574,3046,2288,6,2.1080246913580245,1872505
23575,653,495,3,2.1077777777777778,1873158
23576,39,38,0,2.107901234567901,1873197
23577,0,0,0,2.1080246913580245,1873197
23578,0,0,0,2.1081481481481483,1873197
23579,77,55,2,2.1080246913580245,1873274
23580,0,0,0,2.1081481481481483,1873274
23581,0,0,0,2.1082716049382717,1873274
23582,0,0,0,2.108395061728395,1873274
23583,0,0,0,2.1085185185185185,1873274
23584,501,351,8,2.1076543209876544,1873775
23585,169,131,0,2.1077777777777778,1873944
23586,0,0,0,2.107901234567901,1873944
23587,674,674,2,2.1077777777777778,1874618
23588,0,0,0,2.107901234567901,1874618
23589,2,2,0,2.1080246913580245,1874620
23590,0,0,0,2.1081481481481483,1874620
23591,0,0,0,2.1082716049382717,1874620
23592,0,0,0,2.108395061728395,1874620
23593,136,136,6,2.1077777777777778,1874756
23594,0,0,0,2.107901234567901,1874756
23595,0,0,0,2.1080246913580245,1874756
23596,0,0,0,2.1081481481481483,1874756
23597,0,0,0,2.1082716049382717,1874756
23598,1,1,0,2.108395061728395,1874757
23599,0,0,0,2.1085185185185185,1874757
23600,0,0,0,2.108641975308642,1874757
23601,0,0,0,2.108765432098765,1874757
23602,0,0,0,2.108888888888889,1874757
23603,4,4,1,2.108888888888889,1874761
23604,2,2,0,2.1090123456790124,1874763
23605,0,0,0,2.109135802469136,1874763
23606,108,93,9,2.1081481481481483,1874871
23607,1,1,0,2.1082716049382717,1874872
23608,11708,5231,39,2.1035802469135803,1886580
23609,196,196,9,2.102592592592593,1886776
23610,8,8,0,2.102716049382716,1886784
23611,315,315,3,2.102469135802469,1887099
23612,0,0,0,2.102592592592593,1887099
23613,0,0,0,2.102716049382716,1887099
23614,1917,1120,3,2.102469135802469,1889016
23615,3,3,0,2.102592592592593,1889019
23616,113,106,0,2.102716049382716,1889132
23617,0,0,0,2.1028395061728395,1889132
23618,0,0,0,2.102962962962963,1889132
23619,0,0,0,2.1030864197530863,1889132
23620,13353,5060,12,2.1017283950617283,1902485
23621,1,1,0,2.1018518518518516,1902486
23622,1568,1568,16,2.1,1904054
23623,0,0,0,2.1001234567901235,1904054
23624,5,5,0,2.100246913580247,1904059
23625,0,0,0,2.10037037037037,1904059
23626,0,0,0,2.100493827160494,1904059
23627,0,0,0,2.1006172839506174,1904059
23628,0,0,0,2.100740740740741,1904059
23629,0,0,0,2.100864197530864,1904059
23630,0,0,0,2.1009876543209876,1904059
23631,0,0,0,2.101111111111111,1904059
23632,3,3,0,2.1012345679012348,1904062
23633,0,0,0,2.101358024691358,1904062
23634,0,0,0,2.1014814814814815,1904062
23635,84,84,1,2.1014814814814815,1904146
23636,0,0,0,2.101604938271605,1904146
23637,0,0,0,2.1017283950617283,1904146
23638,784,778,0,2.1018518518518516,1904930
23639,4,4,0,2.1019753086419755,1904934
23640,256,235,13,2.100493827160494,1905190
23641,0,0,0,2.1006172839506174,1905190
23642,3,3,0,2.100740740740741,1905193
23643,2,2,0,2.100864197530864,1905195
23644,0,0,0,2.1009876543209876,1905195
23645,4155,1653,17,2.099012345679012,1909350
23646,0,0,0,2.099135802469136,1909350
23647,0,0,0,2.0992592592592594,1909350
23648,4,4,0,2.0993827160493828,1909354
23649,0,0,0,2.099506172839506,1909354
23650,21,21,0,2.0996296296296295,1909375
23651,7234,3191,12,2.0982716049382715,1916609
23652,6,6,0,2.098395061728395,1916615
23653,16,16,0,2.0985185185185187,1916631
23654,503,503,2,2.098395061728395,1917134
23655,0,0,0,2.0985185185185187,1917134
23656,0,0,0,2.098641975308642,1917134
23657,0,0,0,2.0987654320987654,1917134
23658,5,5,1,2.0987654320987654,1917139
23659,4,4,2,2.098641975308642,1917143
23660,69,66,0,2.0987654320987654,1917212
23661,0,0,0,2.098888888888889,1917212
23662,0,0,0,2.099012345679012,1917212
23663,1,1,0,2.099135802469136,1917213
23664,0,0,0,2.0992592592592594,1917213
23665,3,3,0,2.0993827160493828,1917216
23666,0,0,0,2.099506172839506,1917216
23667,0,0,0,2.0996296296296295,1917216
23668,0,0,0,2.099753086419753,1917216
23669,0,0,0,2.0998765432098767,1917216
23670,0,0,0,2.1,1917216
23671,674,554,4,2.0996296296296295,1917890
23672,1295,1295,0,2.099753086419753,1919185
23673,0,0,0,2.0998765432098767,1919185
23674,41,41,0,2.1,1919226
23675,0,0,0,2.1001234567901235,1919226
23676,0,0,0,2.100246913580247,1919226
23677,0,0,0,2.10037037037037,1919226
23678,4,4,0,2.100493827160494,1919230
23679,1,1,0,2.1006172839506174,1919231
23680,0,0,0,2.100740740740741,1919231
23681,2,2,0,2.100864197530864,1919233
23682,0,0,0,2.1009876543209876,1919233
23683,2,2,0,2.101111111111111,1919235
23684,481,453,0,2.1012345679012348,1919716
23685,0,0,0,2.101358024691358,1919716
23686,0,0,0,2.1014814814814815,1919716
23687,0,0,0,2.101604938271605,1919716
23688,0,0,0,2.1017283950617283,1919716
23689,0,0,0,2.1018518518518516,1919716
23690,0,0,0,2.1019753086419755,1919716
23691,0,0,0,2.102098765432099,1919716
23692,0,0,0,2.102222222222222,1919716
23693,0,0,0,2.1023456790123456,1919716
23694,0,0,0,2.102469135802469,1919716
23695,0,0,0,2.102592592592593,1919716
23696,716,354,10,2.1014814814814815,1920432
23697,0,0,0,2.101604938271605,1920432
23698,0,0,0,2.1017283950617283,1920432
23699,14,14,0,2.1018518518518516,1920446
23700,497,308,0,2.1019753086419755,1920943
23701,84,84,0,2.102098765432099,1921027
23702,35,35,0,2.102222222222222,1921062
23703,0,0,0,2.1023456790123456,1921062
23704,69,62,0,2.102469135802469,1921131
23705,5,5,0,2.102592592592593,1921136
23706,2,2,0,2.102716049382716,1921138
23707,2,2,0,2.1028395061728395,1921140
23708,0,0,0,2.102962962962963,1921140
23709,0,0,0,2.1030864197530863,1921140
23710,11,11,0,2.1032098765432097,1921151
23711,0,0,0,2.1033333333333335,1921151
23712,30,30,0,2.103456790123457,1921181
23713,9,9,0,2.1035802469135803,1921190
23714,0,0,0,2.1037037037037036,1921190
23715,0,0,0,2.103827160493827,1921190
23716,0,0,0,2.103950617283951,1921190
23717,72,72,0,2.104074074074074,1921262
23718,476,476,0,2.1041975308641976,1921738
23719,0,0,0,2.104320987654321,1921738
23720,1,1,0,2.1044444444444443,1921739
23721,0,0,0,2.1045679012345677,1921739
23722,11,11,0,2.1046913580246915,1921750
23723,739,706,0,2.104814814814815,1922489
23724,0,0,0,2.1049382716049383,1922489
23725,0,0,0,2.1050617283950617,1922489
23726,0,0,0,2.105185185185185,1922489
23727,1,1,0,2.1053086419753084,1922490
23728,0,0,0,2.1054320987654322,1922490
23729,1,1,0,2.1055555555555556,1922491
23730,0,0,0,2.105679012345679,1922491
23731,0,0,0,2.1058024691358024,1922491
23732,0,0,0,2.1059259259259258,1922491
23733,0,0,0,2.1060493827160496,1922491
23734,77,77,0,2.106172839506173,1922568
23735,0,0,0,2.1062962962962963,1922568
23736,0,0,0,2.1064197530864197,1922568
23737,61,61,0,2.106543209876543,1922629
23738,34,33,0,2.1066666666666665,1922663
23739,74,69,0,2.1067901234567903,1922737
23740,0,0,0,2.1069135802469137,1922737
23741,0,0,0,2.107037037037037,1922737
23742,2,2,0,2.1071604938271604,1922739
23743,632,447,0,2.107283950617284,1923371
23744,3757,2518,3,2.107037037037037,1927128
23745,0,0,0,2.1071604938271604,1927128
23746,0,0,0,2.107283950617284,1927128
23747,0,0,0,2.1074074074074076,1927128
23748,0,0,0,2.107530864197531,1927128
23749,0,0,0,2.1076543209876544,1927128
23750,0,0,0,2.1077777777777778,1927128
23751,0,0,0,2.107901234567901,1927128
23752,0,0,0,2.1080246913580245,1927128
23753,0,0,0,2.1081481481481483,1927128
23754,0,0,0,2.1082716049382717,1927128
23755,0,0,0,2.108395061728395,1927128
23756,0,0,0,2.1085185185185185,1927128
23757,17,17,0,2.108641975308642,1927145
23758,0,0,0,2.108765432098765,1927145
23759,0,0,0,2.108888888888889,1927145
23760,144,144,9,2.107901234567901,1927289
23761,3,3,0,2.1080246913580245,1927292
23762,0,0,0,2.1081481481481483,1927292
23763,0,0,0,2.1082716049382717,1927292
23764,0,0,0,2.108395061728395,1927292
23765,0,0,0,2.1085185185185185,1927292
23766,0,0,0,2.108641975308642,1927292
23767,0,0,0,2.108765432098765,1927292
23768,43,43,0,2.108888888888889,1927335
23769,1,1,0,2.1090123456790124,1927336
23770,0,0,0,2.109135802469136,1927336
23771,0,0,0,2.109259259259259,1927336
23772,0,0,0,2.1093827160493825,1927336
23773,4,4,0,2.1095061728395064,1927340
23774,0,0,0,2.1096296296296297,1927340
23775,0,0,0,2.109753086419753,1927340
23776,0,0,0,2.1098765432098765,1927340
23777,0,0,0,2.11,1927340
23778,0,0,0,2.1101234567901233,1927340
23779,0,0,0,2.110246913580247,1927340
23780,0,0,0,2.1103703703703705,1927340
23781,0,0,0,2.110493827160494,1927340
23782,56,56,0,2.110617283950617,1927396
23783,0,0,0,2.1107407407407406,1927396
23784,71,71,3,2.110493827160494,1927467
23785,0,0,0,2.110617283950617,1927467
23786,0,0,0,2.1107407407407406,1927467
23787,165,125,5,2.110246913580247,1927632
23788,0,0,0,2.1103703703703705,1927632
23789,0,0,0,2.110493827160494,1927632
23790,0,0,0,2.110617283950617,1927632
23791,0,0,0,2.1107407407407406,1927632
23792,0,0,0,2.1108641975308644,1927632
23793,0,0,0,2.110987654320988,1927632
23794,132,132,0,2.111111111111111,1927764
23795,0,0,0,2.1112345679012345,1927764
23796,4098,2024,0,2.111358024691358,1931862
23797,0,0,0,2.1114814814814813,1931862
23798,2804,2784,8,2.110617283950617,1934666
23799,0,0,0,2.1107407407407406,1934666
23800,233,233,0,2.1108641975308644,1934899
23801,0,0,0,2.110987654320988,1934899
23802,1883,1883,0,2.111111111111111,1936782
23803,15,15,0,2.1112345679012345,1936797
23804,0,0,0,2.111358024691358,1936797
23805,7,7,0,2.1114814814814813,1936804
23806,0,0,0,2.111604938271605,1936804
23807,0,0,0,2.1117283950617285,1936804
23808,2,2,0,2.111851851851852,1936806
23809,0,0,0,2.1119753086419752,1936806
23810,0,0,0,2.1120987654320986,1936806
23811,4,4,0,2.112222222222222,1936810
23812,0,0,0,2.112345679012346,1936810
23813,0,0,0,2.112469135802469,1936810
23814,0,0,0,2.1125925925925926,1936810
23815,0,0,0,2.112716049382716,1936810
23816,0,0,0,2.1128395061728393,1936810
23817,0,0,0,2.112962962962963,1936810
23818,0,0,0,2.1130864197530865,1936810
23819,1,1,0,2.11320987654321,1936811
23820,0,0,0,2.1133333333333333,1936811
23821,0,0,0,2.1134567901234567,1936811
23822,0,0,0,2.11358024691358,1936811
23823,0,0,0,2.113703703703704,1936811
23824,0,0,0,2.1138271604938272,1936811
23825,0,0,0,2.1139506172839506,1936811
23826,0,0,0,2.114074074074074,1936811
23827,0,0,0,2.1141975308641974,1936811
23828,0,0,0,2.114320987654321,1936811
23829,39,32,0,2.1144444444444446,1936850
23830,0,0,0,2.114567901234568,1936850
23831,0,0,0,2.1146913580246913,1936850
23832,0,0,0,2.1148148148148147,1936850
23833,0,0,0,2.114938271604938,1936850
23834,0,0,0,2.115061728395062,1936850
23835,0,0,0,2.1151851851851853,1936850
23836,1135,867,0,2.1153086419753087,1937985
23837,4,4,0,2.115432098765432,1937989
23838,0,0,0,2.1155555555555554,1937989
23839,0,0,0,2.1156790123456792,1937989
23840,2121,1654,8,2.1148148148148147,1940110
23841,1,1,0,2.114938271604938,1940111
23842,275,201,0,2.115061728395062,1940386
23843,0,0,0,2.1151851851851853,1940386
23844,17,15,0,2.1153086419753087,1940403
23845,3669,2961,18,2.11320987654321,1944072
23846,4504,2149,18,2.111111111111111,1948576
23847,0,0,0,2.1112345679012345,1948576
23848,163,163,0,2.111358024691358,1948739
23849,20,20,0,2.1114814814814813,1948759
23850,0,0,0,2.111604938271605,1948759
23851,0,0,0,2.1117283950617285,1948759
23852,4,4,4,2.111358024691358,1948763
23853,0,0,0,2.1114814814814813,1948763
23854,5315,2474,15,2.109753086419753,1954078
23855,42,35,0,2.1098765432098765,1954120
23856,0,0,0,2.11,1954120
23857,0,0,0,2.1101234567901233,1954120
23858,0,0,0,2.110246913580247,1954120
23859,18,18,0,2.1103703703703705,1954138
23860,0,0,0,2.110493827160494,1954138
23861,8,8,4,2.1101234567901233,1954146
23862,0,0,0,2.110246913580247,1954146
23863,1306,822,7,2.1095061728395064,1955452
23864,0,0,0,2.1096296296296297,1955452
23865,0,0,0,2.109753086419753,1955452
23866,4,4,0,2.1098765432098765,1955456
23867,0,0,0,2.11,1955456
23868,24,24,0,2.1101234567901233,1955480
23869,1,1,0,2.110246913580247,1955481
23870,0,0,0,2.1103703703703705,1955481
23871,0,0,0,2.110493827160494,1955481
23872,0,0,0,2.110617283950617,1955481
23873,202,132,0,2.1107407407407406,1955683
23874,0,0,0,2.1108641975308644,1955683
23875,227,227,0,2.110987654320988,1955910
23876,0,0,0,2.111111111111111,1955910
23877,0,0,0,2.1112345679012345,1955910
23878,0,0,0,2.111358024691358,1955910
23879,0,0,0,2.1114814814814813,1955910
23880,29,29,0,2.111604938271605,1955939
23881,12,12,0,2.1117283950617285,1955951
23882,47,46,5,2.1112345679012345,1955998
23883,0,0,0,2.111358024691358,1955998
23884,24,24,0,2.1114814814814813,1956022
23885,0,0,0,2.111604938271605,1956022
23886,0,0,0,2.1117283950617285,1956022
23887,9,9,0,2.111851851851852,1956031
23888,0,0,0,2.1119753086419752,1956031
23889,1312,966,3,2.1117283950617285,1957343
23890,0,0,0,2.111851851851852,1957343
23891,0,0,0,2.1119753086419752,1957343
23892,0,0,0,2.1120987654320986,1957343
23893,10,10,0,2.112222222222222,1957353
23894,0,0,0,2.112345679012346,1957353
23895,3424,2251,21,2.1098765432098765,1960777
23896,0,0,0,2.11,1960777
23897,14,14,0,2.1101234567901233,1960791
23898,0,0,0,2.110246913580247,1960791
23899,739,457,13,2.108765432098765,1961530
23900,0,0,0,2.108888888888889,1961530
23901,0,0,0,2.1090123456790124,1961530
23902,1,1,0,2.109135802469136,1961531
23903,0,0,0,2.109259259259259,1961531
23904,0,0,0,2.1093827160493825,1961531
23905,22,22,0,2.1095061728395064,1961553
23906,0,0,0,2.1096296296296297,1961553
23907,15,15,0,2.109753086419753,1961568
23908,0,0,0,2.1098765432098765,1961568
23909,0,0,0,2.11,1961568
23910,0,0,0,2.1101234567901233,1961568
23911,0,0,0,2.110246913580247,1961568
23912,0,0,0,2.1103703703703705,1961568
23913,0,0,0,2.110493827160494,1961568
23914,3873,1658,17,2.1085185185185185,1965441
23915,0,0,0,2.108641975308642,1965441
23916,0,0,0,2.108765432098765,1965441
23917,0,0,0,2.108888888888889,1965441
23918,1470,1470,0,2.1090123456790124,1966911
23919,0,0,0,2.109135802469136,1966911
23920,0,0,0,2.109259259259259,1966911
23921,0,0,0,2.1093827160493825,1966911
23922,0,0,0,2.1095061728395064,1966911
23923,0,0,0,2.1096296296296297,1966911
23924,0,0,0,2.109753086419753,1966911
23925,0,0,0,2.1098765432098765,1966911
23926,0,0,0,2.11,1966911
23927,4,4,2,2.1098765432098765,1966915
23928,2,2,2,2.109753086419753,1966917
23929,0,0,0,2.1098765432098765,1966917
23930,870,641,0,2.11,1967787
23931,309,309,10,2.108888888888889,1968096
23932,1,1,1,2.108888888888889,1968097
23933,0,0,0,2.1090123456790124,1968097
23934,16,16,2,2.108888888888889,1968113
23935,0,0,0,2.1090123456790124,1968113
23936,0,0,0,2.109135802469136,1968113
23937,0,0,0,2.109259259259259,1968113
23938,4,4,0,2.1093827160493825,1968117
23939,5091,3580,25,2.1064197530864197,1973208
23940,0,0,0,2.106543209876543,1973208
23941,0,0,0,2.1066666666666665,1973208
23942,0,0,0,2.1067901234567903,1973208
23943,23,22,0,2.1069135802469137,1973231
23944,0,0,0,2.107037037037037,1973231
23945,2,2,0,2.1071604938271604,1973233
23946,0,0,0,2.107283950617284,1973233
23947,20,20,0,2.1074074074074076,1973253
23948,0,0,0,2.107530864197531,1973253
23949,0,0,0,2.1076543209876544,1973253
23950,0,0,0,2.1077777777777778,1973253
23951,0,0,0,2.107901234567901,1973253
23952,0,0,0,2.1080246913580245,1973253
23953,2,2,0,2.1081481481481483,1973255
23954,2,2,0,2.1082716049382717,1973257
23955,183,183,0,2.108395061728395,1973440
23956,0,0,0,2.1085185185185185,1973440
23957,1980,1223,6,2.107901234567901,1975420
23958,7825,3930,9,2.1069135802469137,1983245
23959,0,0,0,2.107037037037037,1983245
23960,0,0,0,2.1071604938271604,1983245
23961,106,106,2,2.107037037037037,1983351
23962,31,31,0,2.1071604938271604,1983382
23963,0,0,0,2.107283950617284,1983382
23964,0,0,0,2.1074074074074076,1983382
23965,0,0,0,2.107530864197531,1983382
23966,118,80,0,2.1076543209876544,1983500
23967,0,0,0,2.1077777777777778,1983500
23968,0,0,0,2.107901234567901,1983500
23969,17,17,2,2.1077777777777778,1983517
23970,0,0,0,2.107901234567901,1983517
23971,0,0,0,2.1080246913580245,1983517
23972,0,0,0,2.1081481481481483,1983517
23973,13,13,2,2.1080246913580245,1983530
23974,5,5,0,2.1081481481481483,1983535
23975,0,0,0,2.1082716049382717,1983535
23976,24,22,0,2.108395061728395,1983559
23977,0,0,0,2.1085185185185185,1983559
23978,304,304,10,2.1074074074074076,1983863
23979,0,0,0,2.107530864197531,1983863
23980,0,0,0,2.1076543209876544,1983863
23981,693,553,0,2.1077777777777778,1984556
23982,0,0,0,2.107901234567901,1984556
23983,0,0,0,2.1080246913580245,1984556
23984,0,0,0,2.1081481481481483,1984556
23985,26,26,0,2.1082716049382717,1984582
23986,0,0,0,2.108395061728395,1984582
23987,7,7,0,2.1085185185185185,1984589
23988,52,52,0,2.108641975308642,1984641
23989,0,0,0,2.108765432098765,1984641
23990,33,33,1,2.108765432098765,1984674
23991,0,0,0,2.108888888888889,1984674
23992,0,0,0,2.1090123456790124,1984674
23993,18,18,0,2.109135802469136,1984692
23994,0,0,0,2.109259259259259,1984692
23995,0,0,0,2.1093827160493825,1984692
23996,0,0,0,2.1095061728395064,1984692
23997,77,77,0,2.1096296296296297,1984769
23998,431,431,0,2.109753086419753,1985200
23999,0,0,0,2.1098765432098765,1985200
24000,0,0,0,2.11,1985200
24001,0,0,0,2.1101234567901233,1985200
24002,11,11,0,2.110246913580247,1985211
24003,0,0,0,2.1103703703703705,1985211
24004,34,34,0,2.110493827160494,1985245
24005,5,5,0,2.110617283950617,1985250
24006,0,0,0,2.1107407407407406,1985250
24007,6543,4066,5,2.110246913580247,1991793
24008,0,0,0,2.1103703703703705,1991793
24009,0,0,0,2.110493827160494,1991793
24010,0,0,0,2.110617283950617,1991793
24011,0,0,0,2.1107407407407406,1991793
24012,0,0,0,2.1108641975308644,1991793
24013,3,3,0,2.110987654320988,1991796
24014,5511,3253,16,2.109135802469136,1997307
24015,0,0,0,2.109259259259259,1997307
24016,0,0,0,2.1093827160493825,1997307
24017,0,0,0,2.1095061728395064,1997307
24018,0,0,0,2.1096296296296297,1997307
24019,12,11,2,2.1095061728395064,1997319
24020,0,0,0,2.1096296296296297,1997319
24021,0,0,0,2.109753086419753,1997319
24022,0,0,0,2.1098765432098765,1997319
24023,0,0,0,2.11,1997319
24024,0,0,0,2.1101234567901233,1997319
24025,0,0,0,2.110246913580247,1997319
24026,0,0,0,2.1103703703703705,1997319
24027,0,0,0,2.110493827160494,1997319
24028,0,0,0,2.110617283950617,1997319
24029,1249,935,0,2.1107407407407406,1998568
24030,0,0,0,2.1108641975308644,1998568
24031,0,0,0,2.110987654320988,1998568
24032,0,0,0,2.111111111111111,1998568
24033,0,0,0,2.1112345679012345,1998568
24034,0,0,0,2.111358024691358,1998568
24035,13,13,0,2.1114814814814813,1998581
24036,14,14,0,2.111604938271605,1998595
24037,2734,2733,3,2.111358024691358,2001329
24038,0,0,0,2.1114814814814813,2001329
24039,0,0,0,2.111604938271605,2001329
24040,141,141,5,2.111111111111111,2001470
24041,0,0,0,2.1112345679012345,2001470
24042,0,0,0,2.111358024691358,2001470
24043,0,0,0,2.1114814814814813,2001470
24044,0,0,0,2.111604938271605,2001470
24045,155,155,0,2.1117283950617285,2001625
24046,41,40,2,2.111604938271605,2001666
24047,0,0,0,2.1117283950617285,2001666
24048,0,0,0,2.111851851851852,2001666
24049,0,0,0,2.1119753086419752,2001666
24050,0,0,0,2.1120987654320986,2001666
24051,0,0,0,2.112222222222222,2001666
24052,0,0,0,2.112345679012346,2001666
24053,204,204,6,2.1117283950617285,2001870
24054,0,0,0,2.111851851851852,2001870
24055,2859,1112,0,2.1119753086419752,2004729
24056,238,231,3,2.1117283950617285,2004967
24057,0,0,0,2.111851851851852,2004967
24058,26,26,0,2.1119753086419752,2004993
24059,0,0,0,2.1120987654320986,2004993
24060,0,0,0,2.112222222222222,2004993
24061,0,0,0,2.112345679012346,2004993
24062,7,7,0,2.112469135802469,2005000
24063,833,833,8,2.111604938271605,2005833
24064,108,84,0,2.1117283950617285,2005941
24065,0,0,0,2.111851851851852,2005941
24066,0,0,0,2.1119753086419752,2005941
24067,1,1,0,2.1120987654320986,2005942
24068,477,477,0,2.112222222222222,2006419
24069,95,95,0,2.112345679012346,2006514
24070,0,0,0,2.112469135802469,2006514
24071,1669,1669,0,2.1125925925925926,2008183
24072,0,0,0,2.112716049382716,2008183
24073,152,146,0,2.1128395061728393,2008335
24074,323,250,0,2.112962962962963,2008658
24075,0,0,0,2.1130864197530865,2008658
24076,1,1,0,2.11320987654321,2008659
24077,0,0,0,2.1133333333333333,2008659
24078,27,27,0,2.1134567901234567,2008686
24079,5325,3715,9,2.112469135802469,2014011
24080,0,0,0,2.1125925925925926,2014011
24081,12,12,0,2.112716049382716,2014023
24082,0,0,0,2.1128395061728393,2014023
24083,0,0,0,2.112962962962963,2014023
24084,1,1,0,2.1130864197530865,2014024
24085,0,0,0,2.11320987654321,2014024
24086,0,0,0,2.1133333333333333,2014024
24087,18173,5081,16,2.1114814814814813,2032197
24088,0,0,0,2.111604938271605,2032197
24089,0,0,0,2.1117283950617285,2032197
24090,4,4,0,2.111851851851852,2032201
24091,0,0,0,2.1119753086419752,2032201
24092,0,0,0,2.1120987654320986,2032201
24093,1,1,0,2.112222222222222,2032202
24094,177,126,2,2.1120987654320986,2032379
24095,1,1,0,2.112222222222222,2032380
24096,9,9,0,2.112345679012346,2032389
24097,0,0,0,2.112469135802469,2032389
24098,7,7,0,2.1125925925925926,2032396
24099,1,1,0,2.112716049382716,2032397
24100,0,0,0,2.1128395061728393,2032397
24101,3,3,0,2.112962962962963,2032400
24102,66,66,7,2.112222222222222,2032466
24103,16146,5310,26,2.109135802469136,2048612
24104,5,5,0,2.109259259259259,2048617
24105,4,4,0,2.1093827160493825,2048621
24106,0,0,0,2.1095061728395064,2048621
24107,369,369,7,2.108765432098765,2048990
24108,0,0,0,2.108888888888889,2048990
24109,0,0,0,2.1090123456790124,2048990
24110,0,0,0,2.109135802469136,2048990
24111,25,25,0,2.109259259259259,2049015
24112,0,0,0,2.1093827160493825,2049015
24113,0,0,0,2.1095061728395064,2049015
24114,468,352,0,2.1096296296296297,2049483
24115,0,0,0,2.109753086419753,2049483
24116,0,0,0,2.1098765432098765,2049483
24117,0,0,0,2.11,2049483
24118,6,6,0,2.1101234567901233,2049489
24119,0,0,0,2.110246913580247,2049489
24120,77,69,0,2.1103703703703705,2049566
24121,0,0,0,2.110493827160494,2049566
24122,4,4,0,2.110617283950617,2049570
24123,0,0,0,2.1107407407407406,2049570
24124,11,11,0,2.1108641975308644,2049581
24125,0,0,0,2.110987654320988,2049581
24126,0,0,0,2.111111111111111,2049581
24127,1089,793,10,2.11,2050670
24128,1,1,1,2.11,2050671
24129,0,0,0,2.1101234567901233,2050671
24130,0,0,0,2.110246913580247,2050671
24131,0,0,0,2.1103703703703705,2050671
24132,261,246,17,2.108395061728395,2050932
24133,43,42,0,2.1085185185185185,2050975
24134,0,0,0,2.108641975308642,2050975
24135,0,0,0,2.108765432098765,2050975
24136,3,3,0,2.108888888888889,2050978
24137,0,0,0,2.1090123456790124,2050978
24138,21,21,0,2.109135802469136,2050999
24139,1,1,0,2.109259259259259,2051000
24140,199,199,2,2.109135802469136,2051199
24141,14967,5762,47,2.103456790123457,2066166
24142,0,0,0,2.1035802469135803,2066166
24143,10,9,0,2.1037037037037036,2066176
24144,0,0,0,2.103827160493827,2066176
24145,0,0,0,2.103950617283951,2066176
24146,0,0,0,2.104074074074074,2066176
24147,0,0,0,2.1041975308641976,2066176
24148,0,0,0,2.104320987654321,2066176
24149,4248,2653,32,2.100493827160494,2070424
24150,4,4,0,2.1006172839506174,2070428
24151,0,0,0,2.100740740740741,2070428
24152,0,0,0,2.100864197530864,2070428
24153,0,0,0,2.1009876543209876,2070428
24154,0,0,0,2.101111111111111,2070428
24155,0,0,0,2.1012345679012348,2070428
24156,0,0,0,2.101358024691358,2070428
24157,19,19,0,2.1014814814814815,2070447
24158,504,315,6,2.100864197530864,2070951
24159,819,733,10,2.099753086419753,2071770
24160,34,34,0,2.0998765432098767,2071804
24161,432,389,5,2.0993827160493828,2072236
24162,0,0,0,2.099506172839506,2072236
24163,0,0,0,2.0996296296296295,2072236
24164,0,0,0,2.099753086419753,2072236
24165,1,1,1,2.099753086419753,2072237
24166,245,134,0,2.0998765432098767,2072482
24167,92,92,1,2.0998765432098767,2072574
24168,0,0,0,2.1,2072574
24169,0,0,0,2.1001234567901235,2072574
24170,698,443,0,2.100246913580247,2073272
24171,435,350,2,2.1001234567901235,2073707
24172,17,17,1,2.1001234567901235,2073724
24173,695,695,0,2.100246913580247,2074419
24174,3905,2349,6,2.0996296296296295,2078324
24175,154,154,2,2.099506172839506,2078478
24176,0,0,0,2.0996296296296295,2078478
24177,53,53,0,2.099753086419753,2078531
24178,22,22,0,2.0998765432098767,2078553
24179,0,0,0,2.1,2078553
24180,10,10,0,2.1001234567901235,2078563
24181,73,73,0,2.100246913580247,2078636
24182,0,0,0,2.10037037037037,2078636
24183,0,0,0,2.100493827160494,2078636
24184,1217,1214,0,2.1006172839506174,2079853
24185,1,1,0,2.100740740740741,2079854
24186,10,10,0,2.100864197530864,2079864
24187,5,5,0,2.1009876543209876,2079869
24188,603,603,0,2.101111111111111,2080472
24189,0,0,0,2.1012345679012348,2080472
24190,1,1,0,2.101358024691358,2080473
24191,0,0,0,2.1014814814814815,2080473
24192,0,0,0,2.101604938271605,2080473
24193,0,0,0,2.1017283950617283,2080473
24194,4549,4046,15,2.1,2085022
24195,5282,2583,8,2.099135802469136,2090304
24196,1,1,0,2.0992592592592594,2090305
24197,0,0,0,2.0993827160493828,2090305
24198,0,0,0,2.099506172839506,2090305
24199,0,0,0,2.0996296296296295,2090305
24200,2068,2068,5,2.099135802469136,2092373
24201,1757,1757,2,2.099012345679012,2094130
24202,0,0,0,2.099135802469136,2094130
24203,536,536,0,2.0992592592592594,2094666
24204,0,0,0,2.0993827160493828,2094666
24205,0,0,0,2.099506172839506,2094666
24206,5,5,0,2.0996296296296295,2094671
24207,3,3,0,2.099753086419753,2094674
24208,2,2,0,2.0998765432098767,2094676
24209,0,0,0,2.1,2094676
24210,0,0,0,2.1001234567901235,2094676
24211,0,0,0,2.100246913580247,2094676
24212,0,0,0,2.10037037037037,2094676
24213,303,213,3,2.1001234567901235,2094979
24214,0,0,0,2.100246913580247,2094979
24215,0,0,0,2.10037037037037,2094979
24216,1,1,0,2.100493827160494,2094980
24217,0,0,0,2.1006172839506174,2094980
24218,0,0,0,2.100740740740741,2094980
24219,0,0,0,2.100864197530864,2094980
24220,0,0,0,2.1009876543209876,2094980
24221,54,46,1,2.1009876543209876,2095034
24222,0,0,0,2.101111111111111,2095034
24223,1053,667,8,2.100246913580247,2096087
24224,22,22,0,2.10037037037037,2096109
24225,0,0,0,2.100493827160494,2096109
24226,0,0,0,2.1006172839506174,2096109
24227,0,0,0,2.100740740740741,2096109
24228,3,3,0,2.100864197530864,2096112
24229,0,0,0,2.1009876543209876,2096112
24230,0,0,0,2.101111111111111,2096112
24231,46,46,0,2.1012345679012348,2096158
24232,0,0,0,2.101358024691358,2096158
24233,0,0,0,2.1014814814814815,2096158
24234,11,11,0,2.101604938271605,2096169
24235,0,0,0,2.1017283950617283,2096169
24236,4,4,0,2.1018518518518516,2096173
24237,0,0,0,2.1019753086419755,2096173
24238,0,0,0,2.102098765432099,2096173
24239,0,0,0,2.102222222222222,2096173
24240,0,0,0,2.1023456790123456,2096173
24241,0,0,0,2.102469135802469,2096173
24242,1,1,0,2.102592592592593,2096174
24243,0,0,0,2.102716049382716,2096174
24244,0,0,0,2.1028395061728395,2096174
24245,0,0,0,2.102962962962963,2096174
24246,26,26,0,2.1030864197530863,2096200
24247,0,0,0,2.1032098765432097,2096200
24248,0,0,0,2.1033333333333335,2096200
24249,0,0,0,2.103456790123457,2096200
24250,0,0,0,2.1035802469135803,2096200
24251,34,34,0,2.1037037037037036,2096234
24252,1,1,0,2.103827160493827,2096235
24253,1,1,0,2.103950617283951,2096236
24254,0,0,0,2.104074074074074,2096236
24255,24,24,0,2.1041975308641976,2096260
24256,10,10,0,2.104320987654321,2096270
24257,0,0,0,2.1044444444444443,2096270
24258,0,0,0,2.1045679012345677,2096270
24259,0,0,0,2.1046913580246915,2096270
24260,0,0,0,2.104814814814815,2096270
24261,0,0,0,2.1049382716049383,2096270
24262,0,0,0,2.1050617283950617,2096270
24263,21,21,0,2.105185185185185,2096291
24264,9,9,0,2.1053086419753084,2096300
24265,0,0,0,2.1054320987654322,2096300
24266,0,0,0,2.1055555555555556,2096300
24267,0,0,0,2.105679012345679,2096300
24268,0,0,0,2.1058024691358024,2096300
24269,6,6,0,2.1059259259259258,2096306
24270,450,382,0,2.1060493827160496,2096756
24271,0,0,0,2.106172839506173,2096756
24272,0,0,0,2.1062962962962963,2096756
24273,394,392,4,2.1059259259259258,2097150
24274,0,0,0,2.1060493827160496,2097150
24275,250,250,0,2.106172839506173,2097400
24276,6,6,0,2.1062962962962963,2097406
24277,1557,1554,11,2.1050617283950617,2098963
24278,161,161,0,2.105185185185185,2099124
24279,0,0,0,2.1053086419753084,2099124
24280,0,0,0,2.1054320987654322,2099124
24281,4768,3208,9,2.1044444444444443,2103892
24282,2331,1246,15,2.102716049382716,2106223
24283,3,3,0,2.1028395061728395,2106226
24284,0,0,0,2.102962962962963,2106226
24285,0,0,0,2.1030864197530863,2106226
24286,0,0,0,2.1032098765432097,2106226
24287,0,0,0,2.1033333333333335,2106226
24288,0,0,0,2.103456790123457,2106226
24289,337,334,0,2.1035802469135803,2106563
24290,0,0,0,2.1037037037037036,2106563
24291,0,0,0,2.103827160493827,2106563
24292,0,0,0,2.103950617283951,2106563
24293,281,280,0,2.104074074074074,2106844
24294,3,3,0,2.1041975308641976,2106847
24295,0,0,0,2.104320987654321,2106847
24296,0,0,0,2.1044444444444443,2106847
24297,0,0,0,2.1045679012345677,2106847
24298,0,0,0,2.1046913580246915,2106847
24299,0,0,0,2.104814814814815,2106847
24300,0,0,0,2.1049382716049383,2106847
24301,491,491,0,2.1050617283950617,2107338
24302,0,0,0,2.105185185185185,2107338
24303,38,38,3,2.1049382716049383,2107376
24304,0,0,0,2.1050617283950617,2107376
24305,2,2,0,2.105185185185185,2107378
24306,0,0,0,2.1053086419753084,2107378
24307,0,0,0,2.1054320987654322,2107378
24308,1,1,1,2.1054320987654322,2107379
24309,109,109,0,2.1055555555555556,2107488
24310,0,0,0,2.105679012345679,2107488
24311,0,0,0,2.1058024691358024,2107488
24312,0,0,0,2.1059259259259258,2107488
24313,0,0,0,2.1060493827160496,2107488
24314,0,0,0,2.106172839506173,2107488
24315,522,373,0,2.1062962962962963,2108010
24316,0,0,0,2.1064197530864197,2108010
24317,8,8,0,2.106543209876543,2108018
24318,6553,3338,11,2.1053086419753084,2114571
24319,91,87,3,2.1050617283950617,2114662
24320,24,24,0,2.105185185185185,2114686
24321,0,0,0,2.1053086419753084,2114686
24322,65,49,0,2.1054320987654322,2114751
24323,0,0,0,2.1055555555555556,2114751
24324,0,0,0,2.105679012345679,2114751
24325,59,59,1,2.105679012345679,2114810
24326,0,0,0,2.1058024691358024,2114810
24327,0,0,0,2.1059259259259258,2114810
24328,0,0,0,2.1060493827160496,2114810
24329,27,27,0,2.106172839506173,2114837
24330,5,5,0,2.1062962962962963,2114842
24331,0,0,0,2.1064197530864197,2114842
24332,0,0,0,2.106543209876543,2114842
24333,20,20,0,2.1066666666666665,2114862
24334,0,0,0,2.1067901234567903,2114862
24335,89,89,0,2.1069135802469137,2114951
24336,16,16,0,2.107037037037037,2114967
24337,81,80,0,2.1071604938271604,2115048
24338,0,0,0,2.107283950617284,2115048
24339,189,171,0,2.1074074074074076,2115237
24340,0,0,0,2.107530864197531,2115237
24341,0,0,0,2.1076543209876544,2115237
24342,0,0,0,2.1077777777777778,2115237
24343,6198,3559,6,2.1071604938271604,2121435
24344,0,0,0,2.107283950617284,2121435
24345,0,0,0,2.1074074074074076,2121435
24346,0,0,0,2.107530864197531,2121435
24347,0,0,0,2.1076543209876544,2121435
24348,0,0,0,2.1077777777777778,2121435
24349,0,0,0,2.107901234567901,2121435
24350,0,0,0,2.1080246913580245,2121435
24351,0,0,0,2.1081481481481483,2121435
24352,0,0,0,2.1082716049382717,2121435
24353,0,0,0,2.108395061728395,2121435
24354,89,89,0,2.1085185185185185,2121524
24355,0,0,0,2.108641975308642,2121524
24356,0,0,0,2.108765432098765,2121524
24357,36,36,0,2.108888888888889,2121560
24358,0,0,0,2.1090123456790124,2121560
24359,0,0,0,2.109135802469136,2121560
24360,261,227,2,2.1090123456790124,2121821
24361,141,136,0,2.109135802469136,2121962
24362,1,1,0,2.109259259259259,2121963
24363,417,416,5,2.108765432098765,2122380
24364,369,246,6,2.1081481481481483,2122749
24365,0,0,0,2.1082716049382717,2122749
24366,8930,3640,12,2.1069135802469137,2131679
24367,3,3,2,2.1067901234567903,2131682
24368,0,0,0,2.1069135802469137,2131682
24369,0,0,0,2.107037037037037,2131682
24370,82,79,0,2.1071604938271604,2131764
24371,753,573,14,2.1055555555555556,2132517
24372,0,0,0,2.105679012345679,2132517
24373,151,151,4,2.1053086419753084,2132668
24374,2,2,1,2.1053086419753084,2132670
24375,0,0,0,2.1054320987654322,2132670
24376,14,14,0,2.1055555555555556,2132684
24377,0,0,0,2.105679012345679,2132684
24378,43,43,0,2.1058024691358024,2132727
24379,0,0,0,2.1059259259259258,2132727
24380,0,0,0,2.1060493827160496,2132727
24381,0,0,0,2.106172839506173,2132727
24382,57,57,8,2.1053086419753084,2132784
24383,98,98,3,2.1050617283950617,2132882
24384,25,25,0,2.105185185185185,2132907
24385,0,0,0,2.1053086419753084,2132907
24386,0,0,0,2.1054320987654322,2132907
24387,0,0,0,2.1055555555555556,2132907
24388,0,0,0,2.105679012345679,2132907
24389,0,0,0,2.1058024691358024,2132907
24390,0,0,0,2.1059259259259258,2132907
24391,0,0,0,2.1060493827160496,2132907
24392,0,0,0,2.106172839506173,2132907
24393,0,0,0,2.1062962962962963,2132907
24394,2,2,0,2.1064197530864197,2132909
24395,0,0,0,2.106543209876543,2132909
24396,0,0,0,2.1066666666666665,2132909
24397,1,1,0,2.1067901234567903,2132910
24398,4611,2832,9,2.1058024691358024,2137521
24399,0,0,0,2.1059259259259258,2137521
24400,0,0,0,2.1060493827160496,2137521
24401,18,18,0,2.106172839506173,2137539
24402,0,0,0,2.1062962962962963,2137539
24403,0,0,0,2.1064197530864197,2137539
24404,0,0,0,2.106543209876543,2137539
24405,0,0,0,2.1066666666666665,2137539
24406,0,0,0,2.1067901234567903,2137539
24407,0,0,0,2.1069135802469137,2137539
24408,0,0,0,2.107037037037037,2137539
24409,0,0,0,2.1071604938271604,2137539
24410,7,7,0,2.107283950617284,2137546
24411,0,0,0,2.1074074074074076,2137546
24412,0,0,0,2.107530864197531,2137546
24413,0,0,0,2.1076543209876544,2137546
24414,1,1,0,2.1077777777777778,2137547
24415,0,0,0,2.107901234567901,2137547
24416,0,0,0,2.1080246913580245,2137547
24417,0,0,0,2.1081481481481483,2137547
24418,0,0,0,2.1082716049382717,2137547
24419,95,78,0,2.108395061728395,2137642
24420,3619,2812,4,2.1080246913580245,2141261
24421,0,0,0,2.1081481481481483,2141261
24422,0,0,0,2.1082716049382717,2141261
24423,0,0,0,2.108395061728395,2141261
24424,55,46,0,2.1085185185185185,2141316
24425,0,0,0,2.108641975308642,2141316
24426,3,3,0,2.108765432098765,2141319
24427,0,0,0,2.108888888888889,2141319
24428,0,0,0,2.1090123456790124,2141319
24429,2,2,0,2.109135802469136,2141321
24430,0,0,0,2.109259259259259,2141321
24431,0,0,0,2.1093827160493825,2141321
24432,0,0,0,2.1095061728395064,2141321
24433,7,7,0,2.1096296296296297,2141328
24434,0,0,0,2.109753086419753,2141328
24435,0,0,0,2.1098765432098765,2141328
24436,400,272,0,2.11,2141728
24437,0,0,0,2.1101234567901233,2141728
24438,0,0,0,2.110246913580247,2141728
24439,0,0,0,2.1103703703703705,2141728
24440,1174,873,0,2.110493827160494,2142902
24441,0,0,0,2.110617283950617,2142902
24442,0,0,0,2.1107407407407406,2142902
24443,0,0,0,2.1108641975308644,2142902
24444,63,63,6,2.110246913580247,2142965
24445,1885,1871,8,2.1093827160493825,2144850
24446,678,678,0,2.1095061728395064,2145528
24447,257,231,4,2.109135802469136,2145785
24448,0,0,0,2.109259259259259,2145785
24449,0,0,0,2.1093827160493825,2145785
24450,0,0,0,2.1095061728395064,2145785
24451,0,0,0,2.1096296296296297,2145785
24452,0,0,0,2.109753086419753,2145785
24453,0,0,0,2.1098765432098765,2145785
24454,0,0,0,2.11,2145785
24455,0,0,0,2.1101234567901233,2145785
24456,0,0,0,2.110246913580247,2145785
24457,4235,2867,12,2.108888888888889,2150020
24458,5,5,0,2.1090123456790124,2150025
24459,29,29,0,2.109135802469136,2150054
24460,0,0,0,2.109259259259259,2150054
24461,0,0,0,2.1093827160493825,2150054
24462,0,0,0,2.1095061728395064,2150054
24463,0,0,0,2.1096296296296297,2150054
24464,859,857,8,2.108765432098765,2150913
24465,0,0,0,2.108888888888889,2150913
24466,163,119,0,2.1090123456790124,2151076
24467,11,11,0,2.109135802469136,2151087
24468,0,0,0,2.109259259259259,2151087
24469,0,0,0,2.1093827160493825,2151087
24470,125,125,0,2.1095061728395064,2151212
24471,0,0,0,2.1096296296296297,2151212
24472,1109,668,2,2.1095061728395064,2152321
24473,135,119,4,2.109135802469136,2152456
24474,0,0,0,2.109259259259259,2152456
24475,54,54,0,2.1093827160493825,2152510
24476,0,0,0,2.1095061728395064,2152510
24477,0,0,0,2.1096296296296297,2152510
24478,0,0,0,2.109753086419753,2152510
24479,1439,1439,5,2.109259259259259,2153949
24480,0,0,0,2.1093827160493825,2153949
24481,0,0,0,2.1095061728395064,2153949
24482,0,0,0,2.1096296296296297,2153949
24483,0,0,0,2.109753086419753,2153949
24484,0,0,0,2.1098765432098765,2153949
24485,426,404,3,2.1096296296296297,2154375
24486,0,0,0,2.109753086419753,2154375
24487,0,0,0,2.1098765432098765,2154375
24488,0,0,0,2.11,2154375
24489,5,5,0,2.1101234567901233,2154380
24490,0,0,0,2.110246913580247,2154380
24491,0,0,0,2.1103703703703705,2154380
24492,38,38,0,2.110493827160494,2154418
24493,0,0,0,2.110617283950617,2154418
24494,0,0,0,2.1107407407407406,2154418
24495,0,0,0,2.1108641975308644,2154418
24496,472,323,0,2.110987654320988,2154890
24497,0,0,0,2.111111111111111,2154890
24498,0,0,0,2.1112345679012345,2154890
24499,0,0,0,2.111358024691358,2154890
24500,0,0,0,2.1114814814814813,2154890
24501,36,26,0,2.111604938271605,2154926
24502,71,71,0,2.1117283950617285,2154997
24503,0,0,0,2.111851851851852,2154997
24504,0,0,0,2.1119753086419752,2154997
24505,321,303,0,2.1120987654320986,2155318
24506,0,0,0,2.112222222222222,2155318
24507,3695,2756,23,2.1095061728395064,2159013
24508,0,0,0,2.1096296296296297,2159013
24509,0,0,0,2.109753086419753,2159013
24510,0,0,0,2.1098765432098765,2159013
24511,139,139,1,2.1098765432098765,2159152
24512,0,0,0,2.11,2159152
24513,0,0,0,2.1101234567901233,2159152
24514,0,0,0,2.110246913580247,2159152
24515,0,0,0,2.1103703703703705,2159152
24516,0,0,0,2.110493827160494,2159152
24517,8,8,0,2.110617283950617,2159160
24518,105,81,0,2.1107407407407406,2159265
24519,0,0,0,2.1108641975308644,2159265
24520,1,1,0,2.110987654320988,2159266
24521,1049,849,26,2.107901234567901,2160315
24522,0,0,0,2.1080246913580245,2160315
24523,0,0,0,2.1081481481481483,2160315
24524,31,31,0,2.1082716049382717,2160346
24525,43,34,2,2.1081481481481483,2160389
24526,0,0,0,2.1082716049382717,2160389
24527,0,0,0,2.108395061728395,2160389
24528,0,0,0,2.1085185185185185,2160389
24529,11,11,0,2.108641975308642,2160400
24530,0,0,0,2.108765432098765,2160400
24531,1,1,0,2.108888888888889,2160401
24532,14,14,0,2.1090123456790124,2160415
24533,1303,896,16,2.1071604938271604,2161718
24534,0,0,0,2.107283950617284,2161718
24535,2,2,0,2.1074074074074076,2161720
24536,0,0,0,2.107530864197531,2161720
24537,0,0,0,2.1076543209876544,2161720
24538,127,127,5,2.1071604938271604,2161847
24539,1387,1213,3,2.1069135802469137,2163234
24540,0,0,0,2.107037037037037,2163234
24541,0,0,0,2.1071604938271604,2163234
24542,3,3,0,2.107283950617284,2163237
24543,0,0,0,2.1074074074074076,2163237
24544,15,15,0,2.107530864197531,2163252
24545,0,0,0,2.1076543209876544,2163252
24546,1735,1733,0,2.1077777777777778,2164987
24547,0,0,0,2.107901234567901,2164987
24548,161,122,0,2.1080246913580245,2165148
24549,0,0,0,2.1081481481481483,2165148
24550,69,69,5,2.1076543209876544,2165217
24551,0,0,0,2.1077777777777778,2165217
24552,0,0,0,2.107901234567901,2165217
24553,246,184,3,2.1076543209876544,2165463
24554,72,63,0,2.1077777777777778,2165535
24555,121,121,6,2.1071604938271604,2165656
24556,1,1,0,2.107283950617284,2165657
24557,0,0,0,2.1074074074074076,2165657
24558,0,0,0,2.107530864197531,2165657
24559,0,0,0,2.1076543209876544,2165657
24560,1,1,1,2.1076543209876544,2165658
24561,544,353,0,2.1077777777777778,2166202
24562,3,3,0,2.107901234567901,2166205
24563,0,0,0,2.1080246913580245,2166205
24564,6601,3654,8,2.1071604938271604,2172806
24565,6,6,3,2.1069135802469137,2172812
24566,0,0,0,2.107037037037037,2172812
24567,0,0,0,2.1071604938271604,2172812
24568,0,0,0,2.107283950617284,2172812
24569,0,0,0,2.1074074074074076,2172812
24570,0,0,0,2.107530864197531,2172812
24571,121,99,0,2.1076543209876544,2172933
24572,0,0,0,2.1077777777777778,2172933
24573,923,923,4,2.1074074074074076,2173856
24574,0,0,0,2.107530864197531,2173856
24575,1,1,0,2.1076543209876544,2173857
24576,0,0,0,2.1077777777777778,2173857
24577,1,1,0,2.107901234567901,2173858
24578,0,0,0,2.1080246913580245,2173858
24579,47,41,3,2.1077777777777778,2173905
24580,4,4,0,2.107901234567901,2173909
24581,1,1,0,2.1080246913580245,2173910
24582,0,0,0,2.1081481481481483,2173910
24583,0,0,0,2.1082716049382717,2173910
24584,1,1,0,2.108395061728395,2173911
24585,3183,3183,16,2.106543209876543,2177094
24586,0,0,0,2.1066666666666665,2177094
24587,0,0,0,2.1067901234567903,2177094
24588,0,0,0,2.1069135802469137,2177094
24589,451,335,0,2.107037037037037,2177545
24590,0,0,0,2.1071604938271604,2177545
24591,0,0,0,2.107283950617284,2177545
24592,5,5,0,2.1074074074074076,2177550
24593,461,461,0,2.107530864197531,2178011
24594,366,366,3,2.107283950617284,2178377
24595,0,0,0,2.1074074074074076,2178377
24596,0,0,0,2.107530864197531,2178377
24597,0,0,0,2.1076543209876544,2178377
24598,1,1,0,2.1077777777777778,2178378
24599,0,0,0,2.107901234567901,2178378
24600,0,0,0,2.1080246913580245,2178378
24601,0,0,0,2.1081481481481483,2178378
24602,0,0,0,2.1082716049382717,2178378
24603,0,0,0,2.108395061728395,2178378
24604,0,0,0,2.1085185185185185,2178378
24605,0,0,0,2.108641975308642,2178378
24606,150,150,0,2.108765432098765,2178528
24607,2,2,0,2.108888888888889,2178530
24608,0,0,0,2.1090123456790124,2178530
24609,0,0,0,2.109135802469136,2178530
24610,44,44,0,2.109259259259259,2178574
24611,1546,1120,5,2.108765432098765,2180120
24612,0,0,0,2.108888888888889,2180120
24613,0,0,0,2.1090123456790124,2180120
24614,0,0,0,2.109135802469136,2180120
24615,0,0,0,2.109259259259259,2180120
24616,3512,2715,5,2.108765432098765,2183632
24617,0,0,0,2.108888888888889,2183632
24618,0,0,0,2.1090123456790124,2183632
24619,6089,4829,16,2.1071604938271604,2189721
24620,0,0,0,2.107283950617284,2189721
24621,228,186,5,2.1067901234567903,2189949
24622,1,1,0,2.1069135802469137,2189950
24623,0,0,0,2.107037037037037,2189950
24624,3,3,2,2.1069135802469137,2189953
24625,0,0,0,2.107037037037037,2189953
24626,0,0,0,2.1071604938271604,2189953
24627,11,11,0,2.107283950617284,2189964
24628,5,5,0,2.1074074074074076,2189969
24629,0,0,0,2.107530864197531,2189969
24630,0,0,0,2.1076543209876544,2189969
24631,0,0,0,2.1077777777777778,2189969
24632,0,0,0,2.107901234567901,2189969
24633,61,61,0,2.1080246913580245,2190030
24634,2,2,0,2.1081481481481483,2190032
24635,0,0,0,2.1082716049382717,2190032
24636,0,0,0,2.108395061728395,2190032
24637,22,22,0,2.1085185185185185,2190054
24638,0,0,0,2.108641975308642,2190054
24639,0,0,0,2.108765432098765,2190054
24640,0,0,0,2.108888888888889,2190054
24641,2,2,0,2.1090123456790124,2190056
24642,4,4,0,2.109135802469136,2190060
24643,0,0,0,2.109259259259259,2190060
24644,0,0,0,2.1093827160493825,2190060
24645,0,0,0,2.1095061728395064,2190060
24646,0,0,0,2.1096296296296297,2190060
24647,0,0,0,2.109753086419753,2190060
24648,26,26,0,2.1098765432098765,2190086
24649,5,5,0,2.11,2190091
24650,0,0,0,2.1101234567901233,2190091
24651,1412,1041,0,2.110246913580247,2191503
24652,30,30,4,2.1098765432098765,2191533
24653,0,0,0,2.11,2191533
24654,3,3,0,2.1101234567901233,2191536
24655,0,0,0,2.110246913580247,2191536
24656,1,1,0,2.1103703703703705,2191537
24657,2,2,0,2.110493827160494,2191539
24658,0,0,0,2.110617283950617,2191539
24659,226,226,2,2.110493827160494,2191765
24660,8,8,0,2.110617283950617,2191773
24661,0,0,0,2.1107407407407406,2191773
24662,0,0,0,2.1108641975308644,2191773
24663,5834,2931,13,2.1093827160493825,2197607
24664,53,53,0,2.1095061728395064,2197660
24665,0,0,0,2.1096296296296297,2197660
24666,0,0,0,2.109753086419753,2197660
24667,0,0,0,2.1098765432098765,2197660
24668,0,0,0,2.11,2197660
24669,1743,1697,4,2.1096296296296297,2199403
24670,236,235,4,2.109259259259259,2199639
24671,2979,1650,7,2.1085185185185185,2202618
24672,0,0,0,2.108641975308642,2202618
24673,0,0,0,2.108765432098765,2202618
24674,395,395,0,2.108888888888889,2203013
24675,0,0,0,2.1090123456790124,2203013
24676,0,0,0,2.109135802469136,2203013
24677,0,0,0,2.109259259259259,2203013
24678,0,0,0,2.1093827160493825,2203013
24679,0,0,0,2.1095061728395064,2203013
24680,3768,2021,10,2.108395061728395,2206781
24681,436,295,0,2.1085185185185185,2207217
24682,0,0,0,2.108641975308642,2207217
24683,0,0,0,2.108765432098765,2207217
24684,0,0,0,2.108888888888889,2207217
24685,0,0,0,2.1090123456790124,2207217
24686,4,4,0,2.109135802469136,2207221
24687,88,88,0,2.109259259259259,2207309
24688,0,0,0,2.1093827160493825,2207309
24689,0,0,0,2.1095061728395064,2207309
24690,2467,2347,4,2.109135802469136,2209776
24691,0,0,0,2.109259259259259,2209776
24692,0,0,0,2.1093827160493825,2209776
24693,0,0,0,2.1095061728395064,2209776
24694,38,38,0,2.1096296296296297,2209814
24695,0,0,0,2.109753086419753,2209814
24696,660,570,3,2.1095061728395064,2210474
24697,0,0,0,2.1096296296296297,2210474
24698,0,0,0,2.109753086419753,2210474
24699,0,0,0,2.1098765432098765,2210474
24700,6041,3724,8,2.1090123456790124,2216515
24701,0,0,0,2.109135802469136,2216515
24702,2,2,0,2.109259259259259,2216517
24703,2,2,0,2.1093827160493825,2216519
24704,0,0,0,2.1095061728395064,2216519
24705,1467,821,6,2.108888888888889,2217986
24706,26,26,0,2.1090123456790124,2218012
24707,138,138,0,2.109135802469136,2218150
24708,16,16,0,2.109259259259259,2218166
24709,0,0,0,2.1093827160493825,2218166
24710,0,0,0,2.1095061728395064,2218166
24711,7,7,0,2.1096296296296297,2218173
24712,0,0,0,2.109753086419753,2218173
24713,0,0,0,2.1098765432098765,2218173
24714,34,34,0,2.11,2218207
24715,2208,1824,4,2.1096296296296297,2220415
24716,217,217,0,2.109753086419753,2220632
24717,0,0,0,2.1098765432098765,2220632
24718,0,0,0,2.11,2220632
24719,0,0,0,2.1101234567901233,2220632
24720,0,0,0,2.110246913580247,2220632
24721,0,0,0,2.1103703703703705,2220632
24722,3780,2860,5,2.1098765432098765,2224412
24723,0,0,0,2.11,2224412
24724,0,0,0,2.1101234567901233,2224412
24725,0,0,0,2.110246913580247,2224412
24726,0,0,0,2.1103703703703705,2224412
24727,0,0,0,2.110493827160494,2224412
24728,0,0,0,2.110617283950617,2224412
24729,1246,1246,1,2.110617283950617,2225658
24730,0,0,0,2.1107407407407406,2225658
24731,29,29,0,2.1108641975308644,2225687
24732,28,28,0,2.110987654320988,2225715
24733,0,0,0,2.111111111111111,2225715
24734,0,0,0,2.1112345679012345,2225715
24735,0,0,0,2.111358024691358,2225715
24736,0,0,0,2.1114814814814813,2225715
24737,1617,1616,1,2.1114814814814813,2227332
24738,0,0,0,2.111604938271605,2227332
24739,6,6,0,2.1117283950617285,2227338
24740,0,0,0,2.111851851851852,2227338
24741,16,16,5,2.111358024691358,2227354
24742,3,3,0,2.1114814814814813,2227357
24743,0,0,0,2.111604938271605,2227357
24744,377,377,7,2.1108641975308644,2227734
24745,0,0,0,2.110987654320988,2227734
24746,0,0,0,2.111111111111111,2227734
24747,27,27,2,2.110987654320988,2227761
24748,1,1,0,2.111111111111111,2227762
24749,0,0,0,2.1112345679012345,2227762
24750,2,2,0,2.111358024691358,2227764
24751,0,0,0,2.1114814814814813,2227764
24752,0,0,0,2.111604938271605,2227764
24753,0,0,0,2.1117283950617285,2227764
24754,1,1,0,2.111851851851852,2227765
24755,0,0,0,2.1119753086419752,2227765
24756,0,0,0,2.1120987654320986,2227765
24757,0,0,0,2.112222222222222,2227765
24758,0,0,0,2.112345679012346,2227765
24759,0,0,0,2.112469135802469,2227765
24760,52,51,0,2.1125925925925926,2227817
24761,0,0,0,2.112716049382716,2227817
24762,8,8,3,2.112469135802469,2227825
24763,6,6,1,2.112469135802469,2227831
24764,8,7,0,2.1125925925925926,2227839
24765,0,0,0,2.112716049382716,2227839
24766,0,0,0,2.1128395061728393,2227839
24767,37,37,0,2.112962962962963,2227876
24768,357,357,0,2.1130864197530865,2228233
24769,0,0,0,2.11320987654321,2228233
24770,0,0,0,2.1133333333333333,2228233
24771,1,1,0,2.1134567901234567,2228234
24772,0,0,0,2.11358024691358,2228234
24773,105,105,0,2.113703703703704,2228339
24774,1725,1725,0,2.1138271604938272,2230064
24775,0,0,0,2.1139506172839506,2230064
24776,234,233,0,2.114074074074074,2230298
24777,3,3,0,2.1141975308641974,2230301
24778,0,0,0,2.114320987654321,2230301
24779,0,0,0,2.1144444444444446,2230301
24780,0,0,0,2.114567901234568,2230301
24781,0,0,0,2.1146913580246913,2230301
24782,0,0,0,2.1148148148148147,2230301
24783,2,2,0,2.114938271604938,2230303
24784,0,0,0,2.115061728395062,2230303
24785,314,196,3,2.1148148148148147,2230617
24786,0,0,0,2.114938271604938,2230617
24787,4,4,0,2.115061728395062,2230621
24788,1,1,1,2.115061728395062,2230622
24789,0,0,0,2.1151851851851853,2230622
24790,0,0,0,2.1153086419753087,2230622
24791,0,0,0,2.115432098765432,2230622
24792,1,1,0,2.1155555555555554,2230623
24793,4,4,0,2.1156790123456792,2230627
24794,1735,1492,2,2.1155555555555554,2232362
24795,0,0,0,2.1156790123456792,2232362
24796,2,2,0,2.1158024691358026,2232364
24797,858,606,3,2.1155555555555554,2233222
24798,10,10,4,2.1151851851851853,2233232
24799,0,0,0,2.1153086419753087,2233232
24800,0,0,0,2.115432098765432,2233232
24801,0,0,0,2.1155555555555554,2233232
24802,1,1,0,2.1156790123456792,2233233
24803,0,0,0,2.1158024691358026,2233233
24804,2,2,0,2.115925925925926,2233235
24805,242,242,9,2.114938271604938,2233477
24806,15803,4807,29,2.1114814814814813,2249280
24807,0,0,0,2.111604938271605,2249280
24808,0,0,0,2.1117283950617285,2249280
24809,131,114,0,2.111851851851852,2249411
24810,0,0,0,2.1119753086419752,2249411
24811,0,0,0,2.1120987654320986,2249411
24812,237,155,0,2.112222222222222,2249648
24813,37,37,0,2.112345679012346,2249685
24814,0,0,0,2.112469135802469,2249685
24815,0,0,0,2.1125925925925926,2249685
24816,2,2,0,2.112716049382716,2249687
24817,0,0,0,2.1128395061728393,2249687
24818,353,348,6,2.112222222222222,2250040
24819,0,0,0,2.112345679012346,2250040
24820,1,1,1,2.112345679012346,2250041
24821,0,0,0,2.112469135802469,2250041
24822,0,0,0,2.1125925925925926,2250041
24823,3,3,0,2.112716049382716,2250044
24824,2,2,0,2.1128395061728393,2250046
24825,376,376,22,2.110246913580247,2250422
24826,210,210,0,2.1103703703703705,2250632
24827,0,0,0,2.110493827160494,2250632
24828,560,558,3,2.110246913580247,2251192
24829,0,0,0,2.1103703703703705,2251192
24830,32,32,0,2.110493827160494,2251224
24831,0,0,0,2.110617283950617,2251224
24832,19,19,5,2.1101234567901233,2251243
24833,0,0,0,2.110246913580247,2251243
24834,0,0,0,2.1103703703703705,2251243
24835,0,0,0,2.110493827160494,2251243
24836,0,0,0,2.110617283950617,2251243
24837,0,0,0,2.1107407407407406,2251243
24838,0,0,0,2.1108641975308644,2251243
24839,0,0,0,2.110987654320988,2251243
24840,7,7,0,2.111111111111111,2251250
24841,0,0,0,2.1112345679012345,2251250
24842,0,0,0,2.111358024691358,2251250
24843,0,0,0,2.1114814814814813,2251250
24844,0,0,0,2.111604938271605,2251250
24845,0,0,0,2.1117283950617285,2251250
24846,0,0,0,2.111851851851852,2251250
24847,0,0,0,2.1119753086419752,2251250
24848,1989,1898,12,2.110617283950617,2253239
24849,0,0,0,2.1107407407407406,2253239
24850,0,0,0,2.1108641975308644,2253239
24851,395,394,5,2.1103703703703705,2253634
24852,0,0,0,2.110493827160494,2253634
24853,272,263,1,2.110493827160494,2253906
24854,0,0,0,2.110617283950617,2253906
24855,0,0,0,2.1107407407407406,2253906
24856,33,33,0,2.1108641975308644,2253939
24857,0,0,0,2.110987654320988,2253939
24858,0,0,0,2.111111111111111,2253939
24859,0,0,0,2.1112345679012345,2253939
24860,0,0,0,2.111358024691358,2253939
24861,3574,1601,7,2.110617283950617,2257513
24862,74,74,0,2.1107407407407406,2257587
24863,3,3,0,2.1108641975308644,2257590
24864,244,239,0,2.110987654320988,2257834
24865,0,0,0,2.111111111111111,2257834
24866,2,2,1,2.111111111111111,2257836
24867,7471,2703,28,2.1077777777777778,2265307
24868,0,0,0,2.107901234567901,2265307
24869,0,0,0,2.1080246913580245,2265307
24870,0,0,0,2.1081481481481483,2265307
24871,36,28,5,2.1076543209876544,2265343
24872,7,7,0,2.1077777777777778,2265350
24873,29,29,0,2.107901234567901,2265379
24874,0,0,0,2.1080246913580245,2265379
24875,97,83,0,2.1081481481481483,2265476
24876,2623,2041,3,2.107901234567901,2268099
24877,239,239,5,2.1074074074074076,2268338
24878,16,16,0,2.107530864197531,2268354
24879,275,273,8,2.1066666666666665,2268629
24880,63,63,0,2.1067901234567903,2268692
24881,0,0,0,2.1069135802469137,2268692
24882,0,0,0,2.107037037037037,2268692
24883,54,54,0,2.1071604938271604,2268746
24884,0,0,0,2.107283950617284,2268746
24885,453,453,22,2.1046913580246915,2269199
24886,0,0,0,2.104814814814815,2269199
24887,0,0,0,2.1049382716049383,2269199
24888,0,0,0,2.1050617283950617,2269199
24889,849,575,23,2.1023456790123456,2270048
24890,5884,3258,11,2.101111111111111,2275932
24891,62,62,1,2.101111111111111,2275994
24892,0,0,0,2.1012345679012348,2275994
24893,34,34,0,2.101358024691358,2276028
24894,306,306,0,2.1014814814814815,2276334
24895,1,1,1,2.1014814814814815,2276335
24896,0,0,0,2.101604938271605,2276335
24897,19,19,6,2.1009876543209876,2276354
24898,0,0,0,2.101111111111111,2276354
24899,700,700,0,2.1012345679012348,2277054
24900,0,0,0,2.101358024691358,2277054
24901,0,0,0,2.1014814814814815,2277054
24902,1,1,0,2.101604938271605,2277055
24903,0,0,0,2.1017283950617283,2277055
24904,0,0,0,2.1018518518518516,2277055
24905,0,0,0,2.1019753086419755,2277055
24906,93,83,0,2.102098765432099,2277148
24907,7170,3505,5,2.101604938271605,2284318
24908,1,1,0,2.1017283950617283,2284319
24909,0,0,0,2.1018518518518516,2284319
24910,49,49,0,2.1019753086419755,2284368
24911,0,0,0,2.102098765432099,2284368
24912,121,121,0,2.102222222222222,2284489
24913,0,0,0,2.1023456790123456,2284489
24914,15,15,0,2.102469135802469,2284504
24915,0,0,0,2.102592592592593,2284504
24916,0,0,0,2.102716049382716,2284504
24917,0,0,0,2.1028395061728395,2284504
24918,2,2,0,2.102962962962963,2284506
24919,308,230,7,2.102222222222222,2284814
24920,0,0,0,2.1023456790123456,2284814
24921,0,0,0,2.102469135802469,2284814
24922,0,0,0,2.102592592592593,2284814
24923,7,7,0,2.102716049382716,2284821
24924,0,0,0,2.1028395061728395,2284821
24925,0,0,0,2.102962962962963,2284821
24926,818,616,0,2.1030864197530863,2285639
24927,0,0,0,2.1032098765432097,2285639
24928,0,0,0,2.1033333333333335,2285639
24929,0,0,0,2.103456790123457,2285639
24930,13,13,0,2.1035802469135803,2285652
24931,0,0,0,2.1037037037037036,2285652
24932,0,0,0,2.103827160493827,2285652
24933,37,29,0,2.103950617283951,2285689
24934,12,12,0,2.104074074074074,2285701
24935,64,57,0,2.1041975308641976,2285765
24936,31,31,1,2.1041975308641976,2285796
24937,0,0,0,2.104320987654321,2285796
24938,0,0,0,2.1044444444444443,2285796
24939,0,0,0,2.1045679012345677,2285796
24940,1,1,0,2.1046913580246915,2285797
24941,0,0,0,2.104814814814815,2285797
24942,2,2,0,2.1049382716049383,2285799
24943,0,0,0,2.1050617283950617,2285799
24944,33,33,2,2.1049382716049383,2285832
24945,0,0,0,2.1050617283950617,2285832
24946,0,0,0,2.105185185185185,2285832
24947,0,0,0,2.1053086419753084,2285832
24948,0,0,0,2.1054320987654322,2285832
24949,35,31,0,2.1055555555555556,2285867
24950,2753,2133,4,2.105185185185185,2288620
24951,4,4,1,2.105185185185185,2288624
24952,3,3,0,2.1053086419753084,2288627
24953,0,0,0,2.1054320987654322,2288627
24954,0,0,0,2.1055555555555556,2288627
24955,0,0,0,2.105679012345679,2288627
24956,0,0,0,2.1058024691358024,2288627
24957,0,0,0,2.1059259259259258,2288627
24958,0,0,0,2.1060493827160496,2288627
24959,0,0,0,2.106172839506173,2288627
24960,0,0,0,2.1062962962962963,2288627
24961,3649,1792,11,2.1050617283950617,2292276
24962,0,0,0,2.105185185185185,2292276
24963,0,0,0,2.1053086419753084,2292276
24964,8,8,0,2.1054320987654322,2292284
24965,1,1,1,2.1054320987654322,2292285
24966,0,0,0,2.1055555555555556,2292285
24967,63,45,0,2.105679012345679,2292348
24968,1460,993,2,2.1055555555555556,2293808
24969,2308,2001,4,2.105185185185185,2296116
24970,0,0,0,2.1053086419753084,2296116
24971,0,0,0,2.1054320987654322,2296116
24972,0,0,0,2.1055555555555556,2296116
24973,1,1,0,2.105679012345679,2296117
24974,0,0,0,2.1058024691358024,2296117
24975,165,165,7,2.1050617283950617,2296282
24976,5,5,0,2.105185185185185,2296287
24977,0,0,0,2.1053086419753084,2296287
24978,0,0,0,2.1054320987654322,2296287
24979,0,0,0,2.1055555555555556,2296287
24980,1,1,0,2.105679012345679,2296288
24981,0,0,0,2.1058024691358024,2296288
24982,0,0,0,2.1059259259259258,2296288
24983,0,0,0,2.1060493827160496,2296288
24984,1,1,0,2.106172839506173,2296289
24985,0,0,0,2.1062962962962963,2296289
24986,6,6,0,2.1064197530864197,2296295
24987,2,2,0,2.106543209876543,2296297
24988,0,0,0,2.1066666666666665,2296297
24989,0,0,0,2.1067901234567903,2296297
24990,1655,886,11,2.1055555555555556,2297952
24991,124,112,0,2.105679012345679,2298076
24992,0,0,0,2.1058024691358024,2298076
24993,5,5,0,2.1059259259259258,2298081
24994,0,0,0,2.1060493827160496,2298081
24995,0,0,0,2.106172839506173,2298081
24996,0,0,0,2.1062962962962963,2298081
24997,95,90,0,2.1064197530864197,2298176
24998,0,0,0,2.106543209876543,2298176
24999,291,265,6,2.1059259259259258,2298467
25000,6,6,1,2.1059259259259258,2298473
25001,0,0,0,2.1060493827160496,2298473
25002,0,0,0,2.106172839506173,2298473
25003,10,10,0,2.1062962962962963,2298483
25004,2,2,1,2.1062962962962963,2298485
25005,0,0,0,2.1064197530864197,2298485
25006,0,0,0,2.106543209876543,2298485
25007,29,29,2,2.1064197530864197,2298514
25008,17,17,0,2.106543209876543,2298531
25009,3,3,0,2.1066666666666665,2298534
25010,0,0,0,2.1067901234567903,2298534
25011,1,1,0,2.1069135802469137,2298535
25012,0,0,0,2.107037037037037,2298535
25013,7,7,0,2.1071604938271604,2298542
25014,0,0,0,2.107283950617284,2298542
25015,58,58,0,2.1074074074074076,2298600
25016,0,0,0,2.107530864197531,2298600
25017,0,0,0,2.1076543209876544,2298600
25018,703,703,0,2.1077777777777778,2299303
25019,120,114,0,2.107901234567901,2299423
25020,0,0,0,2.1080246913580245,2299423
25021,0,0,0,2.1081481481481483,2299423
25022,0,0,0,2.1082716049382717,2299423
25023,1,1,0,2.108395061728395,2299424
25024,0,0,0,2.1085185185185185,2299424
25025,0,0,0,2.108641975308642,2299424
25026,0,0,0,2.108765432098765,2299424
25027,0,0,0,2.108888888888889,2299424
25028,0,0,0,2.1090123456790124,2299424
25029,0,0,0,2.109135802469136,2299424
25030,0,0,0,2.109259259259259,2299424
25031,2,2,0,2.1093827160493825,2299426
25032,0,0,0,2.1095061728395064,2299426
25033,0,0,0,2.1096296296296297,2299426
25034,0,0,0,2.109753086419753,2299426
25035,13,13,0,2.1098765432098765,2299439
25036,0,0,0,2.11,2299439
25037,2,2,0,2.1101234567901233,2299441
25038,36,35,0,2.110246913580247,2299477
25039,0,0,0,2.1103703703703705,2299477
25040,0,0,0,2.110493827160494,2299477
25041,259,259,0,2.110617283950617,2299736
25042,0,0,0,2.1107407407407406,2299736
25043,23,23,0,2.1108641975308644,2299759
25044,1001,973,0,2.110987654320988,2300760
25045,0,0,0,2.111111111111111,2300760
25046,0,0,0,2.1112345679012345,2300760
25047,12,12,0,2.111358024691358,2300772
25048,112,107,0,2.1114814814814813,2300884
25049,84,84,9,2.110493827160494,2300968
25050,0,0,0,2.110617283950617,2300968
25051,0,0,0,2.1107407407407406,2300968
25052,0,0,0,2.1108641975308644,2300968
25053,0,0,0,2.110987654320988,2300968
25054,0,0,0,2.111111111111111,2300968
25055,3,3,0,2.1112345679012345,2300971
25056,3224,1578,4,2.1108641975308644,2304195
25057,0,0,0,2.110987654320988,2304195
25058,1,1,1,2.110987654320988,2304196
25059,0,0,0,2.111111111111111,2304196
25060,0,0,0,2.1112345679012345,2304196
25061,0,0,0,2.111358024691358,2304196
25062,0,0,0,2.1114814814814813,2304196
25063,22056,5163,16,2.1096296296296297,2326252
25064,0,0,0,2.109753086419753,2326252
25065,5,5,0,2.1098765432098765,2326257
25066,0,0,0,2.11,2326257
25067,0,0,0,2.1101234567901233,2326257
25068,0,0,0,2.110246913580247,2326257
25069,0,0,0,2.1103703703703705,2326257
25070,1,1,0,2.110493827160494,2326258
25071,0,0,0,2.110617283950617,2326258
25072,0,0,0,2.1107407407407406,2326258
25073,0,0,0,2.1108641975308644,2326258
25074,0,0,0,2.110987654320988,2326258
25075,0,0,0,2.111111111111111,2326258
25076,206,149,0,2.1112345679012345,2326464
25077,1,1,0,2.111358024691358,2326465
25078,0,0,0,2.1114814814814813,2326465
25079,20,20,0,2.111604938271605,2326485
25080,0,0,0,2.1117283950617285,2326485
25081,4836,1839,1,2.1117283950617285,2331321
25082,8,8,0,2.111851851851852,2331329
25083,0,0,0,2.1119753086419752,2331329
25084,6244,3142,11,2.1107407407407406,2337573
25085,20,20,0,2.1108641975308644,2337593
25086,1178,703,0,2.110987654320988,2338771
25087,5,5,0,2.111111111111111,2338776
25088,7,7,0,2.1112345679012345,2338783
25089,0,0,0,2.111358024691358,2338783
25090,49,43,0,2.1114814814814813,2338832
25091,85,85,0,2.111604938271605,2338917
25092,0,0,0,2.1117283950617285,2338917
25093,0,0,0,2.111851851851852,2338917
25094,3995,1808,4,2.1114814814814813,2342912
25095,0,0,0,2.111604938271605,2342912
25096,0,0,0,2.1117283950617285,2342912
25097,9,9,0,2.111851851851852,2342921
25098,0,0,0,2.1119753086419752,2342921
25099,88,83,0,2.1120987654320986,2343009
25100,1744,1612,8,2.1112345679012345,2344753
25101,0,0,0,2.111358024691358,2344753
25102,0,0,0,2.1114814814814813,2344753
25103,0,0,0,2.111604938271605,2344753
25104,0,0,0,2.1117283950617285,2344753
25105,287,287,0,2.111851851851852,2345040
25106,0,0,0,2.1119753086419752,2345040
25107,0,0,0,2.1120987654320986,2345040
25108,0,0,0,2.112222222222222,2345040
25109,0,0,0,2.112345679012346,2345040
25110,0,0,0,2.112469135802469,2345040
25111,440,440,2,2.112345679012346,2345480
25112,310,308,0,2.112469135802469,2345790
25113,83,76,3,2.112222222222222,2345873
25114,36,36,2,2.1120987654320986,2345909
25115,0,0,0,2.112222222222222,2345909
25116,0,0,0,2.112345679012346,2345909
25117,0,0,0,2.112469135802469,2345909
25118,0,0,0,2.1125925925925926,2345909
25119,0,0,0,2.112716049382716,2345909
25120,0,0,0,2.1128395061728393,2345909
25121,0,0,0,2.112962962962963,2345909
25122,438,438,1,2.112962962962963,2346347
25123,2786,2520,15,2.1112345679012345,2349133
25124,0,0,0,2.111358024691358,2349133
25125,0,0,0,2.1114814814814813,2349133
25126,0,0,0,2.111604938271605,2349133
25127,51,51,0,2.1117283950617285,2349184
25128,0,0,0,2.111851851851852,2349184
25129,0,0,0,2.1119753086419752,2349184
25130,0,0,0,2.1120987654320986,2349184
25131,0,0,0,2.112222222222222,2349184
25132,0,0,0,2.112345679012346,2349184
25133,55,55,0,2.112469135802469,2349239
25134,8,8,0,2.1125925925925926,2349247
25135,0,0,0,2.112716049382716,2349247
25136,0,0,0,2.1128395061728393,2349247
25137,0,0,0,2.112962962962963,2349247
25138,1,1,0,2.1130864197530865,2349248
25139,0,0,0,2.11320987654321,2349248
25140,69,47,2,2.1130864197530865,2349317
25141,0,0,0,2.11320987654321,2349317
25142,8,8,0,2.1133333333333333,2349325
25143,0,0,0,2.1134567901234567,2349325
25144,0,0,0,2.11358024691358,2349325
25145,0,0,0,2.113703703703704,2349325
25146,0,0,0,2.1138271604938272,2349325
25147,0,0,0,2.1139506172839506,2349325
25148,50,35,0,2.114074074074074,2349375
25149,0,0,0,2.1141975308641974,2349375
25150,8,8,0,2.114320987654321,2349383
25151,0,0,0,2.1144444444444446,2349383
25152,0,0,0,2.114567901234568,2349383
25153,0,0,0,2.1146913580246913,2349383
25154,921,725,8,2.1138271604938272,2350304
25155,0,0,0,2.1139506172839506,2350304
25156,0,0,0,2.114074074074074,2350304
25157,0,0,0,2.1141975308641974,2350304
25158,0,0,0,2.114320987654321,2350304
25159,0,0,0,2.1144444444444446,2350304
25160,63,62,7,2.113703703703704,2350367
25161,2,2,0,2.1138271604938272,2350369
25162,2,2,0,2.1139506172839506,2350371
25163,1,1,0,2.114074074074074,2350372
25164,181,181,0,2.1141975308641974,2350553
25165,0,0,0,2.114320987654321,2350553
25166,0,0,0,2.1144444444444446,2350553
25167,0,0,0,2.114567901234568,2350553
25168,0,0,0,2.1146913580246913,2350553
25169,2009,1992,0,2.1148148148148147,2352562
25170,571,516,11,2.11358024691358,2353133
25171,1,1,1,2.11358024691358,2353134
25172,0,0,0,2.113703703703704,2353134
25173,347,314,3,2.1134567901234567,2353481
25174,0,0,0,2.11358024691358,2353481
25175,14,14,3,2.1133333333333333,2353495
25176,0,0,0,2.1134567901234567,2353495
25177,158,158,3,2.11320987654321,2353653
25178,0,0,0,2.1133333333333333,2353653
25179,0,0,0,2.1134567901234567,2353653
25180,2859,2666,19,2.1112345679012345,2356512
25181,0,0,0,2.111358024691358,2356512
25182,43,35,0,2.1114814814814813,2356555
25183,4,4,0,2.111604938271605,2356559
25184,152,128,12,2.110246913580247,2356711
25185,0,0,0,2.1103703703703705,2356711
25186,0,0,0,2.110493827160494,2356711
25187,0,0,0,2.110617283950617,2356711
25188,314,310,4,2.110246913580247,2357025
25189,0,0,0,2.1103703703703705,2357025
25190,33,33,0,2.110493827160494,2357058
25191,0,0,0,2.110617283950617,2357058
25192,0,0,0,2.1107407407407406,2357058
25193,0,0,0,2.1108641975308644,2357058
25194,62,62,0,2.110987654320988,2357120
25195,0,0,0,2.111111111111111,2357120
25196,23,23,0,2.1112345679012345,2357143
25197,0,0,0,2.111358024691358,2357143
25198,127,127,0,2.1114814814814813,2357270
25199,292,232,6,2.1108641975308644,2357562
25200,105,82,0,2.110987654320988,2357667
25201,1,1,0,2.111111111111111,2357668
25202,1,1,0,2.1112345679012345,2357669
25203,195,195,0,2.111358024691358,2357864
25204,0,0,0,2.1114814814814813,2357864
25205,0,0,0,2.111604938271605,2357864
25206,0,0,0,2.1117283950617285,2357864
25207,0,0,0,2.111851851851852,2357864
25208,0,0,0,2.1119753086419752,2357864
25209,2,2,0,2.1120987654320986,2357866
25210,0,0,0,2.112222222222222,2357866
25211,0,0,0,2.112345679012346,2357866
25212,1321,944,7,2.111604938271605,2359187
25213,37,36,0,2.1117283950617285,2359224
25214,148,117,0,2.111851851851852,2359372
25215,1220,1220,3,2.111604938271605,2360592
25216,0,0,0,2.1117283950617285,2360592
25217,0,0,0,2.111851851851852,2360592
25218,1133,1117,4,2.1114814814814813,2361725
25219,0,0,0,2.111604938271605,2361725
25220,42,41,0,2.1117283950617285,2361767
25221,56,56,0,2.111851851851852,2361823
25222,21,19,0,2.1119753086419752,2361844
25223,159,159,0,2.1120987654320986,2362003
25224,3433,2057,3,2.111851851851852,2365436
25225,0,0,0,2.1119753086419752,2365436
25226,0,0,0,2.1120987654320986,2365436
25227,0,0,0,2.112222222222222,2365436
25228,0,0,0,2.112345679012346,2365436
25229,0,0,0,2.112469135802469,2365436
25230,0,0,0,2.1125925925925926,2365436
25231,0,0,0,2.112716049382716,2365436
25232,0,0,0,2.1128395061728393,2365436
25233,1,1,0,2.112962962962963,2365437
25234,0,0,0,2.1130864197530865,2365437
25235,0,0,0,2.11320987654321,2365437
25236,0,0,0,2.1133333333333333,2365437
25237,0,0,0,2.1134567901234567,2365437
25238,4,4,2,2.1133333333333333,2365441
25239,0,0,0,2.1134567901234567,2365441
25240,3710,2200,10,2.112345679012346,2369151
25241,6,6,0,2.112469135802469,2369157
25242,3490,3170,3,2.112222222222222,2372647
25243,0,0,0,2.112345679012346,2372647
25244,1,1,0,2.112469135802469,2372648
25245,7,7,0,2.1125925925925926,2372655
25246,0,0,0,2.112716049382716,2372655
25247,0,0,0,2.1128395061728393,2372655
25248,195,169,0,2.112962962962963,2372850
25249,0,0,0,2.1130864197530865,2372850
25250,61,61,0,2.11320987654321,2372911
25251,576,401,6,2.1125925925925926,2373487
25252,0,0,0,2.112716049382716,2373487
25253,0,0,0,2.1128395061728393,2373487
25254,110,79,4,2.112469135802469,2373597
25255,0,0,0,2.1125925925925926,2373597
25256,0,0,0,2.112716049382716,2373597
25257,27,22,0,2.1128395061728393,2373624
25258,1,1,0,2.112962962962963,2373625
25259,114,114,0,2.1130864197530865,2373739
25260,1349,751,3,2.1128395061728393,2375088
25261,0,0,0,2.112962962962963,2375088
25262,0,0,0,2.1130864197530865,2375088
25263,0,0,0,2.11320987654321,2375088
25264,0,0,0,2.1133333333333333,2375088
25265,181,108,6,2.112716049382716,2375269
25266,801,774,0,2.1128395061728393,2376070
25267,463,453,3,2.1125925925925926,2376533
25268,0,0,0,2.112716049382716,2376533
25269,2,2,0,2.1128395061728393,2376535
25270,135,131,11,2.111604938271605,2376670
25271,0,0,0,2.1117283950617285,2376670
25272,0,0,0,2.111851851851852,2376670
25273,153,152,4,2.1114814814814813,2376823
25274,0,0,0,2.111604938271605,2376823
25275,0,0,0,2.1117283950617285,2376823
25276,432,332,13,2.110246913580247,2377255
25277,0,0,0,2.1103703703703705,2377255
25278,0,0,0,2.110493827160494,2377255
25279,0,0,0,2.110617283950617,2377255
25280,0,0,0,2.1107407407407406,2377255
25281,35,35,0,2.1108641975308644,2377290
25282,0,0,0,2.110987654320988,2377290
25283,108,108,0,2.111111111111111,2377398
25284,4412,2359,18,2.1090123456790124,2381810
25285,0,0,0,2.109135802469136,2381810
25286,24,24,0,2.109259259259259,2381834
25287,0,0,0,2.1093827160493825,2381834
25288,0,0,0,2.1095061728395064,2381834
25289,4,4,0,2.1096296296296297,2381838
25290,0,0,0,2.109753086419753,2381838
25291,4654,4654,19,2.107530864197531,2386492
25292,134,134,4,2.1071604938271604,2386626
25293,0,0,0,2.107283950617284,2386626
25294,355,205,0,2.1074074074074076,2386981
25295,2,2,0,2.107530864197531,2386983
25296,0,0,0,2.1076543209876544,2386983
25297,0,0,0,2.1077777777777778,2386983
25298,356,290,9,2.1067901234567903,2387339
25299,36,36,0,2.1069135802469137,2387375
25300,0,0,0,2.107037037037037,2387375
25301,0,0,0,2.1071604938271604,2387375
25302,6,6,0,2.107283950617284,2387381
25303,88,84,6,2.1066666666666665,2387469
25304,0,0,0,2.1067901234567903,2387469
25305,0,0,0,2.1069135802469137,2387469
25306,0,0,0,2.107037037037037,2387469
25307,2,2,0,2.1071604938271604,2387471
25308,0,0,0,2.107283950617284,2387471
25309,0,0,0,2.1074074074074076,2387471
25310,0,0,0,2.107530864197531,2387471
25311,0,0,0,2.1076543209876544,2387471
25312,0,0,0,2.1077777777777778,2387471
25313,0,0,0,2.107901234567901,2387471
25314,0,0,0,2.1080246913580245,2387471
25315,176,175,0,2.1081481481481483,2387647
25316,0,0,0,2.1082716049382717,2387647
25317,0,0,0,2.108395061728395,2387647
25318,0,0,0,2.1085185185185185,2387647
25319,2853,1720,2,2.108395061728395,2390500
25320,3,3,0,2.1085185185185185,2390503
25321,2,2,0,2.108641975308642,2390505
25322,0,0,0,2.108765432098765,2390505
25323,0,0,0,2.108888888888889,2390505
25324,85,75,0,2.1090123456790124,2390590
25325,1957,1957,1,2.1090123456790124,2392547
25326,0,0,0,2.109135802469136,2392547
25327,1050,984,0,2.109259259259259,2393597
25328,0,0,0,2.1093827160493825,2393597
25329,0,0,0,2.1095061728395064,2393597
25330,0,0,0,2.1096296296296297,2393597
25331,1,1,1,2.1096296296296297,2393598
25332,0,0,0,2.109753086419753,2393598
25333,2,2,0,2.1098765432098765,2393600
25334,0,0,0,2.11,2393600
25335,1,1,0,2.1101234567901233,2393601
25336,20,20,0,2.110246913580247,2393621
25337,0,0,0,2.1103703703703705,2393621
25338,55,51,6,2.109753086419753,2393676
25339,1,1,0,2.1098765432098765,2393677
25340,3575,2375,18,2.1077777777777778,2397252
25341,118,118,0,2.107901234567901,2397370
25342,2,2,2,2.1077777777777778,2397372
25343,2,2,0,2.107901234567901,2397374
25344,1558,955,2,2.1077777777777778,2398932
25345,0,0,0,2.107901234567901,2398932
25346,0,0,0,2.1080246913580245,2398932
25347,19,19,0,2.1081481481481483,2398951
25348,1,1,0,2.1082716049382717,2398952
25349,0,0,0,2.108395061728395,2398952
25350,0,0,0,2.1085185185185185,2398952
25351,0,0,0,2.108641975308642,2398952
25352,2,2,0,2.108765432098765,2398954
25353,4,4,0,2.108888888888889,2398958
25354,0,0,0,2.1090123456790124,2398958
25355,426,280,0,2.109135802469136,2399384
25356,44,44,0,2.109259259259259,2399428
25357,10,10,0,2.1093827160493825,2399438
25358,0,0,0,2.1095061728395064,2399438
25359,1,1,0,2.1096296296296297,2399439
25360,1,1,0,2.109753086419753,2399440
25361,3,3,2,2.1096296296296297,2399443
25362,21,21,2,2.1095061728395064,2399464
25363,31,31,0,2.1096296296296297,2399495
25364,0,0,0,2.109753086419753,2399495
25365,0,0,0,2.1098765432098765,2399495
25366,0,0,0,2.11,2399495
25367,5978,3105,21,2.107530864197531,2405473
25368,240,179,0,2.1076543209876544,2405713
25369,1,1,0,2.1077777777777778,2405714
25370,8,8,1,2.1077777777777778,2405722
25371,0,0,0,2.107901234567901,2405722
25372,0,0,0,2.1080246913580245,2405722
25373,0,0,0,2.1081481481481483,2405722
25374,45,45,0,2.1082716049382717,2405767
25375,7,7,0,2.108395061728395,2405774
25376,13,13,0,2.1085185185185185,2405787
25377,0,0,0,2.108641975308642,2405787
25378,0,0,0,2.108765432098765,2405787
25379,2,2,0,2.108888888888889,2405789
25380,0,0,0,2.1090123456790124,2405789
25381,645,645,0,2.109135802469136,2406434
25382,0,0,0,2.109259259259259,2406434
25383,0,0,0,2.1093827160493825,2406434
25384,1581,980,20,2.107037037037037,2408015
25385,434,422,7,2.1062962962962963,2408449
25386,0,0,0,2.1064197530864197,2408449
25387,0,0,0,2.106543209876543,2408449
25388,12,12,0,2.1066666666666665,2408461
25389,0,0,0,2.1067901234567903,2408461
25390,1507,964,2,2.1066666666666665,2409968
25391,314,243,0,2.1067901234567903,2410282
25392,3,3,0,2.1069135802469137,2410285
25393,0,0,0,2.107037037037037,2410285
25394,151,140,0,2.1071604938271604,2410436
25395,5,5,0,2.107283950617284,2410441
25396,0,0,0,2.1074074074074076,2410441
25397,0,0,0,2.107530864197531,2410441
25398,0,0,0,2.1076543209876544,2410441
25399,1548,1296,6,2.107037037037037,2411989
25400,957,957,0,2.1071604938271604,2412946
25401,0,0,0,2.107283950617284,2412946
25402,4,4,0,2.1074074074074076,2412950
25403,6,6,0,2.107530864197531,2412956
25404,169,168,0,2.1076543209876544,2413125
25405,0,0,0,2.1077777777777778,2413125
25406,0,0,0,2.107901234567901,2413125
25407,1,1,1,2.107901234567901,2413126
25408,0,0,0,2.1080246913580245,2413126
25409,0,0,0,2.1081481481481483,2413126
25410,16,14,0,2.1082716049382717,2413142
25411,0,0,0,2.108395061728395,2413142
25412,1026,724,0,2.1085185185185185,2414168
25413,0,0,0,2.108641975308642,2414168
25414,0,0,0,2.108765432098765,2414168
25415,0,0,0,2.108888888888889,2414168
25416,0,0,0,2.1090123456790124,2414168
25417,74,74,4,2.108641975308642,2414242
25418,5,5,0,2.108765432098765,2414247
25419,0,0,0,2.108888888888889,2414247
25420,0,0,0,2.1090123456790124,2414247
25421,0,0,0,2.109135802469136,2414247
25422,0,0,0,2.109259259259259,2414247
25423,324,324,0,2.1093827160493825,2414571
25424,225,210,0,2.1095061728395064,2414796
25425,9,9,0,2.1096296296296297,2414805
25426,0,0,0,2.109753086419753,2414805
25427,0,0,0,2.1098765432098765,2414805
25428,0,0,0,2.11,2414805
25429,0,0,0,2.1101234567901233,2414805
25430,0,0,0,2.110246913580247,2414805
25431,0,0,0,2.1103703703703705,2414805
25432,59,52,0,2.110493827160494,2414864
25433,0,0,0,2.110617283950617,2414864
25434,0,0,0,2.1107407407407406,2414864
25435,0,0,0,2.1108641975308644,2414864
25436,0,0,0,2.110987654320988,2414864
25437,7,7,0,2.111111111111111,2414871
25438,0,0,0,2.1112345679012345,2414871
25439,0,0,0,2.111358024691358,2414871
25440,10143,4408,17,2.1093827160493825,2425014
25441,0,0,0,2.1095061728395064,2425014
25442,18894,5895,60,2.102222222222222,2443908
25443,1,1,0,2.1023456790123456,2443909
25444,1,1,0,2.102469135802469,2443910
25445,60,60,0,2.102592592592593,2443970
25446,121,77,8,2.1017283950617283,2444091
25447,0,0,0,2.1018518518518516,2444091
25448,0,0,0,2.1019753086419755,2444091
25449,0,0,0,2.102098765432099,2444091
25450,0,0,0,2.102222222222222,2444091
25451,0,0,0,2.1023456790123456,2444091
25452,54,53,0,2.102469135802469,2444145
25453,839,839,0,2.102592592592593,2444984
25454,0,0,0,2.102716049382716,2444984
25455,1981,1219,0,2.1028395061728395,2446965
25456,0,0,0,2.102962962962963,2446965
25457,584,584,0,2.1030864197530863,2447549
25458,0,0,0,2.1032098765432097,2447549
25459,0,0,0,2.1033333333333335,2447549
25460,0,0,0,2.103456790123457,2447549
25461,0,0,0,2.1035802469135803,2447549
25462,0,0,0,2.1037037037037036,2447549
25463,0,0,0,2.103827160493827,2447549
25464,0,0,0,2.103950617283951,2447549
25465,0,0,0,2.104074074074074,2447549
25466,97,89,0,2.1041975308641976,2447646
25467,0,0,0,2.104320987654321,2447646
25468,0,0,0,2.1044444444444443,2447646
25469,0,0,0,2.1045679012345677,2447646
25470,0,0,0,2.1046913580246915,2447646
25471,0,0,0,2.104814814814815,2447646
25472,0,0,0,2.1049382716049383,2447646
25473,7,7,0,2.1050617283950617,2447653
25474,0,0,0,2.105185185185185,2447653
25475,0,0,0,2.1053086419753084,2447653
25476,2,2,0,2.1054320987654322,2447655
25477,630,562,2,2.1053086419753084,2448285
25478,1,1,0,2.1054320987654322,2448286
25479,2,2,0,2.1055555555555556,2448288
25480,0,0,0,2.105679012345679,2448288
25481,0,0,0,2.1058024691358024,2448288
25482,0,0,0,2.1059259259259258,2448288
25483,830,512,10,2.104814814814815,2449118
25484,79,76,3,2.1045679012345677,2449197
25485,80,78,0,2.1046913580246915,2449277
25486,0,0,0,2.104814814814815,2449277
25487,0,0,0,2.1049382716049383,2449277
25488,0,0,0,2.1050617283950617,2449277
25489,0,0,0,2.105185185185185,2449277
25490,1,1,0,2.1053086419753084,2449278
25491,4,4,0,2.1054320987654322,2449282
25492,0,0,0,2.1055555555555556,2449282
25493,0,0,0,2.105679012345679,2449282
25494,0,0,0,2.1058024691358024,2449282
25495,17,17,0,2.1059259259259258,2449299
25496,0,0,0,2.1060493827160496,2449299
25497,0,0,0,2.106172839506173,2449299
25498,0,0,0,2.1062962962962963,2449299
25499,0,0,0,2.1064197530864197,2449299
25500,0,0,0,2.106543209876543,2449299
25501,0,0,0,2.1066666666666665,2449299
25502,0,0,0,2.1067901234567903,2449299
25503,27,27,0,2.1069135802469137,2449326
25504,0,0,0,2.107037037037037,2449326
25505,1493,1493,0,2.1071604938271604,2450819
25506,0,0,0,2.107283950617284,2450819
25507,0,0,0,2.1074074074074076,2450819
25508,40,37,0,2.107530864197531,2450859
25509,0,0,0,2.1076543209876544,2450859
25510,1502,1502,1,2.1076543209876544,2452361
25511,0,0,0,2.1077777777777778,2452361
25512,174,154,5,2.107283950617284,2452535
25513,31,31,0,2.1074074074074076,2452566
25514,6,6,1,2.1074074074074076,2452572
25515,0,0,0,2.107530864197531,2452572
25516,0,0,0,2.1076543209876544,2452572
25517,1486,1032,0,2.1077777777777778,2454058
25518,0,0,0,2.107901234567901,2454058
25519,4,4,0,2.1080246913580245,2454062
25520,0,0,0,2.1081481481481483,2454062
25521,0,0,0,2.1082716049382717,2454062
25522,0,0,0,2.108395061728395,2454062
25523,0,0,0,2.1085185185185185,2454062
25524,0,0,0,2.108641975308642,2454062
25525,0,0,0,2.108765432098765,2454062
25526,236,171,11,2.107530864197531,2454298
25527,0,0,0,2.1076543209876544,2454298
25528,36,31,0,2.1077777777777778,2454334
25529,0,0,0,2.107901234567901,2454334
25530,21,17,0,2.1080246913580245,2454355
25531,0,0,0,2.1081481481481483,2454355
25532,248,187,0,2.1082716049382717,2454603
25533,64,50,0,2.108395061728395,2454667
25534,1873,1397,0,2.1085185185185185,2456540
25535,0,0,0,2.108641975308642,2456540
25536,669,530,0,2.108765432098765,2457209
25537,0,0,0,2.108888888888889,2457209
25538,1887,1874,0,2.1090123456790124,2459096
25539,2,2,0,2.109135802469136,2459098
25540,0,0,0,2.109259259259259,2459098
25541,5062,3504,2,2.109135802469136,2464160
25542,1,1,0,2.109259259259259,2464161
25543,0,0,0,2.1093827160493825,2464161
25544,10,10,0,2.1095061728395064,2464171
25545,414,378,4,2.109135802469136,2464585
25546,0,0,0,2.109259259259259,2464585
25547,0,0,0,2.1093827160493825,2464585
25548,0,0,0,2.1095061728395064,2464585
25549,0,0,0,2.1096296296296297,2464585
25550,0,0,0,2.109753086419753,2464585
25551,0,0,0,2.1098765432098765,2464585
25552,0,0,0,2.11,2464585
25553,0,0,0,2.1101234567901233,2464585
25554,0,0,0,2.110246913580247,2464585
25555,0,0,0,2.1103703703703705,2464585
25556,0,0,0,2.110493827160494,2464585
25557,38,38,0,2.110617283950617,2464623
25558,1,1,0,2.1107407407407406,2464624
25559,0,0,0,2.1108641975308644,2464624
25560,0,0,0,2.110987654320988,2464624
25561,949,630,11,2.109753086419753,2465573
25562,0,0,0,2.1098765432098765,2465573
25563,2,2,1,2.1098765432098765,2465575
25564,105,87,0,2.11,2465680
25565,15,14,0,2.1101234567901233,2465695
25566,0,0,0,2.110246913580247,2465695
25567,4,4,0,2.1103703703703705,2465699
25568,1027,1027,0,2.110493827160494,2466726
25569,758,672,0,2.110617283950617,2467484
25570,0,0,0,2.1107407407407406,2467484
25571,768,768,0,2.1108641975308644,2468252
25572,1121,894,0,2.110987654320988,2469373
25573,1,1,0,2.111111111111111,2469374
25574,0,0,0,2.1112345679012345,2469374
25575,0,0,0,2.111358024691358,2469374
25576,0,0,0,2.1114814814814813,2469374
25577,0,0,0,2.111604938271605,2469374
25578,0,0,0,2.1117283950617285,2469374
25579,0,0,0,2.111851851851852,2469374
25580,0,0,0,2.1119753086419752,2469374
25581,181,111,7,2.1112345679012345,2469555
25582,0,0,0,2.111358024691358,2469555
25583,0,0,0,2.1114814814814813,2469555
25584,173,171,0,2.111604938271605,2469728
25585,33,33,0,2.1117283950617285,2469761
25586,37,37,0,2.111851851851852,2469798
25587,11,11,0,2.1119753086419752,2469809
25588,0,0,0,2.1120987654320986,2469809
25589,0,0,0,2.112222222222222,2469809
25590,0,0,0,2.112345679012346,2469809
25591,0,0,0,2.112469135802469,2469809
25592,499,499,0,2.1125925925925926,2470308
25593,107,107,0,2.112716049382716,2470415
25594,0,0,0,2.1128395061728393,2470415
25595,0,0,0,2.112962962962963,2470415
25596,0,0,0,2.1130864197530865,2470415
25597,14,14,0,2.11320987654321,2470429
25598,0,0,0,2.1133333333333333,2470429
25599,3095,1427,19,2.111111111111111,2473524
25600,150,150,2,2.110987654320988,2473674
25601,0,0,0,2.111111111111111,2473674
25602,0,0,0,2.1112345679012345,2473674
25603,0,0,0,2.111358024691358,2473674
25604,23,23,0,2.1114814814814813,2473697
25605,0,0,0,2.111604938271605,2473697
25606,51,51,0,2.1117283950617285,2473748
25607,1,1,0,2.111851851851852,2473749
25608,0,0,0,2.1119753086419752,2473749
25609,4,4,0,2.1120987654320986,2473753
25610,0,0,0,2.112222222222222,2473753
25611,0,0,0,2.112345679012346,2473753
25612,0,0,0,2.112469135802469,2473753
25613,0,0,0,2.1125925925925926,2473753
25614,0,0,0,2.112716049382716,2473753
25615,0,0,0,2.1128395061728393,2473753
25616,47,47,0,2.112962962962963,2473800
25617,0,0,0,2.1130864197530865,2473800
25618,0,0,0,2.11320987654321,2473800
25619,35,35,0,2.1133333333333333,2473835
25620,1,1,0,2.1134567901234567,2473836
25621,1013,1011,2,2.1133333333333333,2474849
25622,0,0,0,2.1134567901234567,2474849
25623,0,0,0,2.11358024691358,2474849
25624,0,0,0,2.113703703703704,2474849
25625,421,312,0,2.1138271604938272,2475270
25626,0,0,0,2.1139506172839506,2475270
25627,1,1,0,2.114074074074074,2475271
25628,0,0,0,2.1141975308641974,2475271
25629,0,0,0,2.114320987654321,2475271
25630,0,0,0,2.1144444444444446,2475271
25631,28,28,0,2.114567901234568,2475299
25632,0,0,0,2.1146913580246913,2475299
25633,0,0,0,2.1148148148148147,2475299
25634,0,0,0,2.114938271604938,2475299
25635,3,3,0,2.115061728395062,2475302
25636,433,433,6,2.1144444444444446,2475735
25637,0,0,0,2.114567901234568,2475735
25638,0,0,0,2.1146913580246913,2475735
25639,4,4,0,2.1148148148148147,2475739
25640,0,0,0,2.114938271604938,2475739
25641,32,32,0,2.115061728395062,2475771
25642,4,4,0,2.1151851851851853,2475775
25643,3,3,0,2.1153086419753087,2475778
25644,0,0,0,2.115432098765432,2475778
25645,0,0,0,2.1155555555555554,2475778
25646,1,1,0,2.1156790123456792,2475779
25647,0,0,0,2.1158024691358026,2475779
25648,0,0,0,2.115925925925926,2475779
25649,0,0,0,2.1160493827160494,2475779
25650,3304,1903,5,2.1155555555555554,2479083
25651,1,1,0,2.1156790123456792,2479084
25652,0,0,0,2.1158024691358026,2479084
25653,28,23,5,2.1153086419753087,2479112
25654,169,138,6,2.1146913580246913,2479281
25655,0,0,0,2.1148148148148147,2479281
25656,0,0,0,2.114938271604938,2479281
25657,0,0,0,2.115061728395062,2479281
25658,3045,2726,8,2.1141975308641974,2482326
25659,32,30,0,2.114320987654321,2482358
25660,0,0,0,2.1144444444444446,2482358
25661,2,2,0,2.114567901234568,2482360
25662,0,0,0,2.1146913580246913,2482360
25663,0,0,0,2.1148148148148147,2482360
25664,0,0,0,2.114938271604938,2482360
25665,1,1,0,2.115061728395062,2482361
25666,0,0,0,2.1151851851851853,2482361
25667,0,0,0,2.1153086419753087,2482361
25668,2,2,0,2.115432098765432,2482363
25669,76,69,0,2.1155555555555554,2482439
25670,0,0,0,2.1156790123456792,2482439
25671,1,1,0,2.1158024691358026,2482440
25672,0,0,0,2.115925925925926,2482440
25673,0,0,0,2.1160493827160494,2482440
25674,0,0,0,2.1161728395061727,2482440
25675,0,0,0,2.116296296296296,2482440
25676,0,0,0,2.11641975308642,2482440
25677,0,0,0,2.1165432098765433,2482440
25678,0,0,0,2.1166666666666667,2482440
25679,9,9,0,2.11679012345679,2482449
25680,18,18,0,2.1169135802469135,2482467
25681,294,277,0,2.117037037037037,2482761
25682,0,0,0,2.1171604938271606,2482761
25683,0,0,0,2.117283950617284,2482761
25684,597,455,13,2.1158024691358026,2483358
25685,0,0,0,2.115925925925926,2483358
25686,0,0,0,2.1160493827160494,2483358
25687,0,0,0,2.1161728395061727,2483358
25688,3,3,0,2.116296296296296,2483361
25689,0,0,0,2.11641975308642,2483361
25690,1342,1287,0,2.1165432098765433,2484703
25691,1,1,0,2.1166666666666667,2484704
25692,0,0,0,2.11679012345679,2484704
25693,4,4,0,2.1169135802469135,2484708
25694,299,299,0,2.117037037037037,2485007
25695,3,3,0,2.1171604938271606,2485010
25696,4,4,0,2.117283950617284,2485014
25697,0,0,0,2.1174074074074074,2485014
25698,0,0,0,2.117530864197531,2485014
25699,47,47,0,2.117654320987654,2485061
25700,2,2,1,2.117654320987654,2485063
25701,0,0,0,2.117777777777778,2485063
25702,0,0,0,2.1179012345679014,2485063
25703,0,0,0,2.1180246913580247,2485063
25704,1,1,1,2.1180246913580247,2485064
25705,0,0,0,2.118148148148148,2485064
25706,7,7,0,2.1182716049382715,2485071
25707,4253,1794,0,2.118395061728395,2489324
25708,0,0,0,2.1185185185185187,2489324
25709,0,0,0,2.118641975308642,2489324
25710,0,0,0,2.1187654320987654,2489324
25711,0,0,0,2.118888888888889,2489324
25712,0,0,0,2.119012345679012,2489324
25713,3562,2032,29,2.1155555555555554,2492886
25714,0,0,0,2.1156790123456792,2492886
25715,33,33,0,2.1158024691358026,2492919
25716,3,3,0,2.115925925925926,2492922
25717,0,0,0,2.1160493827160494,2492922
25718,0,0,0,2.1161728395061727,2492922
25719,0,0,0,2.116296296296296,2492922
25720,0,0,0,2.11641975308642,2492922
25721,86,86,0,2.1165432098765433,2493008
25722,586,586,0,2.1166666666666667,2493594
25723,0,0,0,2.11679012345679,2493594
25724,0,0,0,2.1169135802469135,2493594
25725,0,0,0,2.117037037037037,2493594
25726,85,85,0,2.1171604938271606,2493679
25727,1,1,0,2.117283950617284,2493680
25728,45,41,0,2.1174074074074074,2493725
25729,0,0,0,2.117530864197531,2493725
25730,0,0,0,2.117654320987654,2493725
25731,2495,1582,26,2.114567901234568,2496220
25732,2,2,0,2.1146913580246913,2496222
25733,0,0,0,2.1148148148148147,2496222
25734,4468,3051,15,2.1130864197530865,2500690
25735,83,83,5,2.1125925925925926,2500773
25736,144,144,0,2.112716049382716,2500917
25737,3316,1515,10,2.111604938271605,2504233
25738,0,0,0,2.1117283950617285,2504233
25739,0,0,0,2.111851851851852,2504233
25740,438,438,0,2.1119753086419752,2504671
25741,0,0,0,2.1120987654320986,2504671
25742,0,0,0,2.112222222222222,2504671
25743,1702,1501,1,2.112222222222222,2506373
25744,0,0,0,2.112345679012346,2506373
25745,0,0,0,2.112469135802469,2506373
25746,9,9,0,2.1125925925925926,2506382
25747,0,0,0,2.112716049382716,2506382
25748,0,0,0,2.1128395061728393,2506382
25749,0,0,0,2.112962962962963,2506382
25750,0,0,0,2.1130864197530865,2506382
25751,0,0,0,2.11320987654321,2506382
25752,31,31,7,2.112469135802469,2506413
25753,363,267,2,2.112345679012346,2506776
25754,5,5,2,2.112222222222222,2506781
25755,1,1,0,2.112345679012346,2506782
25756,0,0,0,2.112469135802469,2506782
25757,6,6,0,2.1125925925925926,2506788
25758,1,1,0,2.112716049382716,2506789
25759,0,0,0,2.1128395061728393,2506789
25760,0,0,0,2.112962962962963,2506789
25761,14487,4731,19,2.1107407407407406,2521276
25762,0,0,0,2.1108641975308644,2521276
25763,1096,727,0,2.110987654320988,2522372
25764,0,0,0,2.111111111111111,2522372
25765,1,1,0,2.1112345679012345,2522373
25766,28,25,1,2.1112345679012345,2522401
25767,0,0,0,2.111358024691358,2522401
25768,0,0,0,2.1114814814814813,2522401
25769,0,0,0,2.111604938271605,2522401
25770,0,0,0,2.1117283950617285,2522401
25771,13,13,0,2.111851851851852,2522414
25772,114,112,0,2.1119753086419752,2522528
25773,0,0,0,2.1120987654320986,2522528
25774,0,0,0,2.112222222222222,2522528
25775,2316,2193,0,2.112345679012346,2524844
25776,0,0,0,2.112469135802469,2524844
25777,0,0,0,2.1125925925925926,2524844
25778,83,78,0,2.112716049382716,2524927
25779,0,0,0,2.1128395061728393,2524927
25780,0,0,0,2.112962962962963,2524927
25781,0,0,0,2.1130864197530865,2524927
25782,0,0,0,2.11320987654321,2524927
25783,0,0,0,2.1133333333333333,2524927
25784,5,5,0,2.1134567901234567,2524932
25785,0,0,0,2.11358024691358,2524932
25786,2,2,0,2.113703703703704,2524934
25787,0,0,0,2.1138271604938272,2524934
25788,0,0,0,2.1139506172839506,2524934
25789,3,3,0,2.114074074074074,2524937
25790,0,0,0,2.1141975308641974,2524937
25791,300,227,3,2.1139506172839506,2525237
25792,0,0,0,2.114074074074074,2525237
25793,0,0,0,2.1141975308641974,2525237
25794,110,110,0,2.114320987654321,2525347
25795,3,3,0,2.1144444444444446,2525350
25796,0,0,0,2.114567901234568,2525350
25797,66,66,0,2.1146913580246913,2525416
25798,0,0,0,2.1148148148148147,2525416
25799,1,1,0,2.114938271604938,2525417
25800,0,0,0,2.115061728395062,2525417
25801,0,0,0,2.1151851851851853,2525417
25802,0,0,0,2.1153086419753087,2525417
25803,0,0,0,2.115432098765432,2525417
25804,22,22,0,2.1155555555555554,2525439
25805,0,0,0,2.1156790123456792,2525439
25806,0,0,0,2.1158024691358026,2525439
25807,18,18,0,2.115925925925926,2525457
25808,2484,2178,0,2.1160493827160494,2527941
25809,0,0,0,2.1161728395061727,2527941
25810,0,0,0,2.116296296296296,2527941
25811,0,0,0,2.11641975308642,2527941
25812,0,0,0,2.1165432098765433,2527941
25813,0,0,0,2.1166666666666667,2527941
25814,0,0,0,2.11679012345679,2527941
25815,571,566,4,2.11641975308642,2528512
25816,0,0,0,2.1165432098765433,2528512
25817,1786,1691,11,2.1153086419753087,2530298
25818,0,0,0,2.115432098765432,2530298
25819,6,6,3,2.1151851851851853,2530304
25820,0,0,0,2.1153086419753087,2530304
25821,21,21,0,2.115432098765432,2530325
25822,0,0,0,2.1155555555555554,2530325
25823,0,0,0,2.1156790123456792,2530325
25824,2323,1006,0,2.1158024691358026,2532648
25825,2,2,0,2.115925925925926,2532650
25826,0,0,0,2.1160493827160494,2532650
25827,0,0,0,2.1161728395061727,2532650
25828,0,0,0,2.116296296296296,2532650
25829,1,1,0,2.11641975308642,2532651
25830,974,973,8,2.1155555555555554,2533625
25831,0,0,0,2.1156790123456792,2533625
25832,0,0,0,2.1158024691358026,2533625
25833,0,0,0,2.115925925925926,2533625
25834,2,2,0,2.1160493827160494,2533627
25835,0,0,0,2.1161728395061727,2533627
25836,0,0,0,2.116296296296296,2533627
25837,0,0,0,2.11641975308642,2533627
25838,325,298,6,2.1158024691358026,2533952
25839,5102,1712,33,2.111851851851852,2539054
25840,133,133,0,2.1119753086419752,2539187
25841,3,3,0,2.1120987654320986,2539190
25842,369,293,8,2.1112345679012345,2539559
25843,3,3,0,2.111358024691358,2539562
25844,12,12,0,2.1114814814814813,2539574
25845,53,51,0,2.111604938271605,2539627
25846,2,2,2,2.1114814814814813,2539629
25847,0,0,0,2.111604938271605,2539629
25848,30,30,0,2.1117283950617285,2539659
25849,1,1,0,2.111851851851852,2539660
25850,664,636,0,2.1119753086419752,2540324
25851,0,0,0,2.1120987654320986,2540324
25852,0,0,0,2.112222222222222,2540324
25853,0,0,0,2.112345679012346,2540324
25854,0,0,0,2.112469135802469,2540324
25855,205,205,4,2.1120987654320986,2540529
25856,0,0,0,2.112222222222222,2540529
25857,1,1,0,2.112345679012346,2540530
25858,47,44,1,2.112345679012346,2540577
25859,0,0,0,2.112469135802469,2540577
25860,0,0,0,2.1125925925925926,2540577
25861,0,0,0,2.112716049382716,2540577
25862,212,212,6,2.1120987654320986,2540789
25863,2,2,0,2.112222222222222,2540791
25864,0,0,0,2.112345679012346,2540791
25865,1164,1164,0,2.112469135802469,2541955
25866,0,0,0,2.1125925925925926,2541955
25867,1,1,0,2.112716049382716,2541956
25868,0,0,0,2.1128395061728393,2541956
25869,0,0,0,2.112962962962963,2541956
25870,0,0,0,2.1130864197530865,2541956
25871,0,0,0,2.11320987654321,2541956
25872,0,0,0,2.1133333333333333,2541956
25873,3,3,0,2.1134567901234567,2541959
25874,0,0,0,2.11358024691358,2541959
25875,2,2,2,2.1134567901234567,2541961
25876,7,7,0,2.11358024691358,2541968
25877,0,0,0,2.113703703703704,2541968
25878,0,0,0,2.1138271604938272,2541968
25879,0,0,0,2.1139506172839506,2541968
25880,0,0,0,2.114074074074074,2541968
25881,1,1,0,2.1141975308641974,2541969
25882,0,0,0,2.114320987654321,2541969
25883,42,38,0,2.1144444444444446,2542011
25884,1,1,0,2.114567901234568,2542012
25885,0,0,0,2.1146913580246913,2542012
25886,0,0,0,2.1148148148148147,2542012
25887,26681,6241,55,2.1081481481481483,2568693
25888,7,7,0,2.1082716049382717,2568700
25889,0,0,0,2.108395061728395,2568700
25890,254,254,3,2.1081481481481483,2568954
25891,0,0,0,2.1082716049382717,2568954
25892,0,0,0,2.108395061728395,2568954
25893,0,0,0,2.1085185185185185,2568954
25894,6,6,0,2.108641975308642,2568960
25895,0,0,0,2.108765432098765,2568960
25896,0,0,0,2.108888888888889,2568960
25897,3,3,0,2.1090123456790124,2568963
25898,0,0,0,2.109135802469136,2568963
25899,0,0,0,2.109259259259259,2568963
25900,407,331,10,2.1081481481481483,2569370
25901,0,0,0,2.1082716049382717,2569370
25902,0,0,0,2.108395061728395,2569370
25903,0,0,0,2.1085185185185185,2569370
25904,54,54,0,2.108641975308642,2569424
25905,3521,2393,13,2.1071604938271604,2572945
25906,0,0,0,2.107283950617284,2572945
25907,0,0,0,2.1074074074074076,2572945
25908,0,0,0,2.107530864197531,2572945
25909,0,0,0,2.1076543209876544,2572945
25910,0,0,0,2.1077777777777778,2572945
25911,0,0,0,2.107901234567901,2572945
25912,0,0,0,2.1080246913580245,2572945
25913,13,13,0,2.1081481481481483,2572958
25914,536,474,2,2.1080246913580245,2573494
25915,0,0,0,2.1081481481481483,2573494
25916,224,211,0,2.1082716049382717,2573718
25917,1144,577,6,2.1076543209876544,2574862
25918,0,0,0,2.1077777777777778,2574862
25919,0,0,0,2.107901234567901,2574862
25920,55,47,0,2.1080246913580245,2574917
25921,0,0,0,2.1081481481481483,2574917
25922,0,0,0,2.1082716049382717,2574917
25923,0,0,0,2.108395061728395,2574917
25924,5,5,0,2.1085185185185185,2574922
25925,0,0,0,2.108641975308642,2574922
25926,0,0,0,2.108765432098765,2574922
25927,0,0,0,2.108888888888889,2574922
25928,0,0,0,2.1090123456790124,2574922
25929,415,414,0,2.109135802469136,2575337
25930,0,0,0,2.109259259259259,2575337
25931,44,44,4,2.108888888888889,2575381
25932,2,2,0,2.1090123456790124,2575383
25933,0,0,0,2.109135802469136,2575383
25934,0,0,0,2.109259259259259,2575383
25935,0,0,0,2.1093827160493825,2575383
25936,65,64,0,2.1095061728395064,2575448
25937,0,0,0,2.1096296296296297,2575448
25938,0,0,0,2.109753086419753,2575448
25939,0,0,0,2.1098765432098765,2575448
25940,134,108,0,2.11,2575582
25941,6,6,3,2.109753086419753,2575588
25942,0,0,0,2.1098765432098765,2575588
25943,0,0,0,2.11,2575588
25944,1,1,0,2.1101234567901233,2575589
25945,2,2,0,2.110246913580247,2575591
25946,0,0,0,2.1103703703703705,2575591
25947,0,0,0,2.110493827160494,2575591
25948,236,235,0,2.110617283950617,2575827
25949,0,0,0,2.1107407407407406,2575827
25950,30,30,0,2.1108641975308644,2575857
25951,0,0,0,2.110987654320988,2575857
25952,0,0,0,2.111111111111111,2575857
25953,1,1,0,2.1112345679012345,2575858
25954,0,0,0,2.111358024691358,2575858
25955,616,615,0,2.1114814814814813,2576474
25956,23,23,0,2.111604938271605,2576497
25957,0,0,0,2.1117283950617285,2576497
25958,380,305,0,2.111851851851852,2576877
25959,263,170,0,2.1119753086419752,2577140
25960,10,10,0,2.1120987654320986,2577150
25961,1,1,0,2.112222222222222,2577151
25962,80,79,0,2.112345679012346,2577231
25963,26,26,0,2.112469135802469,2577257
25964,11,10,0,2.1125925925925926,2577268
25965,0,0,0,2.112716049382716,2577268
25966,0,0,0,2.1128395061728393,2577268
25967,34,34,0,2.112962962962963,2577302
25968,0,0,0,2.1130864197530865,2577302
25969,7,7,0,2.11320987654321,2577309
25970,2959,2959,3,2.112962962962963,2580268
25971,0,0,0,2.1130864197530865,2580268
25972,0,0,0,2.11320987654321,2580268
25973,0,0,0,2.1133333333333333,2580268
25974,22,21,0,2.1134567901234567,2580290
25975,0,0,0,2.11358024691358,2580290
25976,0,0,0,2.113703703703704,2580290
25977,0,0,0,2.1138271604938272,2580290
25978,0,0,0,2.1139506172839506,2580290
25979,0,0,0,2.114074074074074,2580290
25980,0,0,0,2.1141975308641974,2580290
25981,0,0,0,2.114320987654321,2580290
25982,1,1,0,2.1144444444444446,2580291
25983,0,0,0,2.114567901234568,2580291
25984,1486,1083,7,2.1138271604938272,2581777
25985,111,111,4,2.1134567901234567,2581888
25986,24,19,0,2.11358024691358,2581912
25987,959,928,0,2.113703703703704,2582871
25988,8,8,1,2.113703703703704,2582879
25989,2,2,0,2.1138271604938272,2582881
25990,1793,1007,0,2.1139506172839506,2584674
25991,1,1,0,2.114074074074074,2584675
25992,0,0,0,2.1141975308641974,2584675
25993,0,0,0,2.114320987654321,2584675
25994,117,114,15,2.1125925925925926,2584792
25995,3229,1866,10,2.1114814814814813,2588021
25996,1,1,1,2.1114814814814813,2588022
25997,0,0,0,2.111604938271605,2588022
25998,0,0,0,2.1117283950617285,2588022
25999,0,0,0,2.111851851851852,2588022
26000,0,0,0,2.1119753086419752,2588022
26001,26,26,0,2.1120987654320986,2588048
26002,0,0,0,2.112222222222222,2588048
26003,0,0,0,2.112345679012346,2588048
26004,0,0,0,2.112469135802469,2588048
26005,343,281,0,2.1125925925925926,2588391
26006,0,0,0,2.112716049382716,2588391
26007,0,0,0,2.1128395061728393,2588391
26008,0,0,0,2.112962962962963,2588391
26009,4,4,0,2.1130864197530865,2588395
26010,17,17,0,2.11320987654321,2588412
26011,43,43,0,2.1133333333333333,2588455
26012,0,0,0,2.1134567901234567,2588455
26013,0,0,0,2.11358024691358,2588455
26014,0,0,0,2.113703703703704,2588455
26015,0,0,0,2.1138271604938272,2588455
26016,2,2,0,2.1139506172839506,2588457
26017,0,0,0,2.114074074074074,2588457
26018,38,38,1,2.114074074074074,2588495
26019,0,0,0,2.1141975308641974,2588495
26020,0,0,0,2.114320987654321,2588495
26021,0,0,0,2.1144444444444446,2588495
26022,0,0,0,2.114567901234568,2588495
26023,389,389,13,2.1130864197530865,2588884
26024,0,0,0,2.11320987654321,2588884
26025,0,0,0,2.1133333333333333,2588884
26026,460,437,0,2.1134567901234567,2589344
26027,0,0,0,2.11358024691358,2589344
26028,0,0,0,2.113703703703704,2589344
26029,0,0,0,2.1138271604938272,2589344
26030,10,9,0,2.1139506172839506,2589354
26031,3,3,0,2.114074074074074,2589357
26032,0,0,0,2.1141975308641974,2589357
26033,0,0,0,2.114320987654321,2589357
26034,2,2,2,2.1141975308641974,2589359
26035,0,0,0,2.114320987654321,2589359
26036,26,26,0,2.1144444444444446,2589385
26037,1,1,0,2.114567901234568,2589386
26038,19156,4434,38,2.11,2608542
26039,0,0,0,2.1101234567901233,2608542
26040,0,0,0,2.110246913580247,2608542
26041,6,6,0,2.1103703703703705,2608548
26042,0,0,0,2.110493827160494,2608548
26043,0,0,0,2.110617283950617,2608548
26044,0,0,0,2.1107407407407406,2608548
26045,0,0,0,2.1108641975308644,2608548
26046,0,0,0,2.110987654320988,2608548
26047,0,0,0,2.111111111111111,2608548
26048,0,0,0,2.1112345679012345,2608548
26049,0,0,0,2.111358024691358,2608548
26050,0,0,0,2.1114814814814813,2608548
26051,0,0,0,2.111604938271605,2608548
26052,0,0,0,2.1117283950617285,2608548
26053,0,0,0,2.111851851851852,2608548
26054,33,33,0,2.1119753086419752,2608581
26055,0,0,0,2.1120987654320986,2608581
26056,0,0,0,2.112222222222222,2608581
26057,1281,1175,16,2.1103703703703705,2609862
26058,0,0,0,2.110493827160494,2609862
26059,32,32,0,2.110617283950617,2609894
26060,3,3,0,2.1107407407407406,2609897
26061,0,0,0,2.1108641975308644,2609897
26062,0,0,0,2.110987654320988,2609897
26063,54,54,6,2.1103703703703705,2609951
26064,219,190,11,2.109135802469136,2610170
26065,1117,1082,0,2.109259259259259,2611287
26066,0,0,0,2.1093827160493825,2611287
26067,0,0,0,2.1095061728395064,2611287
26068,4313,2260,0,2.1096296296296297,2615600
26069,0,0,0,2.109753086419753,2615600
26070,16,16,0,2.1098765432098765,2615616
26071,2436,2104,1,2.1098765432098765,2618052
26072,0,0,0,2.11,2618052
26073,9561,5287,44,2.1046913580246915,2627613
26074,0,0,0,2.104814814814815,2627613
26075,334,312,0,2.1049382716049383,2627947
26076,0,0,0,2.1050617283950617,2627947
26077,0,0,0,2.105185185185185,2627947
26078,0,0,0,2.1053086419753084,2627947
26079,0,0,0,2.1054320987654322,2627947
26080,0,0,0,2.1055555555555556,2627947
26081,0,0,0,2.105679012345679,2627947
26082,6354,3802,10,2.1045679012345677,2634301
26083,2,2,0,2.1046913580246915,2634303
26084,0,0,0,2.104814814814815,2634303
26085,17,17,0,2.1049382716049383,2634320
26086,0,0,0,2.1050617283950617,2634320
26087,0,0,0,2.105185185185185,2634320
26088,1,1,0,2.1053086419753084,2634321
26089,0,0,0,2.1054320987654322,2634321
26090,3313,2470,5,2.1049382716049383,2637634
26091,967,967,3,2.1046913580246915,2638601
26092,0,0,0,2.104814814814815,2638601
26093,0,0,0,2.1049382716049383,2638601
26094,73,73,0,2.1050617283950617,2638674
26095,0,0,0,2.105185185185185,2638674
26096,1,1,0,2.1053086419753084,2638675
26097,0,0,0,2.1054320987654322,2638675
26098,1,1,0,2.1055555555555556,2638676
26099,0,0,0,2.105679012345679,2638676
26100,0,0,0,2.1058024691358024,2638676
26101,0,0,0,2.1059259259259258,2638676
26102,3,3,0,2.1060493827160496,2638679
26103,119,119,0,2.106172839506173,2638798
26104,0,0,0,2.1062962962962963,2638798
26105,25,25,0,2.1064197530864197,2638823
26106,0,0,0,2.106543209876543,2638823
26107,0,0,0,2.1066666666666665,2638823
26108,1103,740,6,2.1060493827160496,2639926
26109,0,0,0,2.106172839506173,2639926
26110,0,0,0,2.1062962962962963,2639926
26111,1203,1190,1,2.1062962962962963,2641129
26112,6,6,2,2.106172839506173,2641135
26113,36,36,0,2.1062962962962963,2641171
26114,462,437,3,2.1060493827160496,2641633
26115,0,0,0,2.106172839506173,2641633
26116,9,9,0,2.1062962962962963,2641642
26117,0,0,0,2.1064197530864197,2641642
26118,4,4,0,2.106543209876543,2641646
26119,160,158,3,2.1062962962962963,2641806
26120,0,0,0,2.1064197530864197,2641806
26121,2527,1495,0,2.106543209876543,2644333
26122,25,25,0,2.1066666666666665,2644358
26123,0,0,0,2.1067901234567903,2644358
26124,0,0,0,2.1069135802469137,2644358
26125,2102,1723,0,2.107037037037037,2646460
26126,0,0,0,2.1071604938271604,2646460
26127,192,171,5,2.1066666666666665,2646652
26128,0,0,0,2.1067901234567903,2646652
26129,0,0,0,2.1069135802469137,2646652
26130,2,2,0,2.107037037037037,2646654
26131,22,22,0,2.1071604938271604,2646676
26132,0,0,0,2.107283950617284,2646676
26133,0,0,0,2.1074074074074076,2646676
26134,0,0,0,2.107530864197531,2646676
26135,1,1,0,2.1076543209876544,2646677
26136,0,0,0,2.1077777777777778,2646677
26137,0,0,0,2.107901234567901,2646677
26138,0,0,0,2.1080246913580245,2646677
26139,53,53,0,2.1081481481481483,2646730
26140,0,0,0,2.1082716049382717,2646730
26141,2,2,0,2.108395061728395,2646732
26142,0,0,0,2.1085185185185185,2646732
26143,18,18,0,2.108641975308642,2646750
26144,6,6,0,2.108765432098765,2646756
26145,0,0,0,2.108888888888889,2646756
26146,109,93,0,2.1090123456790124,2646865
26147,1,1,0,2.109135802469136,2646866
26148,0,0,0,2.109259259259259,2646866
26149,0,0,0,2.1093827160493825,2646866
26150,0,0,0,2.1095061728395064,2646866
26151,128,126,0,2.1096296296296297,2646994
26152,0,0,0,2.109753086419753,2646994
26153,0,0,0,2.1098765432098765,2646994
26154,0,0,0,2.11,2646994
26155,1,1,0,2.1101234567901233,2646995
26156,0,0,0,2.110246913580247,2646995
26157,0,0,0,2.1103703703703705,2646995
26158,0,0,0,2.110493827160494,2646995
26159,4,4,0,2.110617283950617,2646999
26160,3,3,0,2.1107407407407406,2647002
26161,166,163,0,2.1108641975308644,2647168
26162,0,0,0,2.110987654320988,2647168
26163,6,6,0,2.111111111111111,2647174
26164,24,21,0,2.1112345679012345,2647198
26165,3,3,0,2.111358024691358,2647201
26166,5,5,0,2.1114814814814813,2647206
26167,0,0,0,2.111604938271605,2647206
26168,0,0,0,2.1117283950617285,2647206
26169,5,5,0,2.111851851851852,2647211
26170,0,0,0,2.1119753086419752,2647211
26171,95,95,8,2.111111111111111,2647306
26172,0,0,0,2.1112345679012345,2647306
26173,0,0,0,2.111358024691358,2647306
26174,9725,4935,26,2.1082716049382717,2657031
26175,4,4,0,2.108395061728395,2657035
26176,3525,1794,8,2.107530864197531,2660560
26177,2,2,0,2.1076543209876544,2660562
26178,71,71,0,2.1077777777777778,2660633
26179,421,421,0,2.107901234567901,2661054
26180,0,0,0,2.1080246913580245,2661054
26181,0,0,0,2.1081481481481483,2661054
26182,2,2,0,2.1082716049382717,2661056
26183,469,469,4,2.107901234567901,2661525
26184,200,200,1,2.107901234567901,2661725
26185,0,0,0,2.1080246913580245,2661725
26186,0,0,0,2.1081481481481483,2661725
26187,0,0,0,2.1082716049382717,2661725
26188,0,0,0,2.108395061728395,2661725
26189,0,0,0,2.1085185185185185,2661725
26190,21,17,0,2.108641975308642,2661746
26191,0,0,0,2.108765432098765,2661746
26192,0,0,0,2.108888888888889,2661746
26193,0,0,0,2.1090123456790124,2661746
26194,0,0,0,2.109135802469136,2661746
26195,11,11,4,2.108765432098765,2661757
26196,6,6,0,2.108888888888889,2661763
26197,464,443,0,2.1090123456790124,2662227
26198,951,950,0,2.109135802469136,2663178
26199,0,0,0,2.109259259259259,2663178
26200,0,0,0,2.1093827160493825,2663178
26201,7,7,0,2.1095061728395064,2663185
26202,0,0,0,2.1096296296296297,2663185
26203,1,1,0,2.109753086419753,2663186
26204,9,9,0,2.1098765432098765,2663195
26205,0,0,0,2.11,2663195
26206,3,3,2,2.1098765432098765,2663198
26207,114,109,0,2.11,2663312
26208,0,0,0,2.1101234567901233,2663312
26209,122,122,0,2.110246913580247,2663434
26210,0,0,0,2.1103703703703705,2663434
26211,0,0,0,2.110493827160494,2663434
26212,0,0,0,2.110617283950617,2663434
26213,0,0,0,2.1107407407407406,2663434
26214,39,39,0,2.1108641975308644,2663473
26215,59,59,1,2.1108641975308644,2663532
26216,0,0,0,2.110987654320988,2663532
26217,0,0,0,2.111111111111111,2663532
26218,0,0,0,2.1112345679012345,2663532
26219,0,0,0,2.111358024691358,2663532
26220,0,0,0,2.1114814814814813,2663532
26221,11058,3700,26,2.108395061728395,2674590
26222,5,5,0,2.1085185185185185,2674595
26223,9,9,0,2.108641975308642,2674604
26224,4,4,0,2.108765432098765,2674608
26225,0,0,0,2.108888888888889,2674608
26226,0,0,0,2.1090123456790124,2674608
26227,59,59,0,2.109135802469136,2674667
26228,33,33,9,2.1081481481481483,2674700
26229,14,14,0,2.1082716049382717,2674714
26230,0,0,0,2.108395061728395,2674714
26231,0,0,0,2.1085185185185185,2674714
26232,4,4,0,2.108641975308642,2674718
26233,25,24,0,2.108765432098765,2674743
26234,0,0,0,2.108888888888889,2674743
26235,0,0,0,2.1090123456790124,2674743
26236,0,0,0,2.109135802469136,2674743
26237,0,0,0,2.109259259259259,2674743
26238,1,1,1,2.109259259259259,2674744
26239,0,0,0,2.1093827160493825,2674744
26240,974,960,2,2.109259259259259,2675718
26241,4969,3419,30,2.105679012345679,2680687
26242,15,15,0,2.1058024691358024,2680702
26243,0,0,0,2.1059259259259258,2680702
26244,0,0,0,2.1060493827160496,2680702
26245,202,202,2,2.1059259259259258,2680904
26246,0,0,0,2.1060493827160496,2680904
26247,0,0,0,2.106172839506173,2680904
26248,19,19,0,2.1062962962962963,2680923
26249,0,0,0,2.1064197530864197,2680923
26250,0,0,0,2.106543209876543,2680923
26251,0,0,0,2.1066666666666665,2680923
26252,0,0,0,2.1067901234567903,2680923
26253,5,5,0,2.1069135802469137,2680928
26254,4,4,0,2.107037037037037,2680932
26255,0,0,0,2.1071604938271604,2680932
26256,1,1,1,2.1071604938271604,2680933
26257,0,0,0,2.107283950617284,2680933
26258,3,3,0,2.1074074074074076,2680936
26259,0,0,0,2.107530864197531,2680936
26260,0,0,0,2.1076543209876544,2680936
26261,12,12,6,2.107037037037037,2680948
26262,0,0,0,2.1071604938271604,2680948
26263,0,0,0,2.107283950617284,2680948
26264,309,260,3,2.107037037037037,2681257
26265,1,1,0,2.1071604938271604,2681258
26266,0,0,0,2.107283950617284,2681258
26267,0,0,0,2.1074074074074076,2681258
26268,2708,1785,11,2.106172839506173,2683966
26269,0,0,0,2.1062962962962963,2683966
26270,0,0,0,2.1064197530864197,2683966
26271,55,45,0,2.106543209876543,2684021
26272,1,1,1,2.106543209876543,2684022
26273,0,0,0,2.1066666666666665,2684022
26274,3025,3025,18,2.1045679012345677,2687047
26275,0,0,0,2.1046913580246915,2687047
26276,34,34,1,2.1046913580246915,2687081
26277,0,0,0,2.104814814814815,2687081
26278,21,19,0,2.1049382716049383,2687102
26279,0,0,0,2.1050617283950617,2687102
26280,0,0,0,2.105185185185185,2687102
26281,6,6,0,2.1053086419753084,2687108
26282,3279,2133,7,2.1045679012345677,2690387
26283,8,8,0,2.1046913580246915,2690395
26284,735,706,0,2.104814814814815,2691130
26285,689,689,0,2.1049382716049383,2691819
26286,20,20,0,2.1050617283950617,2691839
26287,0,0,0,2.105185185185185,2691839
26288,77,75,0,2.1053086419753084,2691916
26289,0,0,0,2.1054320987654322,2691916
26290,0,0,0,2.1055555555555556,2691916
26291,0,0,0,2.105679012345679,2691916
26292,719,719,0,2.1058024691358024,2692635
26293,16,16,0,2.1059259259259258,2692651
26294,0,0,0,2.1060493827160496,2692651
26295,0,0,0,2.106172839506173,2692651
26296,69,69,0,2.1062962962962963,2692720
26297,0,0,0,2.1064197530864197,2692720
26298,10,10,0,2.106543209876543,2692730
26299,0,0,0,2.1066666666666665,2692730
26300,0,0,0,2.1067901234567903,2692730
26301,1,1,0,2.1069135802469137,2692731
26302,0,0,0,2.107037037037037,2692731
26303,2,2,0,2.1071604938271604,2692733
26304,12,12,0,2.107283950617284,2692745
26305,3,3,0,2.1074074074074076,2692748
26306,128,127,7,2.1066666666666665,2692876
26307,28,28,0,2.1067901234567903,2692904
26308,0,0,0,2.1069135802469137,2692904
26309,0,0,0,2.107037037037037,2692904
26310,441,413,0,2.1071604938271604,2693345
26311,0,0,0,2.107283950617284,2693345
26312,205,202,0,2.1074074074074076,2693550
26313,142,142,8,2.106543209876543,2693692
26314,3,3,1,2.106543209876543,2693695
26315,124,124,0,2.1066666666666665,2693819
26316,0,0,0,2.1067901234567903,2693819
26317,0,0,0,2.1069135802469137,2693819
26318,2,2,1,2.1069135802469137,2693821
26319,1851,1610,0,2.107037037037037,2695672
26320,38,38,0,2.1071604938271604,2695710
26321,0,0,0,2.107283950617284,2695710
26322,0,0,0,2.1074074074074076,2695710
26323,0,0,0,2.107530864197531,2695710
26324,0,0,0,2.1076543209876544,2695710
26325,0,0,0,2.1077777777777778,2695710
26326,0,0,0,2.107901234567901,2695710
26327,2,2,0,2.1080246913580245,2695712
26328,0,0,0,2.1081481481481483,2695712
26329,0,0,0,2.1082716049382717,2695712
26330,0,0,0,2.108395061728395,2695712
26331,0,0,0,2.1085185185185185,2695712
26332,19,19,0,2.108641975308642,2695731
26333,2,2,0,2.108765432098765,2695733
26334,1,1,0,2.108888888888889,2695734
26335,0,0,0,2.1090123456790124,2695734
26336,0,0,0,2.109135802469136,2695734
26337,704,375,1,2.109135802469136,2696438
26338,0,0,0,2.109259259259259,2696438
26339,0,0,0,2.1093827160493825,2696438
26340,0,0,0,2.1095061728395064,2696438
26341,0,0,0,2.1096296296296297,2696438
26342,0,0,0,2.109753086419753,2696438
26343,0,0,0,2.1098765432098765,2696438
26344,0,0,0,2.11,2696438
26345,863,857,6,2.1093827160493825,2697301
26346,0,0,0,2.1095061728395064,2697301
26347,1,1,0,2.1096296296296297,2697302
26348,0,0,0,2.109753086419753,2697302
26349,5,5,0,2.1098765432098765,2697307
26350,0,0,0,2.11,2697307
26351,0,0,0,2.1101234567901233,2697307
26352,0,0,0,2.110246913580247,2697307
26353,23,21,0,2.1103703703703705,2697330
26354,0,0,0,2.110493827160494,2697330
26355,453,360,0,2.110617283950617,2697783
26356,3,3,0,2.1107407407407406,2697786
26357,0,0,0,2.1108641975308644,2697786
26358,150,150,0,2.110987654320988,2697936
26359,51,51,7,2.110246913580247,2697987
26360,0,0,0,2.1103703703703705,2697987
26361,0,0,0,2.110493827160494,2697987
26362,0,0,0,2.110617283950617,2697987
26363,0,0,0,2.1107407407407406,2697987
26364,0,0,0,2.1108641975308644,2697987
26365,0,0,0,2.110987654320988,2697987
26366,12,12,0,2.111111111111111,2697999
26367,0,0,0,2.1112345679012345,2697999
26368,0,0,0,2.111358024691358,2697999
26369,0,0,0,2.1114814814814813,2697999
26370,1,1,0,2.111604938271605,2698000
26371,29,29,0,2.1117283950617285,2698029
26372,45,45,0,2.111851851851852,2698074
26373,0,0,0,2.1119753086419752,2698074
26374,0,0,0,2.1120987654320986,2698074
26375,0,0,0,2.112222222222222,2698074
26376,0,0,0,2.112345679012346,2698074
26377,0,0,0,2.112469135802469,2698074
26378,3,3,0,2.1125925925925926,2698077
26379,0,0,0,2.112716049382716,2698077
26380,0,0,0,2.1128395061728393,2698077
26381,3,3,0,2.112962962962963,2698080
26382,3066,2299,1,2.112962962962963,2701146
26383,0,0,0,2.1130864197530865,2701146
26384,310,263,0,2.11320987654321,2701456
26385,0,0,0,2.1133333333333333,2701456
26386,0,0,0,2.1134567901234567,2701456
26387,0,0,0,2.11358024691358,2701456
26388,0,0,0,2.113703703703704,2701456
26389,0,0,0,2.1138271604938272,2701456
26390,1271,776,0,2.1139506172839506,2702727
26391,0,0,0,2.114074074074074,2702727
26392,295,295,0,2.1141975308641974,2703022
26393,0,0,0,2.114320987654321,2703022
26394,0,0,0,2.1144444444444446,2703022
26395,0,0,0,2.114567901234568,2703022
26396,589,589,2,2.1144444444444446,2703611
26397,0,0,0,2.114567901234568,2703611
26398,0,0,0,2.1146913580246913,2703611
26399,8,8,0,2.1148148148148147,2703619
26400,7,7,0,2.114938271604938,2703626
26401,0,0,0,2.115061728395062,2703626
26402,5,5,0,2.1151851851851853,2703631
26403,0,0,0,2.1153086419753087,2703631
26404,0,0,0,2.115432098765432,2703631
26405,4,4,0,2.1155555555555554,2703635
26406,65,65,0,2.1156790123456792,2703700
26407,39,39,0,2.1158024691358026,2703739
26408,0,0,0,2.115925925925926,2703739
26409,0,0,0,2.1160493827160494,2703739
26410,0,0,0,2.1161728395061727,2703739
26411,27,27,0,2.116296296296296,2703766
26412,0,0,0,2.11641975308642,2703766
26413,0,0,0,2.1165432098765433,2703766
26414,0,0,0,2.1166666666666667,2703766
26415,0,0,0,2.11679012345679,2703766
26416,2,2,0,2.1169135802469135,2703768
26417,1608,1608,9,2.115925925925926,2705376
26418,0,0,0,2.1160493827160494,2705376
26419,9,9,0,2.1161728395061727,2705385
26420,3,3,1,2.1161728395061727,2705388
26421,92,92,3,2.115925925925926,2705480
26422,26,26,0,2.1160493827160494,2705506
26423,0,0,0,2.1161728395061727,2705506
26424,5,5,0,2.116296296296296,2705511
26425,589,589,16,2.1144444444444446,2706100
26426,206,206,5,2.1139506172839506,2706306
26427,0,0,0,2.114074074074074,2706306
26428,0,0,0,2.1141975308641974,2706306
26429,0,0,0,2.114320987654321,2706306
26430,36,36,0,2.1144444444444446,2706342
26431,9,9,0,2.114567901234568,2706351
26432,0,0,0,2.1146913580246913,2706351
26433,0,0,0,2.1148148148148147,2706351
26434,2404,989,7,2.114074074074074,2708755
26435,0,0,0,2.1141975308641974,2708755
26436,1,1,0,2.114320987654321,2708756
26437,1,1,1,2.114320987654321,2708757
26438,0,0,0,2.1144444444444446,2708757
26439,0,0,0,2.114567901234568,2708757
26440,0,0,0,2.1146913580246913,2708757
26441,5319,4666,8,2.1138271604938272,2714076
26442,5108,5052,19,2.111604938271605,2719184
26443,0,0,0,2.1117283950617285,2719184
26444,0,0,0,2.111851851851852,2719184
26445,0,0,0,2.1119753086419752,2719184
26446,5,5,0,2.1120987654320986,2719189
26447,0,0,0,2.112222222222222,2719189
26448,0,0,0,2.112345679012346,2719189
26449,23,23,0,2.112469135802469,2719212
26450,0,0,0,2.1125925925925926,2719212
26451,5366,3747,8,2.1117283950617285,2724578
26452,13,13,0,2.111851851851852,2724591
26453,0,0,0,2.1119753086419752,2724591
26454,0,0,0,2.1120987654320986,2724591
26455,0,0,0,2.112222222222222,2724591
26456,2,2,2,2.1120987654320986,2724593
26457,252,213,11,2.1108641975308644,2724845
26458,5,5,1,2.1108641975308644,2724850
26459,1203,838,8,2.11,2726053
26460,0,0,0,2.1101234567901233,2726053
26461,947,932,3,2.1098765432098765,2727000
26462,0,0,0,2.11,2727000
26463,0,0,0,2.1101234567901233,2727000
26464,0,0,0,2.110246913580247,2727000
26465,3,3,0,2.1103703703703705,2727003
26466,0,0,0,2.110493827160494,2727003
26467,0,0,0,2.110617283950617,2727003
26468,0,0,0,2.1107407407407406,2727003
26469,2424,1492,2,2.110617283950617,2729427
26470,12,12,0,2.1107407407407406,2729439
26471,1,1,0,2.1108641975308644,2729440
26472,0,0,0,2.110987654320988,2729440
26473,2,2,0,2.111111111111111,2729442
26474,0,0,0,2.1112345679012345,2729442
26475,0,0,0,2.111358024691358,2729442
26476,0,0,0,2.1114814814814813,2729442
26477,0,0,0,2.111604938271605,2729442
26478,134,124,6,2.110987654320988,2729576
26479,79,61,8,2.1101234567901233,2729655
26480,83,62,2,2.11,2729738
26481,0,0,0,2.1101234567901233,2729738
26482,0,0,0,2.110246913580247,2729738
26483,0,0,0,2.1103703703703705,2729738
26484,1,1,0,2.110493827160494,2729739
26485,0,0,0,2.110617283950617,2729739
26486,0,0,0,2.1107407407407406,2729739
26487,0,0,0,2.1108641975308644,2729739
26488,0,0,0,2.110987654320988,2729739
26489,4,4,0,2.111111111111111,2729743
26490,4006,4005,16,2.109259259259259,2733749
26491,10,10,0,2.1093827160493825,2733759
26492,0,0,0,2.1095061728395064,2733759
26493,363,264,9,2.1085185185185185,2734122
26494,20,20,0,2.108641975308642,2734142
26495,0,0,0,2.108765432098765,2734142
26496,0,0,0,2.108888888888889,2734142
26497,0,0,0,2.1090123456790124,2734142
26498,30,30,0,2.109135802469136,2734172
26499,0,0,0,2.109259259259259,2734172
26500,10,10,0,2.1093827160493825,2734182
26501,0,0,0,2.1095061728395064,2734182
26502,38,35,0,2.1096296296296297,2734220
26503,0,0,0,2.109753086419753,2734220
26504,1,1,0,2.1098765432098765,2734221
26505,0,0,0,2.11,2734221
26506,0,0,0,2.1101234567901233,2734221
26507,0,0,0,2.110246913580247,2734221
26508,172,172,0,2.1103703703703705,2734393
26509,0,0,0,2.110493827160494,2734393
26510,0,0,0,2.110617283950617,2734393
26511,0,0,0,2.1107407407407406,2734393
26512,0,0,0,2.1108641975308644,2734393
26513,5,5,0,2.110987654320988,2734398
26514,0,0,0,2.111111111111111,2734398
26515,0,0,0,2.1112345679012345,2734398
26516,1795,1203,2,2.111111111111111,2736193
26517,0,0,0,2.1112345679012345,2736193
26518,15,15,0,2.111358024691358,2736208
26519,4262,4227,12,2.11,2740470
26520,0,0,0,2.1101234567901233,2740470
26521,1,1,1,2.1101234567901233,2740471
26522,196,145,4,2.109753086419753,2740667
26523,0,0,0,2.1098765432098765,2740667
26524,21,21,5,2.1093827160493825,2740688
26525,42,42,0,2.1095061728395064,2740730
26526,0,0,0,2.1096296296296297,2740730
26527,0,0,0,2.109753086419753,2740730
26528,0,0,0,2.1098765432098765,2740730
26529,153,148,0,2.11,2740883
26530,0,0,0,2.1101234567901233,2740883
26531,0,0,0,2.110246913580247,2740883
26532,50,50,6,2.1096296296296297,2740933
26533,0,0,0,2.109753086419753,2740933
26534,0,0,0,2.1098765432098765,2740933
26535,1,1,0,2.11,2740934
26536,26,26,0,2.1101234567901233,2740960
26537,48,48,0,2.110246913580247,2741008
26538,2,2,0,2.1103703703703705,2741010
26539,0,0,0,2.110493827160494,2741010
26540,0,0,0,2.110617283950617,2741010
26541,22,22,0,2.1107407407407406,2741032
26542,38,38,0,2.1108641975308644,2741070
26543,139,139,0,2.110987654320988,2741209
26544,82,82,0,2.111111111111111,2741291
26545,0,0,0,2.1112345679012345,2741291
26546,0,0,0,2.111358024691358,2741291
26547,0,0,0,2.1114814814814813,2741291
26548,3856,2770,0,2.111604938271605,2745147
26549,3867,3853,12,2.110246913580247,2749014
26550,1231,853,6,2.1096296296296297,2750245
26551,6,6,3,2.1093827160493825,2750251
26552,2,2,0,2.1095061728395064,2750253
26553,39,35,3,2.109259259259259,2750292
26554,2,2,0,2.1093827160493825,2750294
26555,0,0,0,2.1095061728395064,2750294
26556,0,0,0,2.1096296296296297,2750294
26557,6356,4136,8,2.108765432098765,2756650
26558,56,56,0,2.108888888888889,2756706
26559,0,0,0,2.1090123456790124,2756706
26560,0,0,0,2.109135802469136,2756706
26561,343,210,1,2.109135802469136,2757049
26562,58,58,0,2.109259259259259,2757107
26563,1,1,0,2.1093827160493825,2757108
26564,0,0,0,2.1095061728395064,2757108
26565,0,0,0,2.1096296296296297,2757108
26566,0,0,0,2.109753086419753,2757108
26567,8009,4590,30,2.106172839506173,2765117
26568,0,0,0,2.1062962962962963,2765117
26569,49,49,0,2.1064197530864197,2765166
26570,30,28,0,2.106543209876543,2765196
26571,14211,5160,29,2.1030864197530863,2779407
26572,1549,921,0,2.1032098765432097,2780956
26573,44,44,3,2.102962962962963,2781000
26574,0,0,0,2.1030864197530863,2781000
26575,0,0,0,2.1032098765432097,2781000
26576,0,0,0,2.1033333333333335,2781000
26577,148,148,2,2.1032098765432097,2781148
26578,2,2,0,2.1033333333333335,2781150
26579,12,12,3,2.1030864197530863,2781162
26580,0,0,0,2.1032098765432097,2781162
26581,0,0,0,2.1033333333333335,2781162
26582,0,0,0,2.103456790123457,2781162
26583,0,0,0,2.1035802469135803,2781162
26584,1,1,0,2.1037037037037036,2781163
26585,464,464,0,2.103827160493827,2781627
26586,1,1,0,2.103950617283951,2781628
26587,0,0,0,2.104074074074074,2781628
26588,0,0,0,2.1041975308641976,2781628
26589,0,0,0,2.104320987654321,2781628
26590,0,0,0,2.1044444444444443,2781628
26591,7,7,0,2.1045679012345677,2781635
26592,0,0,0,2.1046913580246915,2781635
26593,15,15,4,2.104320987654321,2781650
26594,0,0,0,2.1044444444444443,2781650
26595,1,1,0,2.1045679012345677,2781651
26596,0,0,0,2.1046913580246915,2781651
26597,1140,790,7,2.103950617283951,2782791
26598,3,3,0,2.104074074074074,2782794
26599,0,0,0,2.1041975308641976,2782794
26600,0,0,0,2.104320987654321,2782794
26601,0,0,0,2.1044444444444443,2782794
26602,2,2,0,2.1045679012345677,2782796
26603,0,0,0,2.1046913580246915,2782796
26604,0,0,0,2.104814814814815,2782796
26605,2,2,0,2.1049382716049383,2782798
26606,0,0,0,2.1050617283950617,2782798
26607,0,0,0,2.105185185185185,2782798
26608,524,524,1,2.105185185185185,2783322
26609,172,149,3,2.1049382716049383,2783494
26610,1,1,0,2.1050617283950617,2783495
26611,0,0,0,2.105185185185185,2783495
26612,0,0,0,2.1053086419753084,2783495
26613,0,0,0,2.1054320987654322,2783495
26614,0,0,0,2.1055555555555556,2783495
26615,12,12,0,2.105679012345679,2783507
26616,0,0,0,2.1058024691358024,2783507
26617,0,0,0,2.1059259259259258,2783507
26618,0,0,0,2.1060493827160496,2783507
26619,4061,2877,0,2.106172839506173,2787568
26620,0,0,0,2.1062962962962963,2787568
26621,2145,1755,0,2.1064197530864197,2789713
26622,21,21,0,2.106543209876543,2789734
26623,1,1,0,2.1066666666666665,2789735
26624,45,40,0,2.1067901234567903,2789780
26625,0,0,0,2.1069135802469137,2789780
26626,0,0,0,2.107037037037037,2789780
26627,1,1,0,2.1071604938271604,2789781
26628,2559,1731,0,2.107283950617284,2792340
26629,0,0,0,2.1074074074074076,2792340
26630,18,18,0,2.107530864197531,2792358
26631,4,4,0,2.1076543209876544,2792362
26632,2,2,0,2.1077777777777778,2792364
26633,1539,968,9,2.1067901234567903,2793903
26634,0,0,0,2.1069135802469137,2793903
26635,0,0,0,2.107037037037037,2793903
26636,0,0,0,2.1071604938271604,2793903
26637,0,0,0,2.107283950617284,2793903
26638,109,92,2,2.1071604938271604,2794012
26639,0,0,0,2.107283950617284,2794012
26640,0,0,0,2.1074074074074076,2794012
26641,0,0,0,2.107530864197531,2794012
26642,0,0,0,2.1076543209876544,2794012
26643,2,2,0,2.1077777777777778,2794014
26644,0,0,0,2.107901234567901,2794014
26645,0,0,0,2.1080246913580245,2794014
26646,205,160,0,2.1081481481481483,2794219
26647,0,0,0,2.1082716049382717,2794219
26648,0,0,0,2.108395061728395,2794219
26649,898,898,7,2.1076543209876544,2795117
26650,0,0,0,2.1077777777777778,2795117
26651,2,2,0,2.107901234567901,2795119
26652,2,2,0,2.1080246913580245,2795121
26653,271,179,10,2.1069135802469137,2795392
26654,0,0,0,2.107037037037037,2795392
26655,0,0,0,2.1071604938271604,2795392
26656,1,1,0,2.107283950617284,2795393
26657,0,0,0,2.1074074074074076,2795393
26658,78,59,0,2.107530864197531,2795471
26659,0,0,0,2.1076543209876544,2795471
26660,0,0,0,2.1077777777777778,2795471
26661,15,15,0,2.107901234567901,2795486
26662,0,0,0,2.1080246913580245,2795486
26663,0,0,0,2.1081481481481483,2795486
26664,0,0,0,2.1082716049382717,2795486
26665,12,11,0,2.108395061728395,2795498
26666,0,0,0,2.1085185185185185,2795498
26667,0,0,0,2.108641975308642,2795498
26668,0,0,0,2.108765432098765,2795498
26669,0,0,0,2.108888888888889,2795498
26670,2,2,0,2.1090123456790124,2795500
26671,1,1,0,2.109135802469136,2795501
26672,0,0,0,2.109259259259259,2795501
26673,0,0,0,2.1093827160493825,2795501
26674,0,0,0,2.1095061728395064,2795501
26675,0,0,0,2.1096296296296297,2795501
26676,3,3,0,2.109753086419753,2795504
26677,2,2,0,2.1098765432098765,2795506
26678,0,0,0,2.11,2795506
26679,0,0,0,2.1101234567901233,2795506
26680,0,0,0,2.110246913580247,2795506
26681,0,0,0,2.1103703703703705,2795506
26682,0,0,0,2.110493827160494,2795506
26683,136,110,0,2.110617283950617,2795642
26684,306,306,0,2.1107407407407406,2795948
26685,1,1,0,2.1108641975308644,2795949
26686,477,476,5,2.1103703703703705,2796426
26687,0,0,0,2.110493827160494,2796426
26688,1,1,0,2.110617283950617,2796427
26689,0,0,0,2.1107407407407406,2796427
26690,122,121,4,2.1103703703703705,2796549
26691,0,0,0,2.110493827160494,2796549
26692,0,0,0,2.110617283950617,2796549
26693,0,0,0,2.1107407407407406,2796549
26694,0,0,0,2.1108641975308644,2796549
26695,0,0,0,2.110987654320988,2796549
26696,0,0,0,2.111111111111111,2796549
26697,7,6,0,2.1112345679012345,2796556
26698,155,153,0,2.111358024691358,2796711
26699,0,0,0,2.1114814814814813,2796711
26700,0,0,0,2.111604938271605,2796711
26701,0,0,0,2.1117283950617285,2796711
26702,0,0,0,2.111851851851852,2796711
26703,2,2,0,2.1119753086419752,2796713
26704,0,0,0,2.1120987654320986,2796713
26705,0,0,0,2.112222222222222,2796713
26706,0,0,0,2.112345679012346,2796713
26707,29,29,0,2.112469135802469,2796742
26708,0,0,0,2.1125925925925926,2796742
26709,930,926,0,2.112716049382716,2797672
26710,0,0,0,2.1128395061728393,2797672
26711,0,0,0,2.112962962962963,2797672
26712,1,1,0,2.1130864197530865,2797673
26713,0,0,0,2.11320987654321,2797673
26714,45,45,8,2.112345679012346,2797718
26715,4,4,0,2.112469135802469,2797722
26716,11,11,5,2.1119753086419752,2797733
26717,0,0,0,2.1120987654320986,2797733
26718,0,0,0,2.112222222222222,2797733
26719,3,3,0,2.112345679012346,2797736
26720,143,142,0,2.112469135802469,2797879
26721,0,0,0,2.1125925925925926,2797879
26722,1267,763,6,2.1119753086419752,2799146
26723,0,0,0,2.1120987654320986,2799146
26724,0,0,0,2.112222222222222,2799146
26725,7,7,0,2.112345679012346,2799153
26726,0,0,0,2.112469135802469,2799153
26727,0,0,0,2.1125925925925926,2799153
26728,1,1,0,2.112716049382716,2799154
26729,23,23,0,2.1128395061728393,2799177
26730,0,0,0,2.112962962962963,2799177
26731,0,0,0,2.1130864197530865,2799177
26732,0,0,0,2.11320987654321,2799177
26733,0,0,0,2.1133333333333333,2799177
26734,1091,1012,4,2.112962962962963,2800268
26735,0,0,0,2.1130864197530865,2800268
26736,0,0,0,2.11320987654321,2800268
26737,16,16,0,2.1133333333333333,2800284
26738,0,0,0,2.1134567901234567,2800284
26739,0,0,0,2.11358024691358,2800284
26740,5,5,0,2.113703703703704,2800289
26741,1042,854,0,2.1138271604938272,2801331
26742,10,10,2,2.113703703703704,2801341
26743,0,0,0,2.1138271604938272,2801341
26744,1,1,1,2.1138271604938272,2801342
26745,0,0,0,2.1139506172839506,2801342
26746,0,0,0,2.114074074074074,2801342
26747,0,0,0,2.1141975308641974,2801342
26748,0,0,0,2.114320987654321,2801342
26749,0,0,0,2.1144444444444446,2801342
26750,0,0,0,2.114567901234568,2801342
26751,0,0,0,2.1146913580246913,2801342
26752,0,0,0,2.1148148148148147,2801342
26753,40,39,4,2.1144444444444446,2801382
26754,0,0,0,2.114567901234568,2801382
26755,474,474,0,2.1146913580246913,2801856
26756,39,37,8,2.1138271604938272,2801895
26757,0,0,0,2.1139506172839506,2801895
26758,723,723,3,2.113703703703704,2802618
26759,8077,3946,24,2.1108641975308644,2810695
26760,0,0,0,2.110987654320988,2810695
26761,0,0,0,2.111111111111111,2810695
26762,5,5,0,2.1112345679012345,2810700
26763,100,99,0,2.111358024691358,2810800
26764,3,3,0,2.1114814814814813,2810803
26765,0,0,0,2.111604938271605,2810803
26766,0,0,0,2.1117283950617285,2810803
26767,117,82,0,2.111851851851852,2810920
26768,0,0,0,2.1119753086419752,2810920
26769,510,510,0,2.1120987654320986,2811430
26770,0,0,0,2.112222222222222,2811430
26771,1005,989,17,2.110246913580247,2812435
26772,0,0,0,2.1103703703703705,2812435
26773,58,58,0,2.110493827160494,2812493
26774,0,0,0,2.110617283950617,2812493
26775,0,0,0,2.1107407407407406,2812493
26776,1,1,0,2.1108641975308644,2812494
26777,0,0,0,2.110987654320988,2812494
26778,0,0,0,2.111111111111111,2812494
26779,1,1,0,2.1112345679012345,2812495
26780,0,0,0,2.111358024691358,2812495
26781,26,25,3,2.111111111111111,2812521
26782,36,36,0,2.1112345679012345,2812557
26783,110,110,9,2.110246913580247,2812667
26784,35,35,0,2.1103703703703705,2812702
26785,0,0,0,2.110493827160494,2812702
26786,170,170,9,2.1095061728395064,2812872
26787,860,639,7,2.108765432098765,2813732
26788,0,0,0,2.108888888888889,2813732
26789,209,194,0,2.1090123456790124,2813941
26790,8,8,0,2.109135802469136,2813949
26791,41,41,0,2.109259259259259,2813990
26792,0,0,0,2.1093827160493825,2813990
26793,4,4,0,2.1095061728395064,2813994
26794,29,29,0,2.1096296296296297,2814023
26795,6,6,0,2.109753086419753,2814029
26796,8753,4286,16,2.107901234567901,2822782
26797,36,34,0,2.1080246913580245,2822818
26798,0,0,0,2.1081481481481483,2822818
26799,456,307,7,2.1074074074074076,2823274
26800,0,0,0,2.107530864197531,2823274
26801,12,12,0,2.1076543209876544,2823286
26802,0,0,0,2.1077777777777778,2823286
26803,1,1,1,2.1077777777777778,2823287
26804,43,43,0,2.107901234567901,2823330
26805,4,4,0,2.1080246913580245,2823334
26806,0,0,0,2.1081481481481483,2823334
26807,0,0,0,2.1082716049382717,2823334
26808,0,0,0,2.108395061728395,2823334
26809,0,0,0,2.1085185185185185,2823334
26810,0,0,0,2.108641975308642,2823334
26811,124,124,0,2.108765432098765,2823458
26812,0,0,0,2.108888888888889,2823458
26813,0,0,0,2.1090123456790124,2823458
26814,48,46,0,2.109135802469136,2823506
26815,0,0,0,2.109259259259259,2823506
26816,0,0,0,2.1093827160493825,2823506
26817,520,465,5,2.108888888888889,2824026
26818,0,0,0,2.1090123456790124,2824026
26819,0,0,0,2.109135802469136,2824026
26820,19,19,0,2.109259259259259,2824045
26821,3,3,0,2.1093827160493825,2824048
26822,0,0,0,2.1095061728395064,2824048
26823,0,0,0,2.1096296296296297,2824048
26824,33,33,0,2.109753086419753,2824081
26825,0,0,0,2.1098765432098765,2824081
26826,0,0,0,2.11,2824081
26827,1,1,1,2.11,2824082
26828,1220,1220,4,2.1096296296296297,2825302
26829,9,9,0,2.109753086419753,2825311
26830,16,16,0,2.1098765432098765,2825327
26831,0,0,0,2.11,2825327
26832,21,19,0,2.1101234567901233,2825348
26833,3,3,0,2.110246913580247,2825351
26834,2,2,0,2.1103703703703705,2825353
26835,306,301,0,2.110493827160494,2825659
26836,12,12,0,2.110617283950617,2825671
26837,300,298,0,2.1107407407407406,2825971
26838,0,0,0,2.1108641975308644,2825971
26839,141,123,0,2.110987654320988,2826112
26840,0,0,0,2.111111111111111,2826112
26841,0,0,0,2.1112345679012345,2826112
26842,42,32,0,2.111358024691358,2826154
26843,6595,3053,33,2.1074074074074076,2832749
26844,0,0,0,2.107530864197531,2832749
26845,1593,1191,1,2.107530864197531,2834342
26846,0,0,0,2.1076543209876544,2834342
26847,0,0,0,2.1077777777777778,2834342
26848,0,0,0,2.107901234567901,2834342
26849,0,0,0,2.1080246913580245,2834342
26850,7,7,0,2.1081481481481483,2834349
26851,794,771,0,2.1082716049382717,2835143
26852,0,0,0,2.108395061728395,2835143
26853,0,0,0,2.1085185185185185,2835143
26854,42,41,0,2.108641975308642,2835185
26855,3,3,0,2.108765432098765,2835188
26856,0,0,0,2.108888888888889,2835188
26857,0,0,0,2.1090123456790124,2835188
26858,2991,1992,7,2.1082716049382717,2838179
26859,353,236,0,2.108395061728395,2838532
26860,0,0,0,2.1085185185185185,2838532
26861,1190,803,1,2.1085185185185185,2839722
26862,0,0,0,2.108641975308642,2839722
26863,0,0,0,2.108765432098765,2839722
26864,0,0,0,2.108888888888889,2839722
26865,3,3,0,2.1090123456790124,2839725
26866,0,0,0,2.109135802469136,2839725
26867,10,10,0,2.109259259259259,2839735
26868,0,0,0,2.1093827160493825,2839735
26869,0,0,0,2.1095061728395064,2839735
26870,0,0,0,2.1096296296296297,2839735
26871,7,7,0,2.109753086419753,2839742
26872,0,0,0,2.1098765432098765,2839742
26873,37,31,0,2.11,2839779
26874,12,12,0,2.1101234567901233,2839791
26875,0,0,0,2.110246913580247,2839791
26876,0,0,0,2.1103703703703705,2839791
26877,4033,1438,6,2.109753086419753,2843824
26878,1478,1365,24,2.1069135802469137,2845302
26879,6,6,0,2.107037037037037,2845308
26880,0,0,0,2.1071604938271604,2845308
26881,0,0,0,2.107283950617284,2845308
26882,0,0,0,2.1074074074074076,2845308
26883,11,11,0,2.107530864197531,2845319
26884,0,0,0,2.1076543209876544,2845319
26885,1,1,0,2.1077777777777778,2845320
26886,0,0,0,2.107901234567901,2845320
26887,0,0,0,2.1080246913580245,2845320
26888,0,0,0,2.1081481481481483,2845320
26889,3,3,0,2.1082716049382717,2845323
26890,1,1,0,2.108395061728395,2845324
26891,0,0,0,2.1085185185185185,2845324
26892,0,0,0,2.108641975308642,2845324
26893,0,0,0,2.108765432098765,2845324
26894,186,186,0,2.108888888888889,2845510
26895,0,0,0,2.1090123456790124,2845510
26896,2,2,0,2.109135802469136,2845512
26897,0,0,0,2.109259259259259,2845512
26898,2,2,0,2.1093827160493825,2845514
26899,0,0,0,2.1095061728395064,2845514
26900,0,0,0,2.1096296296296297,2845514
26901,0,0,0,2.109753086419753,2845514
26902,0,0,0,2.1098765432098765,2845514
26903,0,0,0,2.11,2845514
26904,0,0,0,2.1101234567901233,2845514
26905,0,0,0,2.110246913580247,2845514
26906,0,0,0,2.1103703703703705,2845514
26907,0,0,0,2.110493827160494,2845514
26908,0,0,0,2.110617283950617,2845514
26909,0,0,0,2.1107407407407406,2845514
26910,0,0,0,2.1108641975308644,2845514
26911,0,0,0,2.110987654320988,2845514
26912,14,14,0,2.111111111111111,2845528
26913,0,0,0,2.1112345679012345,2845528
26914,0,0,0,2.111358024691358,2845528
26915,0,0,0,2.1114814814814813,2845528
26916,1627,1609,0,2.111604938271605,2847155
26917,0,0,0,2.1117283950617285,2847155
26918,94,93,0,2.111851851851852,2847249
26919,0,0,0,2.1119753086419752,2847249
26920,0,0,0,2.1120987654320986,2847249
26921,2,2,0,2.112222222222222,2847251
26922,0,0,0,2.112345679012346,2847251
26923,0,0,0,2.112469135802469,2847251
26924,74,74,0,2.1125925925925926,2847325
26925,10,10,0,2.112716049382716,2847335
26926,0,0,0,2.1128395061728393,2847335
26927,0,0,0,2.112962962962963,2847335
26928,1125,1125,10,2.111851851851852,2848460
26929,0,0,0,2.1119753086419752,2848460
26930,0,0,0,2.1120987654320986,2848460
26931,0,0,0,2.112222222222222,2848460
26932,0,0,0,2.112345679012346,2848460
26933,0,0,0,2.112469135802469,2848460
26934,3,3,0,2.1125925925925926,2848463
26935,0,0,0,2.112716049382716,2848463
26936,192,192,0,2.1128395061728393,2848655
26937,0,0,0,2.112962962962963,2848655
26938,93,92,4,2.1125925925925926,2848748
26939,4256,2236,0,2.112716049382716,2853004
26940,1556,1045,10,2.111604938271605,2854560
26941,0,0,0,2.1117283950617285,2854560
26942,0,0,0,2.111851851851852,2854560
26943,0,0,0,2.1119753086419752,2854560
26944,0,0,0,2.1120987654320986,2854560
26945,0,0,0,2.112222222222222,2854560
26946,0,0,0,2.112345679012346,2854560
26947,94,73,0,2.112469135802469,2854654
26948,2,2,0,2.1125925925925926,2854656
26949,0,0,0,2.112716049382716,2854656
26950,0,0,0,2.1128395061728393,2854656
26951,0,0,0,2.112962962962963,2854656
26952,0,0,0,2.1130864197530865,2854656
26953,0,0,0,2.11320987654321,2854656
26954,18,18,0,2.1133333333333333,2854674
26955,20,20,0,2.1134567901234567,2854694
26956,0,0,0,2.11358024691358,2854694
26957,0,0,0,2.113703703703704,2854694
26958,0,0,0,2.1138271604938272,2854694
26959,8,8,0,2.1139506172839506,2854702
26960,0,0,0,2.114074074074074,2854702
26961,526,423,2,2.1139506172839506,2855228
26962,1148,782,0,2.114074074074074,2856376
26963,0,0,0,2.1141975308641974,2856376
26964,0,0,0,2.114320987654321,2856376
26965,0,0,0,2.1144444444444446,2856376
26966,0,0,0,2.114567901234568,2856376
26967,1,1,0,2.1146913580246913,2856377
26968,1,1,0,2.1148148148148147,2856378
26969,148,148,0,2.114938271604938,2856526
26970,2,2,0,2.115061728395062,2856528
26971,0,0,0,2.1151851851851853,2856528
26972,0,0,0,2.1153086419753087,2856528
26973,0,0,0,2.115432098765432,2856528
26974,0,0,0,2.1155555555555554,2856528
26975,893,742,0,2.1156790123456792,2857421
26976,0,0,0,2.1158024691358026,2857421
26977,2057,1419,0,2.115925925925926,2859478
26978,0,0,0,2.1160493827160494,2859478
26979,0,0,0,2.1161728395061727,2859478
26980,0,0,0,2.116296296296296,2859478
26981,0,0,0,2.11641975308642,2859478
26982,0,0,0,2.1165432098765433,2859478
26983,0,0,0,2.1166666666666667,2859478
26984,0,0,0,2.11679012345679,2859478
26985,0,0,0,2.1169135802469135,2859478
26986,0,0,0,2.117037037037037,2859478
26987,0,0,0,2.1171604938271606,2859478
26988,0,0,0,2.117283950617284,2859478
26989,0,0,0,2.1174074074074074,2859478
26990,0,0,0,2.117530864197531,2859478
26991,0,0,0,2.117654320987654,2859478
26992,7,7,0,2.117777777777778,2859485
26993,0,0,0,2.1179012345679014,2859485
26994,0,0,0,2.1180246913580247,2859485
26995,0,0,0,2.118148148148148,2859485
26996,7,7,0,2.1182716049382715,2859492
26997,0,0,0,2.118395061728395,2859492
26998,0,0,0,2.1185185185185187,2859492
26999,0,0,0,2.118641975308642,2859492
27000,0,0,0,2.1187654320987654,2859492
27001,46,46,0,2.118888888888889,2859538
27002,0,0,0,2.119012345679012,2859538
27003,7,7,0,2.119135802469136,2859545
27004,0,0,0,2.1192592592592594,2859545
27005,0,0,0,2.1193827160493828,2859545
27006,0,0,0,2.119506172839506,2859545
27007,0,0,0,2.1196296296296295,2859545
27008,0,0,0,2.119753086419753,2859545
27009,0,0,0,2.1198765432098767,2859545
27010,0,0,0,2.12,2859545
27011,2,2,1,2.12,2859547
27012,216,216,0,2.1201234567901235,2859763
27013,0,0,0,2.120246913580247,2859763
27014,7,7,2,2.1201234567901235,2859770
27015,0,0,0,2.120246913580247,2859770
27016,0,0,0,2.1203703703703702,2859770
27017,0,0,0,2.1204938271604936,2859770
27018,61,53,0,2.1206172839506174,2859831
27019,0,0,0,2.120740740740741,2859831
27020,0,0,0,2.120864197530864,2859831
27021,74,74,7,2.1201234567901235,2859905
27022,0,0,0,2.120246913580247,2859905
27023,0,0,0,2.1203703703703702,2859905
27024,0,0,0,2.1204938271604936,2859905
27025,3,3,3,2.120246913580247,2859908
27026,1840,1572,28,2.1169135802469135,2861748
27027,0,0,0,2.117037037037037,2861748
27028,0,0,0,2.1171604938271606,2861748
27029,135,135,2,2.117037037037037,2861883
27030,1,1,0,2.1171604938271606,2861884
27031,2010,2010,9,2.1161728395061727,2863894
27032,6056,2841,4,2.1158024691358026,2869950
27033,1,1,0,2.115925925925926,2869951
27034,3,3,0,2.1160493827160494,2869954
27035,1401,1363,2,2.115925925925926,2871355
27036,32,25,3,2.1156790123456792,2871387
27037,0,0,0,2.1158024691358026,2871387
27038,0,0,0,2.115925925925926,2871387
27039,2590,1884,7,2.1151851851851853,2873977
27040,0,0,0,2.1153086419753087,2873977
27041,17945,4951,60,2.1080246913580245,2891922
27042,0,0,0,2.1081481481481483,2891922
27043,18,18,0,2.1082716049382717,2891940
27044,0,0,0,2.108395061728395,2891940
27045,47,47,0,2.1085185185185185,2891987
27046,0,0,0,2.108641975308642,2891987
27047,0,0,0,2.108765432098765,2891987
27048,0,0,0,2.108888888888889,2891987
27049,0,0,0,2.1090123456790124,2891987
27050,0,0,0,2.109135802469136,2891987
27051,5031,2749,28,2.1058024691358024,2897018
27052,1,1,0,2.1059259259259258,2897019
27053,0,0,0,2.1060493827160496,2897019
27054,5,5,0,2.106172839506173,2897024
27055,0,0,0,2.1062962962962963,2897024
27056,0,0,0,2.1064197530864197,2897024
27057,1,1,0,2.106543209876543,2897025
27058,1444,1430,0,2.1066666666666665,2898469
27059,0,0,0,2.1067901234567903,2898469
27060,13,13,0,2.1069135802469137,2898482
27061,0,0,0,2.107037037037037,2898482
27062,32,28,5,2.106543209876543,2898514
27063,8,8,0,2.1066666666666665,2898522
27064,3,3,3,2.1064197530864197,2898525
27065,0,0,0,2.106543209876543,2898525
27066,0,0,0,2.1066666666666665,2898525
27067,5,5,0,2.1067901234567903,2898530
27068,3069,1446,2,2.1066666666666665,2901599
27069,0,0,0,2.1067901234567903,2901599
27070,0,0,0,2.1069135802469137,2901599
27071,0,0,0,2.107037037037037,2901599
27072,0,0,0,2.1071604938271604,2901599
27073,0,0,0,2.107283950617284,2901599
27074,0,0,0,2.1074074074074076,2901599
27075,3,3,0,2.107530864197531,2901602
27076,3,3,0,2.1076543209876544,2901605
27077,16,16,0,2.1077777777777778,2901621
27078,1,1,0,2.107901234567901,2901622
27079,78,78,0,2.1080246913580245,2901700
27080,120,119,1,2.1080246913580245,2901820
27081,0,0,0,2.1081481481481483,2901820
27082,0,0,0,2.1082716049382717,2901820
27083,13,13,0,2.108395061728395,2901833
27084,0,0,0,2.1085185185185185,2901833
27085,101,101,0,2.108641975308642,2901934
27086,669,666,8,2.1077777777777778,2902603
27087,0,0,0,2.107901234567901,2902603
27088,19,19,0,2.1080246913580245,2902622
27089,0,0,0,2.1081481481481483,2902622
27090,1,1,0,2.1082716049382717,2902623
27091,0,0,0,2.108395061728395,2902623
27092,4,4,0,2.1085185185185185,2902627
27093,77,77,5,2.1080246913580245,2902704
27094,0,0,0,2.1081481481481483,2902704
27095,13,13,0,2.1082716049382717,2902717
27096,10,10,0,2.108395061728395,2902727
27097,0,0,0,2.1085185185185185,2902727
27098,1,1,0,2.108641975308642,2902728
27099,8,8,0,2.108765432098765,2902736
27100,0,0,0,2.108888888888889,2902736
27101,0,0,0,2.1090123456790124,2902736
27102,0,0,0,2.109135802469136,2902736
27103,0,0,0,2.109259259259259,2902736
27104,15,15,0,2.1093827160493825,2902751
27105,1466,1452,10,2.1082716049382717,2904217
27106,0,0,0,2.108395061728395,2904217
27107,1,1,0,2.1085185185185185,2904218
27108,0,0,0,2.108641975308642,2904218
27109,0,0,0,2.108765432098765,2904218
27110,1,1,0,2.108888888888889,2904219
27111,27,26,2,2.108765432098765,2904246
27112,110,110,0,2.108888888888889,2904356
27113,0,0,0,2.1090123456790124,2904356
27114,75,75,8,2.1081481481481483,2904431
27115,0,0,0,2.1082716049382717,2904431
27116,136,98,0,2.108395061728395,2904567
27117,20,20,0,2.1085185185185185,2904587
27118,0,0,0,2.108641975308642,2904587
27119,0,0,0,2.108765432098765,2904587
27120,0,0,0,2.108888888888889,2904587
27121,0,0,0,2.1090123456790124,2904587
27122,0,0,0,2.109135802469136,2904587
27123,5552,2942,11,2.107901234567901,2910139
27124,0,0,0,2.1080246913580245,2910139
27125,10,10,7,2.107283950617284,2910149
27126,0,0,0,2.1074074074074076,2910149
27127,87,86,0,2.107530864197531,2910236
27128,14,14,0,2.1076543209876544,2910250
27129,15,15,0,2.1077777777777778,2910265
27130,0,0,0,2.107901234567901,2910265
27131,0,0,0,2.1080246913580245,2910265
27132,0,0,0,2.1081481481481483,2910265
27133,4,4,0,2.1082716049382717,2910269
27134,0,0,0,2.108395061728395,2910269
27135,0,0,0,2.1085185185185185,2910269
27136,0,0,0,2.108641975308642,2910269
27137,1,1,0,2.108765432098765,2910270
27138,0,0,0,2.108888888888889,2910270
27139,0,0,0,2.1090123456790124,2910270
27140,1,1,0,2.109135802469136,2910271
27141,0,0,0,2.109259259259259,2910271
27142,2535,2535,20,2.1069135802469137,2912806
27143,1,1,0,2.107037037037037,2912807
27144,0,0,0,2.1071604938271604,2912807
27145,0,0,0,2.107283950617284,2912807
27146,0,0,0,2.1074074074074076,2912807
27147,0,0,0,2.107530864197531,2912807
27148,9,9,0,2.1076543209876544,2912816
27149,0,0,0,2.1077777777777778,2912816
27150,0,0,0,2.107901234567901,2912816
27151,0,0,0,2.1080246913580245,2912816
27152,1619,1186,3,2.1077777777777778,2914435
27153,0,0,0,2.107901234567901,2914435
27154,780,747,0,2.1080246913580245,2915215
27155,0,0,0,2.1081481481481483,2915215
27156,0,0,0,2.1082716049382717,2915215
27157,0,0,0,2.108395061728395,2915215
27158,0,0,0,2.1085185185185185,2915215
27159,0,0,0,2.108641975308642,2915215
27160,0,0,0,2.108765432098765,2915215
27161,0,0,0,2.108888888888889,2915215
27162,45,45,0,2.1090123456790124,2915260
27163,18,18,0,2.109135802469136,2915278
27164,32,29,0,2.109259259259259,2915310
27165,116,115,0,2.1093827160493825,2915426
27166,0,0,0,2.1095061728395064,2915426
27167,0,0,0,2.1096296296296297,2915426
27168,836,605,9,2.108641975308642,2916262
27169,0,0,0,2.108765432098765,2916262
27170,21,21,0,2.108888888888889,2916283
27171,204,204,1,2.108888888888889,2916487
27172,0,0,0,2.1090123456790124,2916487
27173,0,0,0,2.109135802469136,2916487
27174,1,1,1,2.109135802469136,2916488
27175,0,0,0,2.109259259259259,2916488
27176,0,0,0,2.1093827160493825,2916488
27177,0,0,0,2.1095061728395064,2916488
27178,0,0,0,2.1096296296296297,2916488
27179,0,0,0,2.109753086419753,2916488
27180,6,6,0,2.1098765432098765,2916494
27181,0,0,0,2.11,2916494
27182,0,0,0,2.1101234567901233,2916494
27183,3,3,0,2.110246913580247,2916497
27184,2,2,0,2.1103703703703705,2916499
27185,0,0,0,2.110493827160494,2916499
27186,0,0,0,2.110617283950617,2916499
27187,0,0,0,2.1107407407407406,2916499
27188,22,22,4,2.1103703703703705,2916521
27189,0,0,0,2.110493827160494,2916521
27190,0,0,0,2.110617283950617,2916521
27191,0,0,0,2.1107407407407406,2916521
27192,1,1,0,2.1108641975308644,2916522
27193,0,0,0,2.110987654320988,2916522
27194,0,0,0,2.111111111111111,2916522
27195,60,60,0,2.1112345679012345,2916582
27196,0,0,0,2.111358024691358,2916582
27197,262,169,3,2.111111111111111,2916844
27198,1,1,0,2.1112345679012345,2916845
27199,56,56,0,2.111358024691358,2916901
27200,0,0,0,2.1114814814814813,2916901
27201,86,79,0,2.111604938271605,2916987
27202,12850,5038,6,2.110987654320988,2929837
27203,3848,3848,1,2.110987654320988,2933685
27204,0,0,0,2.111111111111111,2933685
27205,3639,3397,3,2.1108641975308644,2937324
27206,0,0,0,2.110987654320988,2937324
27207,15,15,0,2.111111111111111,2937339
27208,284,282,2,2.110987654320988,2937623
27209,0,0,0,2.111111111111111,2937623
27210,17,17,2,2.110987654320988,2937640
27211,16,16,3,2.1107407407407406,2937656
27212,3328,2096,0,2.1108641975308644,2940984
27213,0,0,0,2.110987654320988,2940984
27214,4,4,0,2.111111111111111,2940988
27215,9,9,0,2.1112345679012345,2940997
27216,0,0,0,2.111358024691358,2940997
27217,0,0,0,2.1114814814814813,2940997
27218,0,0,0,2.111604938271605,2940997
27219,1228,961,0,2.1117283950617285,2942225
27220,0,0,0,2.111851851851852,2942225
27221,206,206,3,2.111604938271605,2942431
27222,0,0,0,2.1117283950617285,2942431
27223,23,23,0,2.111851851851852,2942454
27224,0,0,0,2.1119753086419752,2942454
27225,0,0,0,2.1120987654320986,2942454
27226,0,0,0,2.112222222222222,2942454
27227,379,242,2,2.1120987654320986,2942833
27228,0,0,0,2.112222222222222,2942833
27229,0,0,0,2.112345679012346,2942833
27230,53,53,0,2.112469135802469,2942886
27231,7,7,4,2.1120987654320986,2942893
27232,2091,1953,14,2.110493827160494,2944984
27233,2,2,0,2.110617283950617,2944986
27234,0,0,0,2.1107407407407406,2944986
27235,0,0,0,2.1108641975308644,2944986
27236,0,0,0,2.110987654320988,2944986
27237,0,0,0,2.111111111111111,2944986
27238,0,0,0,2.1112345679012345,2944986
27239,0,0,0,2.111358024691358,2944986
27240,0,0,0,2.1114814814814813,2944986
27241,21,21,0,2.111604938271605,2945007
27242,0,0,0,2.1117283950617285,2945007
27243,0,0,0,2.111851851851852,2945007
27244,0,0,0,2.1119753086419752,2945007
27245,37,35,0,2.1120987654320986,2945044
27246,0,0,0,2.112222222222222,2945044
27247,0,0,0,2.112345679012346,2945044
27248,0,0,0,2.112469135802469,2945044
27249,0,0,0,2.1125925925925926,2945044
27250,0,0,0,2.112716049382716,2945044
27251,4,4,0,2.1128395061728393,2945048
27252,0,0,0,2.112962962962963,2945048
27253,0,0,0,2.1130864197530865,2945048
27254,0,0,0,2.11320987654321,2945048
27255,127,127,5,2.112716049382716,2945175
27256,110,110,0,2.1128395061728393,2945285
27257,0,0,0,2.112962962962963,2945285
27258,0,0,0,2.1130864197530865,2945285
27259,0,0,0,2.11320987654321,2945285
27260,0,0,0,2.1133333333333333,2945285
27261,0,0,0,2.1134567901234567,2945285
27262,0,0,0,2.11358024691358,2945285
27263,21,21,0,2.113703703703704,2945306
27264,59,59,0,2.1138271604938272,2945365
27265,0,0,0,2.1139506172839506,2945365
27266,628,443,0,2.114074074074074,2945993
27267,1212,749,0,2.1141975308641974,2947205
27268,0,0,0,2.114320987654321,2947205
27269,1467,922,2,2.1141975308641974,2948672
27270,0,0,0,2.114320987654321,2948672
27271,0,0,0,2.1144444444444446,2948672
27272,761,761,5,2.1139506172839506,2949433
27273,1197,1119,0,2.114074074074074,2950630
27274,4,4,0,2.1141975308641974,2950634
27275,0,0,0,2.114320987654321,2950634
27276,0,0,0,2.1144444444444446,2950634
27277,0,0,0,2.114567901234568,2950634
27278,4,4,0,2.1146913580246913,2950638
27279,1279,1230,0,2.1148148148148147,2951917
27280,0,0,0,2.114938271604938,2951917
27281,0,0,0,2.115061728395062,2951917
27282,411,391,4,2.1146913580246913,2952328
27283,0,0,0,2.1148148148148147,2952328
27284,0,0,0,2.114938271604938,2952328
27285,0,0,0,2.115061728395062,2952328
27286,2484,2440,9,2.114074074074074,2954812
27287,0,0,0,2.1141975308641974,2954812
27288,0,0,0,2.114320987654321,2954812
27289,0,0,0,2.1144444444444446,2954812
27290,0,0,0,2.114567901234568,2954812
27291,17,17,0,2.1146913580246913,2954829
27292,0,0,0,2.1148148148148147,2954829
27293,19,17,0,2.114938271604938,2954848
27294,11,11,0,2.115061728395062,2954859
27295,0,0,0,2.1151851851851853,2954859
27296,7,7,0,2.1153086419753087,2954866
27297,0,0,0,2.115432098765432,2954866
27298,0,0,0,2.1155555555555554,2954866
27299,1,1,0,2.1156790123456792,2954867
27300,0,0,0,2.1158024691358026,2954867
27301,3,3,0,2.115925925925926,2954870
27302,8,8,0,2.1160493827160494,2954878
27303,129,118,0,2.1161728395061727,2955007
27304,0,0,0,2.116296296296296,2955007
27305,3,3,0,2.11641975308642,2955010
27306,304,304,2,2.116296296296296,2955314
27307,0,0,0,2.11641975308642,2955314
27308,1,1,0,2.1165432098765433,2955315
27309,0,0,0,2.1166666666666667,2955315
27310,0,0,0,2.11679012345679,2955315
27311,0,0,0,2.1169135802469135,2955315
27312,0,0,0,2.117037037037037,2955315
27313,7,7,0,2.1171604938271606,2955322
27314,0,0,0,2.117283950617284,2955322
27315,0,0,0,2.1174074074074074,2955322
27316,0,0,0,2.117530864197531,2955322
27317,447,447,0,2.117654320987654,2955769
27318,4,4,0,2.117777777777778,2955773
27319,223,192,1,2.117777777777778,2955996
27320,87,73,10,2.1166666666666667,2956083
27321,0,0,0,2.11679012345679,2956083
27322,14,14,0,2.1169135802469135,2956097
27323,0,0,0,2.117037037037037,2956097
27324,0,0,0,2.1171604938271606,2956097
27325,0,0,0,2.117283950617284,2956097
27326,0,0,0,2.1174074074074074,2956097
27327,33,30,0,2.117530864197531,2956130
27328,76,76,6,2.1169135802469135,2956206
27329,0,0,0,2.117037037037037,2956206
27330,0,0,0,2.1171604938271606,2956206
27331,0,0,0,2.117283950617284,2956206
27332,0,0,0,2.1174074074074074,2956206
27333,0,0,0,2.117530864197531,2956206
27334,0,0,0,2.117654320987654,2956206
27335,102,102,10,2.1165432098765433,2956308
27336,5584,4461,26,2.1134567901234567,2961892
27337,622,622,0,2.11358024691358,2962514
27338,6,6,2,2.1134567901234567,2962520
27339,0,0,0,2.11358024691358,2962520
27340,0,0,0,2.113703703703704,2962520
27341,0,0,0,2.1138271604938272,2962520
27342,0,0,0,2.1139506172839506,2962520
27343,0,0,0,2.114074074074074,2962520
27344,9,9,0,2.1141975308641974,2962529
27345,0,0,0,2.114320987654321,2962529
27346,5,5,0,2.1144444444444446,2962534
27347,0,0,0,2.114567901234568,2962534
27348,0,0,0,2.1146913580246913,2962534
27349,0,0,0,2.1148148148148147,2962534
27350,1621,1619,14,2.11320987654321,2964155
27351,0,0,0,2.1133333333333333,2964155
27352,0,0,0,2.1134567901234567,2964155
27353,0,0,0,2.11358024691358,2964155
27354,72,53,0,2.113703703703704,2964227
27355,8,8,3,2.1134567901234567,2964235
27356,1,1,0,2.11358024691358,2964236
27357,0,0,0,2.113703703703704,2964236
27358,0,0,0,2.1138271604938272,2964236
27359,0,0,0,2.1139506172839506,2964236
27360,0,0,0,2.114074074074074,2964236
27361,812,518,11,2.1128395061728393,2965048
27362,0,0,0,2.112962962962963,2965048
27363,0,0,0,2.1130864197530865,2965048
27364,3307,3229,16,2.1112345679012345,2968355
27365,0,0,0,2.111358024691358,2968355
27366,1,1,0,2.1114814814814813,2968356
27367,1,1,0,2.111604938271605,2968357
27368,0,0,0,2.1117283950617285,2968357
27369,0,0,0,2.111851851851852,2968357
27370,30,28,5,2.111358024691358,2968387
27371,32,32,2,2.1112345679012345,2968419
27372,38,37,4,2.1108641975308644,2968457
27373,0,0,0,2.110987654320988,2968457
27374,2,2,0,2.111111111111111,2968459
27375,7,7,0,2.1112345679012345,2968466
27376,0,0,0,2.111358024691358,2968466
27377,449,449,0,2.1114814814814813,2968915
27378,2,2,0,2.111604938271605,2968917
27379,26,26,0,2.1117283950617285,2968943
27380,0,0,0,2.111851851851852,2968943
27381,0,0,0,2.1119753086419752,2968943
27382,0,0,0,2.1120987654320986,2968943
27383,1,1,0,2.112222222222222,2968944
27384,11390,4593,1,2.112222222222222,2980334
27385,0,0,0,2.112345679012346,2980334
27386,0,0,0,2.112469135802469,2980334
27387,1,1,0,2.1125925925925926,2980335
27388,0,0,0,2.112716049382716,2980335
27389,1357,855,23,2.11,2981692
27390,176,174,3,2.109753086419753,2981868
27391,64,64,0,2.1098765432098765,2981932
27392,0,0,0,2.11,2981932
27393,74,74,0,2.1101234567901233,2982006
27394,631,551,0,2.110246913580247,2982637
27395,268,265,0,2.1103703703703705,2982905
27396,16,16,0,2.110493827160494,2982921
27397,0,0,0,2.110617283950617,2982921
27398,0,0,0,2.1107407407407406,2982921
27399,82,82,0,2.1108641975308644,2983003
27400,5,5,0,2.110987654320988,2983008
27401,0,0,0,2.111111111111111,2983008
27402,0,0,0,2.1112345679012345,2983008
27403,3,3,0,2.111358024691358,2983011
27404,3,3,0,2.1114814814814813,2983014
27405,0,0,0,2.111604938271605,2983014
27406,361,355,0,2.1117283950617285,2983375
27407,1,1,1,2.1117283950617285,2983376
27408,225,225,1,2.1117283950617285,2983601
27409,0,0,0,2.111851851851852,2983601
27410,0,0,0,2.1119753086419752,2983601
27411,2111,1960,7,2.1112345679012345,2985712
27412,0,0,0,2.111358024691358,2985712
27413,0,0,0,2.1114814814814813,2985712
27414,0,0,0,2.111604938271605,2985712
27415,0,0,0,2.1117283950617285,2985712
27416,0,0,0,2.111851851851852,2985712
27417,0,0,0,2.1119753086419752,2985712
27418,44,44,0,2.1120987654320986,2985756
27419,0,0,0,2.112222222222222,2985756
27420,669,437,3,2.1119753086419752,2986425
27421,56,56,0,2.1120987654320986,2986481
27422,0,0,0,2.112222222222222,2986481
27423,0,0,0,2.112345679012346,2986481
27424,0,0,0,2.112469135802469,2986481
27425,12,12,0,2.1125925925925926,2986493
27426,0,0,0,2.112716049382716,2986493
27427,1559,1559,4,2.112345679012346,2988052
27428,0,0,0,2.112469135802469,2988052
27429,0,0,0,2.1125925925925926,2988052
27430,0,0,0,2.112716049382716,2988052
27431,0,0,0,2.1128395061728393,2988052
27432,82,82,0,2.112962962962963,2988134
27433,0,0,0,2.1130864197530865,2988134
27434,0,0,0,2.11320987654321,2988134
27435,13,13,4,2.1128395061728393,2988147
27436,0,0,0,2.112962962962963,2988147
27437,0,0,0,2.1130864197530865,2988147
27438,0,0,0,2.11320987654321,2988147
27439,5,5,1,2.11320987654321,2988152
27440,1334,1334,0,2.1133333333333333,2989486
27441,4687,4242,26,2.110246913580247,2994173
27442,86,86,2,2.1101234567901233,2994259
27443,0,0,0,2.110246913580247,2994259
27444,0,0,0,2.1103703703703705,2994259
27445,0,0,0,2.110493827160494,2994259
27446,7,6,0,2.110617283950617,2994266
27447,24,24,0,2.1107407407407406,2994290
27448,0,0,0,2.1108641975308644,2994290
27449,0,0,0,2.110987654320988,2994290
27450,3,3,0,2.111111111111111,2994293
27451,117,115,0,2.1112345679012345,2994410
27452,1555,975,0,2.111358024691358,2995965
27453,0,0,0,2.1114814814814813,2995965
27454,0,0,0,2.111604938271605,2995965
27455,0,0,0,2.1117283950617285,2995965
27456,96,96,0,2.111851851851852,2996061
27457,0,0,0,2.1119753086419752,2996061
27458,0,0,0,2.1120987654320986,2996061
27459,2,2,0,2.112222222222222,2996063
27460,11,11,0,2.112345679012346,2996074
27461,0,0,0,2.112469135802469,2996074
27462,15681,5508,17,2.110493827160494,3011755
27463,0,0,0,2.110617283950617,3011755
27464,4025,2155,5,2.1101234567901233,3015780
27465,0,0,0,2.110246913580247,3015780
27466,0,0,0,2.1103703703703705,3015780
27467,0,0,0,2.110493827160494,3015780
27468,0,0,0,2.110617283950617,3015780
27469,24,24,0,2.1107407407407406,3015804
27470,0,0,0,2.1108641975308644,3015804
27471,0,0,0,2.110987654320988,3015804
27472,0,0,0,2.111111111111111,3015804
27473,49,49,0,2.1112345679012345,3015853
27474,0,0,0,2.111358024691358,3015853
27475,506,317,13,2.1098765432098765,3016359
27476,22,22,0,2.11,3016381
27477,3,3,0,2.1101234567901233,3016384
27478,0,0,0,2.110246913580247,3016384
27479,0,0,0,2.1103703703703705,3016384
27480,0,0,0,2.110493827160494,3016384
27481,1,1,0,2.110617283950617,3016385
27482,2,2,0,2.1107407407407406,3016387
27483,0,0,0,2.1108641975308644,3016387
27484,1,1,0,2.110987654320988,3016388
27485,0,0,0,2.111111111111111,3016388
27486,0,0,0,2.1112345679012345,3016388
27487,0,0,0,2.111358024691358,3016388
27488,0,0,0,2.1114814814814813,3016388
27489,587,379,0,2.111604938271605,3016975
27490,0,0,0,2.1117283950617285,3016975
27491,0,0,0,2.111851851851852,3016975
27492,7,7,0,2.1119753086419752,3016982
27493,0,0,0,2.1120987654320986,3016982
27494,18,18,0,2.112222222222222,3017000
27495,0,0,0,2.112345679012346,3017000
27496,0,0,0,2.112469135802469,3017000
27497,3,3,1,2.112469135802469,3017003
27498,0,0,0,2.1125925925925926,3017003
27499,4904,1942,16,2.1107407407407406,3021907
27500,0,0,0,2.1108641975308644,3021907
27501,0,0,0,2.110987654320988,3021907
27502,2,2,0,2.111111111111111,3021909
27503,0,0,0,2.1112345679012345,3021909
27504,0,0,0,2.111358024691358,3021909
27505,0,0,0,2.1114814814814813,3021909
27506,28,28,0,2.111604938271605,3021937
27507,0,0,0,2.1117283950617285,3021937
27508,0,0,0,2.111851851851852,3021937
27509,4,4,3,2.111604938271605,3021941
27510,0,0,0,2.1117283950617285,3021941
27511,0,0,0,2.111851851851852,3021941
27512,10,10,0,2.1119753086419752,3021951
27513,0,0,0,2.1120987654320986,3021951
27514,1,1,0,2.112222222222222,3021952
27515,38,38,0,2.112345679012346,3021990
27516,114,114,0,2.112469135802469,3022104
27517,0,0,0,2.1125925925925926,3022104
27518,0,0,0,2.112716049382716,3022104
27519,0,0,0,2.1128395061728393,3022104
27520,0,0,0,2.112962962962963,3022104
27521,0,0,0,2.1130864197530865,3022104
27522,1658,1658,8,2.112222222222222,3023762
27523,0,0,0,2.112345679012346,3023762
27524,3,3,0,2.112469135802469,3023765
27525,0,0,0,2.1125925925925926,3023765
27526,417,326,2,2.112469135802469,3024182
27527,0,0,0,2.1125925925925926,3024182
27528,410,346,1,2.1125925925925926,3024592
27529,0,0,0,2.112716049382716,3024592
27530,0,0,0,2.1128395061728393,3024592
27531,2165,1674,11,2.111604938271605,3026757
27532,0,0,0,2.1117283950617285,3026757
27533,0,0,0,2.111851851851852,3026757
27534,0,0,0,2.1119753086419752,3026757
27535,0,0,0,2.1120987654320986,3026757
27536,4,4,0,2.112222222222222,3026761
27537,452,451,0,2.112345679012346,3027213
27538,968,968,5,2.111851851851852,3028181
27539,844,812,3,2.111604938271605,3029025
27540,0,0,0,2.1117283950617285,3029025
27541,0,0,0,2.111851851851852,3029025
27542,0,0,0,2.1119753086419752,3029025
27543,1343,1343,0,2.1120987654320986,3030368
27544,0,0,0,2.112222222222222,3030368
27545,28,24,3,2.1119753086419752,3030396
27546,3495,3495,15,2.110246913580247,3033891
27547,0,0,0,2.1103703703703705,3033891
27548,0,0,0,2.110493827160494,3033891
27549,776,632,3,2.110246913580247,3034667
27550,1,1,0,2.1103703703703705,3034668
27551,0,0,0,2.110493827160494,3034668
27552,0,0,0,2.110617283950617,3034668
27553,0,0,0,2.1107407407407406,3034668
27554,0,0,0,2.1108641975308644,3034668
27555,0,0,0,2.110987654320988,3034668
27556,0,0,0,2.111111111111111,3034668
27557,1360,1170,5,2.110617283950617,3036028
27558,444,444,0,2.1107407407407406,3036472
27559,0,0,0,2.1108641975308644,3036472
27560,1,1,0,2.110987654320988,3036473
27561,0,0,0,2.111111111111111,3036473
27562,11,11,0,2.1112345679012345,3036484
27563,0,0,0,2.111358024691358,3036484
27564,428,427,0,2.1114814814814813,3036912
27565,3,3,0,2.111604938271605,3036915
27566,1,1,0,2.1117283950617285,3036916
27567,0,0,0,2.111851851851852,3036916
27568,0,0,0,2.1119753086419752,3036916
27569,0,0,0,2.1120987654320986,3036916
27570,4,4,0,2.112222222222222,3036920
27571,0,0,0,2.112345679012346,3036920
27572,0,0,0,2.112469135802469,3036920
27573,0,0,0,2.1125925925925926,3036920
27574,0,0,0,2.112716049382716,3036920
27575,0,0,0,2.1128395061728393,3036920
27576,186,186,0,2.112962962962963,3037106
27577,0,0,0,2.1130864197530865,3037106
27578,4,4,0,2.11320987654321,3037110
27579,0,0,0,2.1133333333333333,3037110
27580,0,0,0,2.1134567901234567,3037110
27581,1,1,0,2.11358024691358,3037111
27582,3,3,0,2.113703703703704,3037114
27583,0,0,0,2.1138271604938272,3037114
27584,0,0,0,2.1139506172839506,3037114
27585,0,0,0,2.114074074074074,3037114
27586,0,0,0,2.1141975308641974,3037114
27587,0,0,0,2.114320987654321,3037114
27588,90,90,2,2.1141975308641974,3037204
27589,0,0,0,2.114320987654321,3037204
27590,23,23,0,2.1144444444444446,3037227
27591,1628,1090,0,2.114567901234568,3038855
27592,0,0,0,2.1146913580246913,3038855
27593,0,0,0,2.1148148148148147,3038855
27594,0,0,0,2.114938271604938,3038855
27595,0,0,0,2.115061728395062,3038855
27596,5,5,2,2.114938271604938,3038860
27597,3197,3197,2,2.1148148148148147,3042057
27598,0,0,0,2.114938271604938,3042057
27599,536,536,13,2.1134567901234567,3042593
27600,0,0,0,2.11358024691358,3042593
27601,0,0,0,2.113703703703704,3042593
27602,0,0,0,2.1138271604938272,3042593
27603,29,29,1,2.1138271604938272,3042622
27604,0,0,0,2.1139506172839506,3042622
27605,0,0,0,2.114074074074074,3042622
27606,0,0,0,2.1141975308641974,3042622
27607,2888,2111,16,2.112345679012346,3045510
27608,0,0,0,2.112469135802469,3045510
27609,0,0,0,2.1125925925925926,3045510
27610,11,11,0,2.112716049382716,3045521
27611,0,0,0,2.1128395061728393,3045521
27612,171,171,0,2.112962962962963,3045692
27613,0,0,0,2.1130864197530865,3045692
27614,0,0,0,2.11320987654321,3045692
27615,0,0,0,2.1133333333333333,3045692
27616,0,0,0,2.1134567901234567,3045692
27617,6150,3430,15,2.1117283950617285,3051842
27618,0,0,0,2.111851851851852,3051842
27619,0,0,0,2.1119753086419752,3051842
27620,0,0,0,2.1120987654320986,3051842
27621,0,0,0,2.112222222222222,3051842
27622,37,37,5,2.1117283950617285,3051879
27623,1120,1120,12,2.1103703703703705,3052999
27624,0,0,0,2.110493827160494,3052999
27625,7,7,0,2.110617283950617,3053006
27626,0,0,0,2.1107407407407406,3053006
27627,24,22,0,2.1108641975308644,3053030
27628,6,6,0,2.110987654320988,3053036
27629,0,0,0,2.111111111111111,3053036
27630,0,0,0,2.1112345679012345,3053036
27631,3,3,0,2.111358024691358,3053039
27632,0,0,0,2.1114814814814813,3053039
27633,0,0,0,2.111604938271605,3053039
27634,1,1,0,2.1117283950617285,3053040
27635,14,14,0,2.111851851851852,3053054
27636,0,0,0,2.1119753086419752,3053054
27637,0,0,0,2.1120987654320986,3053054
27638,0,0,0,2.112222222222222,3053054
27639,12,12,0,2.112345679012346,3053066
27640,0,0,0,2.112469135802469,3053066
27641,0,0,0,2.1125925925925926,3053066
27642,0,0,0,2.112716049382716,3053066
27643,0,0,0,2.1128395061728393,3053066
27644,3,3,0,2.112962962962963,3053069
27645,342,319,1,2.112962962962963,3053411
27646,9,9,0,2.1130864197530865,3053420
27647,0,0,0,2.11320987654321,3053420
27648,3,3,0,2.1133333333333333,3053423
27649,0,0,0,2.1134567901234567,3053423
27650,0,0,0,2.11358024691358,3053423
27651,0,0,0,2.113703703703704,3053423
27652,0,0,0,2.1138271604938272,3053423
27653,0,0,0,2.1139506172839506,3053423
27654,0,0,0,2.114074074074074,3053423
27655,1,1,0,2.1141975308641974,3053424
27656,9,9,0,2.114320987654321,3053433
27657,0,0,0,2.1144444444444446,3053433
27658,8,8,0,2.114567901234568,3053441
27659,5794,4293,35,2.1103703703703705,3059235
27660,0,0,0,2.110493827160494,3059235
27661,0,0,0,2.110617283950617,3059235
27662,1,1,0,2.1107407407407406,3059236
27663,0,0,0,2.1108641975308644,3059236
27664,3934,2307,13,2.1093827160493825,3063170
27665,0,0,0,2.1095061728395064,3063170
27666,0,0,0,2.1096296296296297,3063170
27667,100,100,0,2.109753086419753,3063270
27668,0,0,0,2.1098765432098765,3063270
27669,436,329,12,2.1085185185185185,3063706
27670,41,41,0,2.108641975308642,3063747
27671,43,43,0,2.108765432098765,3063790
27672,0,0,0,2.108888888888889,3063790
27673,37,33,1,2.108888888888889,3063827
27674,0,0,0,2.1090123456790124,3063827
27675,4,4,0,2.109135802469136,3063831
27676,16,16,0,2.109259259259259,3063847
27677,1058,1045,4,2.108888888888889,3064905
27678,0,0,0,2.1090123456790124,3064905
27679,0,0,0,2.109135802469136,3064905
27680,0,0,0,2.109259259259259,3064905
27681,0,0,0,2.1093827160493825,3064905
27682,0,0,0,2.1095061728395064,3064905
27683,140,140,0,2.1096296296296297,3065045
27684,2,2,2,2.1095061728395064,3065047
27685,0,0,0,2.1096296296296297,3065047
27686,121,121,0,2.109753086419753,3065168
27687,1882,1704,0,2.1098765432098765,3067050
27688,0,0,0,2.11,3067050
27689,3089,2203,0,2.1101234567901233,3070139
27690,648,646,0,2.110246913580247,3070787
27691,4,4,2,2.1101234567901233,3070791
27692,0,0,0,2.110246913580247,3070791
27693,2,2,0,2.1103703703703705,3070793
27694,2330,2330,4,2.11,3073123
27695,170,163,0,2.1101234567901233,3073293
27696,0,0,0,2.110246913580247,3073293
27697,3,3,0,2.1103703703703705,3073296
27698,626,534,3,2.1101234567901233,3073922
27699,0,0,0,2.110246913580247,3073922
27700,0,0,0,2.1103703703703705,3073922
27701,1,1,0,2.110493827160494,3073923
27702,0,0,0,2.110617283950617,3073923
27703,2602,1325,0,2.1107407407407406,3076525
27704,7615,3730,11,2.1095061728395064,3084140
27705,0,0,0,2.1096296296296297,3084140
27706,344,344,7,2.108888888888889,3084484
27707,22,22,0,2.1090123456790124,3084506
27708,1805,1545,12,2.1076543209876544,3086311
27709,0,0,0,2.1077777777777778,3086311
27710,33,33,0,2.107901234567901,3086344
27711,137,137,0,2.1080246913580245,3086481
27712,1248,1248,1,2.1080246913580245,3087729
27713,0,0,0,2.1081481481481483,3087729
27714,8,8,6,2.107530864197531,3087737
27715,0,0,0,2.1076543209876544,3087737
27716,0,0,0,2.1077777777777778,3087737
27717,3,3,0,2.107901234567901,3087740
27718,0,0,0,2.1080246913580245,3087740
27719,19447,5117,23,2.1053086419753084,3107187
27720,0,0,0,2.1054320987654322,3107187
27721,0,0,0,2.1055555555555556,3107187
27722,0,0,0,2.105679012345679,3107187
27723,0,0,0,2.1058024691358024,3107187
27724,0,0,0,2.1059259259259258,3107187
27725,40,40,0,2.1060493827160496,3107227
27726,0,0,0,2.106172839506173,3107227
27727,0,0,0,2.1062962962962963,3107227
27728,0,0,0,2.1064197530864197,3107227
27729,0,0,0,2.106543209876543,3107227
27730,72,72,10,2.1054320987654322,3107299
27731,1,1,0,2.1055555555555556,3107300
27732,0,0,0,2.105679012345679,3107300
27733,70,70,0,2.1058024691358024,3107370
27734,0,0,0,2.1059259259259258,3107370
27735,0,0,0,2.1060493827160496,3107370
27736,1,1,0,2.106172839506173,3107371
27737,0,0,0,2.1062962962962963,3107371
27738,0,0,0,2.1064197530864197,3107371
27739,3,3,0,2.106543209876543,3107374
27740,11,11,0,2.1066666666666665,3107385
27741,0,0,0,2.1067901234567903,3107385
27742,3,3,0,2.1069135802469137,3107388
27743,0,0,0,2.107037037037037,3107388
27744,89,89,0,2.1071604938271604,3107477
27745,0,0,0,2.107283950617284,3107477
27746,0,0,0,2.1074074074074076,3107477
27747,0,0,0,2.107530864197531,3107477
27748,3,3,0,2.1076543209876544,3107480
27749,0,0,0,2.1077777777777778,3107480
27750,68,68,2,2.1076543209876544,3107548
27751,0,0,0,2.1077777777777778,3107548
27752,0,0,0,2.107901234567901,3107548
27753,0,0,0,2.1080246913580245,3107548
27754,83,83,0,2.1081481481481483,3107631
27755,0,0,0,2.1082716049382717,3107631
27756,0,0,0,2.108395061728395,3107631
27757,156,156,0,2.1085185185185185,3107787
27758,1,1,0,2.108641975308642,3107788
27759,14,14,0,2.108765432098765,3107802
27760,342,342,0,2.108888888888889,3108144
27761,0,0,0,2.1090123456790124,3108144
27762,2037,1619,16,2.1071604938271604,3110181
27763,0,0,0,2.107283950617284,3110181
27764,1,1,0,2.1074074074074076,3110182
27765,157,157,6,2.1067901234567903,3110339
27766,0,0,0,2.1069135802469137,3110339
27767,0,0,0,2.107037037037037,3110339
27768,0,0,0,2.1071604938271604,3110339
27769,0,0,0,2.107283950617284,3110339
27770,12,12,3,2.107037037037037,3110351
27771,0,0,0,2.1071604938271604,3110351
27772,326,326,0,2.107283950617284,3110677
27773,2,2,0,2.1074074074074076,3110679
27774,25,25,4,2.107037037037037,3110704
27775,0,0,0,2.1071604938271604,3110704
27776,13,13,0,2.107283950617284,3110717
27777,0,0,0,2.1074074074074076,3110717
27778,260,173,0,2.107530864197531,3110977
27779,0,0,0,2.1076543209876544,3110977
27780,0,0,0,2.1077777777777778,3110977
27781,0,0,0,2.107901234567901,3110977
27782,2341,1488,4,2.107530864197531,3113318
27783,4,4,0,2.1076543209876544,3113322
27784,39,39,0,2.1077777777777778,3113361
27785,50,50,0,2.107901234567901,3113411
27786,77,77,0,2.1080246913580245,3113488
27787,0,0,0,2.1081481481481483,3113488
27788,0,0,0,2.1082716049382717,3113488
27789,0,0,0,2.108395061728395,3113488
27790,32,26,5,2.107901234567901,3113520
27791,0,0,0,2.1080246913580245,3113520
27792,1533,1126,18,2.1059259259259258,3115053
27793,0,0,0,2.1060493827160496,3115053
27794,620,618,7,2.1053086419753084,3115673
27795,5,5,0,2.1054320987654322,3115678
27796,2,2,0,2.1055555555555556,3115680
27797,0,0,0,2.105679012345679,3115680
27798,0,0,0,2.1058024691358024,3115680
27799,1,1,0,2.1059259259259258,3115681
27800,0,0,0,2.1060493827160496,3115681
27801,0,0,0,2.106172839506173,3115681
27802,0,0,0,2.1062962962962963,3115681
27803,0,0,0,2.1064197530864197,3115681
27804,0,0,0,2.106543209876543,3115681
27805,148,148,0,2.1066666666666665,3115829
27806,8,8,0,2.1067901234567903,3115837
27807,0,0,0,2.1069135802469137,3115837
27808,39,39,0,2.107037037037037,3115876
27809,0,0,0,2.1071604938271604,3115876
27810,0,0,0,2.107283950617284,3115876
27811,86,86,3,2.107037037037037,3115962
27812,0,0,0,2.1071604938271604,3115962
27813,1,1,1,2.1071604938271604,3115963
27814,0,0,0,2.107283950617284,3115963
27815,8380,4698,23,2.1045679012345677,3124343
27816,4106,2874,2,2.1044444444444443,3128449
27817,235,234,5,2.103950617283951,3128684
27818,0,0,0,2.104074074074074,3128684
27819,888,888,0,2.1041975308641976,3129572
27820,0,0,0,2.104320987654321,3129572
27821,0,0,0,2.1044444444444443,3129572
27822,0,0,0,2.1045679012345677,3129572
27823,9,9,0,2.1046913580246915,3129581
27824,1,1,0,2.104814814814815,3129582
27825,0,0,0,2.1049382716049383,3129582
27826,0,0,0,2.1050617283950617,3129582
27827,0,0,0,2.105185185185185,3129582
27828,0,0,0,2.1053086419753084,3129582
27829,95,95,0,2.1054320987654322,3129677
27830,1765,1758,0,2.1055555555555556,3131442
27831,0,0,0,2.105679012345679,3131442
27832,0,0,0,2.1058024691358024,3131442
27833,2,2,0,2.1059259259259258,3131444
27834,0,0,0,2.1060493827160496,3131444
27835,0,0,0,2.106172839506173,3131444
27836,0,0,0,2.1062962962962963,3131444
27837,0,0,0,2.1064197530864197,3131444
27838,0,0,0,2.106543209876543,3131444
27839,31,31,0,2.1066666666666665,3131475
27840,0,0,0,2.1067901234567903,3131475
27841,0,0,0,2.1069135802469137,3131475
27842,205,205,4,2.106543209876543,3131680
27843,73,73,8,2.105679012345679,3131753
27844,0,0,0,2.1058024691358024,3131753
27845,7,7,0,2.1059259259259258,3131760
27846,0,0,0,2.1060493827160496,3131760
27847,0,0,0,2.106172839506173,3131760
27848,0,0,0,2.1062962962962963,3131760
27849,4429,2902,9,2.1053086419753084,3136189
27850,29,29,7,2.1045679012345677,3136218
27851,0,0,0,2.1046913580246915,3136218
27852,0,0,0,2.104814814814815,3136218
27853,0,0,0,2.1049382716049383,3136218
27854,0,0,0,2.1050617283950617,3136218
27855,547,493,5,2.1045679012345677,3136765
27856,1374,1240,10,2.103456790123457,3138139
27857,0,0,0,2.1035802469135803,3138139
27858,0,0,0,2.1037037037037036,3138139
27859,0,0,0,2.103827160493827,3138139
27860,5,5,3,2.1035802469135803,3138144
27861,3,3,0,2.1037037037037036,3138147
27862,0,0,0,2.103827160493827,3138147
27863,0,0,0,2.103950617283951,3138147
27864,0,0,0,2.104074074074074,3138147
27865,6,6,0,2.1041975308641976,3138153
27866,2,2,0,2.104320987654321,3138155
27867,25,24,0,2.1044444444444443,3138180
27868,7,7,0,2.1045679012345677,3138187
27869,0,0,0,2.1046913580246915,3138187
27870,0,0,0,2.104814814814815,3138187
27871,0,0,0,2.1049382716049383,3138187
27872,0,0,0,2.1050617283950617,3138187
27873,48,48,4,2.1046913580246915,3138235
27874,0,0,0,2.104814814814815,3138235
27875,0,0,0,2.1049382716049383,3138235
27876,0,0,0,2.1050617283950617,3138235
27877,0,0,0,2.105185185185185,3138235
27878,49,49,0,2.1053086419753084,3138284
27879,2717,2366,3,2.1050617283950617,3141001
27880,0,0,0,2.105185185185185,3141001
27881,912,881,0,2.1053086419753084,3141913
27882,0,0,0,2.1054320987654322,3141913
27883,0,0,0,2.1055555555555556,3141913
27884,76,76,0,2.105679012345679,3141989
27885,1154,1152,10,2.1045679012345677,3143143
27886,0,0,0,2.1046913580246915,3143143
27887,0,0,0,2.104814814814815,3143143
27888,0,0,0,2.1049382716049383,3143143
27889,0,0,0,2.1050617283950617,3143143
27890,87,87,0,2.105185185185185,3143230
27891,1,1,0,2.1053086419753084,3143231
27892,0,0,0,2.1054320987654322,3143231
27893,2,2,0,2.1055555555555556,3143233
27894,0,0,0,2.105679012345679,3143233
27895,4317,3693,6,2.1050617283950617,3147550
27896,0,0,0,2.105185185185185,3147550
27897,0,0,0,2.1053086419753084,3147550
27898,0,0,0,2.1054320987654322,3147550
27899,2469,1715,0,2.1055555555555556,3150019
27900,0,0,0,2.105679012345679,3150019
27901,0,0,0,2.1058024691358024,3150019
27902,17,17,0,2.1059259259259258,3150036
27903,39,39,5,2.1054320987654322,3150075
27904,0,0,0,2.1055555555555556,3150075
27905,729,677,0,2.105679012345679,3150804
27906,0,0,0,2.1058024691358024,3150804
27907,471,372,8,2.1049382716049383,3151275
27908,1,1,0,2.1050617283950617,3151276
27909,0,0,0,2.105185185185185,3151276
27910,0,0,0,2.1053086419753084,3151276
27911,2261,2247,4,2.1049382716049383,3153537
27912,0,0,0,2.1050617283950617,3153537
27913,0,0,0,2.105185185185185,3153537
27914,0,0,0,2.1053086419753084,3153537
27915,313,313,5,2.104814814814815,3153850
27916,0,0,0,2.1049382716049383,3153850
27917,0,0,0,2.1050617283950617,3153850
27918,18,18,0,2.105185185185185,3153868
27919,0,0,0,2.1053086419753084,3153868
27920,98,94,0,2.1054320987654322,3153966
27921,0,0,0,2.1055555555555556,3153966
27922,0,0,0,2.105679012345679,3153966
27923,0,0,0,2.1058024691358024,3153966
27924,6,6,0,2.1059259259259258,3153972
27925,0,0,0,2.1060493827160496,3153972
27926,0,0,0,2.106172839506173,3153972
27927,0,0,0,2.1062962962962963,3153972
27928,0,0,0,2.1064197530864197,3153972
27929,0,0,0,2.106543209876543,3153972
27930,0,0,0,2.1066666666666665,3153972
27931,0,0,0,2.1067901234567903,3153972
27932,0,0,0,2.1069135802469137,3153972
27933,9,9,0,2.107037037037037,3153981
27934,1,1,0,2.1071604938271604,3153982
27935,331,298,0,2.107283950617284,3154313
27936,3,3,0,2.1074074074074076,3154316
27937,0,0,0,2.107530864197531,3154316
27938,0,0,0,2.1076543209876544,3154316
27939,0,0,0,2.1077777777777778,3154316
27940,12,12,0,2.107901234567901,3154328
27941,0,0,0,2.1080246913580245,3154328
27942,0,0,0,2.1081481481481483,3154328
27943,0,0,0,2.1082716049382717,3154328
27944,0,0,0,2.108395061728395,3154328
27945,0,0,0,2.1085185185185185,3154328
27946,0,0,0,2.108641975308642,3154328
27947,51,51,0,2.108765432098765,3154379
27948,0,0,0,2.108888888888889,3154379
27949,21,21,6,2.1082716049382717,3154400
27950,0,0,0,2.108395061728395,3154400
27951,5596,3309,13,2.1069135802469137,3159996
27952,2431,2431,17,2.1049382716049383,3162427
27953,137,137,2,2.104814814814815,3162564
27954,265,264,2,2.1046913580246915,3162829
27955,0,0,0,2.104814814814815,3162829
27956,7,7,0,2.1049382716049383,3162836
27957,4,4,0,2.1050617283950617,3162840
27958,1061,867,0,2.105185185185185,3163901
27959,2,2,0,2.1053086419753084,3163903
27960,1,1,0,2.1054320987654322,3163904
27961,55,55,0,2.1055555555555556,3163959
27962,3510,3347,3,2.1053086419753084,3167469
27963,0,0,0,2.1054320987654322,3167469
27964,235,231,7,2.1046913580246915,3167704
27965,0,0,0,2.104814814814815,3167704
27966,0,0,0,2.1049382716049383,3167704
27967,1,1,0,2.1050617283950617,3167705
27968,0,0,0,2.105185185185185,3167705
27969,0,0,0,2.1053086419753084,3167705
27970,0,0,0,2.1054320987654322,3167705
27971,0,0,0,2.1055555555555556,3167705
27972,0,0,0,2.105679012345679,3167705
27973,0,0,0,2.1058024691358024,3167705
27974,3,3,0,2.1059259259259258,3167708
27975,3,3,2,2.1058024691358024,3167711
27976,414,414,0,2.1059259259259258,3168125
27977,0,0,0,2.1060493827160496,3168125
27978,6,6,0,2.106172839506173,3168131
27979,44,44,0,2.1062962962962963,3168175
27980,187,187,0,2.1064197530864197,3168362
27981,0,0,0,2.106543209876543,3168362
27982,5,5,0,2.1066666666666665,3168367
27983,0,0,0,2.1067901234567903,3168367
27984,803,781,0,2.1069135802469137,3169170
27985,0,0,0,2.107037037037037,3169170
27986,0,0,0,2.1071604938271604,3169170
27987,5938,2685,5,2.1066666666666665,3175108
27988,0,0,0,2.1067901234567903,3175108
27989,0,0,0,2.1069135802469137,3175108
27990,9,8,0,2.107037037037037,3175117
27991,19,19,0,2.1071604938271604,3175136
27992,102,102,0,2.107283950617284,3175238
27993,0,0,0,2.1074074074074076,3175238
27994,0,0,0,2.107530864197531,3175238
27995,36,36,0,2.1076543209876544,3175274
27996,12,12,0,2.1077777777777778,3175286
27997,12,12,0,2.107901234567901,3175298
27998,3,3,0,2.1080246913580245,3175301
27999,119,117,2,2.107901234567901,3175420
28000,52,52,0,2.1080246913580245,3175472
28001,169,169,0,2.1081481481481483,3175641
28002,187,162,0,2.1082716049382717,3175828
28003,1,1,0,2.108395061728395,3175829
28004,0,0,0,2.1085185185185185,3175829
28005,44,44,0,2.108641975308642,3175873
28006,0,0,0,2.108765432098765,3175873
28007,3589,2198,4,2.108395061728395,3179462
28008,0,0,0,2.1085185185185185,3179462
28009,5,5,0,2.108641975308642,3179467
28010,0,0,0,2.108765432098765,3179467
28011,1,1,0,2.108888888888889,3179468
28012,0,0,0,2.1090123456790124,3179468
28013,357,216,3,2.108765432098765,3179825
28014,7157,3782,5,2.1082716049382717,3186982
28015,0,0,0,2.108395061728395,3186982
28016,31,31,8,2.107530864197531,3187013
28017,175,159,0,2.1076543209876544,3187188
28018,0,0,0,2.1077777777777778,3187188
28019,0,0,0,2.107901234567901,3187188
28020,242,158,0,2.1080246913580245,3187430
28021,0,0,0,2.1081481481481483,3187430
28022,11,11,0,2.1082716049382717,3187441
28023,463,436,5,2.1077777777777778,3187904
28024,1,1,0,2.107901234567901,3187905
28025,1,1,0,2.1080246913580245,3187906
28026,0,0,0,2.1081481481481483,3187906
28027,2,2,0,2.1082716049382717,3187908
28028,7,7,0,2.108395061728395,3187915
28029,371,329,12,2.107037037037037,3188286
28030,0,0,0,2.1071604938271604,3188286
28031,6,6,0,2.107283950617284,3188292
28032,0,0,0,2.1074074074074076,3188292
28033,0,0,0,2.107530864197531,3188292
28034,0,0,0,2.1076543209876544,3188292
28035,0,0,0,2.1077777777777778,3188292
28036,0,0,0,2.107901234567901,3188292
28037,0,0,0,2.1080246913580245,3188292
28038,0,0,0,2.1081481481481483,3188292
28039,0,0,0,2.1082716049382717,3188292
28040,0,0,0,2.108395061728395,3188292
28041,1,1,1,2.108395061728395,3188293
28042,0,0,0,2.1085185185185185,3188293
28043,1,1,0,2.108641975308642,3188294
28044,59,58,0,2.108765432098765,3188353
28045,9,9,0,2.108888888888889,3188362
28046,0,0,0,2.1090123456790124,3188362
28047,0,0,0,2.109135802469136,3188362
28048,0,0,0,2.109259259259259,3188362
28049,0,0,0,2.1093827160493825,3188362
28050,1,1,0,2.1095061728395064,3188363
28051,45,45,2,2.1093827160493825,3188408
28052,3,3,0,2.1095061728395064,3188411
28053,93,93,0,2.1096296296296297,3188504
28054,0,0,0,2.109753086419753,3188504
28055,0,0,0,2.1098765432098765,3188504
28056,0,0,0,2.11,3188504
28057,312,312,0,2.1101234567901233,3188816
28058,0,0,0,2.110246913580247,3188816
28059,0,0,0,2.1103703703703705,3188816
28060,0,0,0,2.110493827160494,3188816
28061,0,0,0,2.110617283950617,3188816
28062,0,0,0,2.1107407407407406,3188816
28063,0,0,0,2.1108641975308644,3188816
28064,477,477,0,2.110987654320988,3189293
28065,0,0,0,2.111111111111111,3189293
28066,30,28,3,2.1108641975308644,3189323
28067,8,8,1,2.1108641975308644,3189331
28068,0,0,0,2.110987654320988,3189331
28069,6499,3939,13,2.1095061728395064,3195830
28070,0,0,0,2.1096296296296297,3195830
28071,0,0,0,2.109753086419753,3195830
28072,0,0,0,2.1098765432098765,3195830
28073,2399,2287,3,2.1096296296296297,3198229
28074,32,29,0,2.109753086419753,3198261
28075,1356,1340,7,2.1090123456790124,3199617
28076,540,539,0,2.109135802469136,3200157
28077,10,10,0,2.109259259259259,3200167
28078,0,0,0,2.1093827160493825,3200167
28079,0,0,0,2.1095061728395064,3200167
28080,4,4,0,2.1096296296296297,3200171
28081,0,0,0,2.109753086419753,3200171
28082,4,4,0,2.1098765432098765,3200175
28083,0,0,0,2.11,3200175
28084,19,19,0,2.1101234567901233,3200194
28085,1,1,0,2.110246913580247,3200195
28086,8,8,0,2.1103703703703705,3200203
28087,0,0,0,2.110493827160494,3200203
28088,0,0,0,2.110617283950617,3200203
28089,71,71,0,2.1107407407407406,3200274
28090,0,0,0,2.1108641975308644,3200274
28091,1401,845,3,2.110617283950617,3201675
28092,30,30,0,2.1107407407407406,3201705
28093,0,0,0,2.1108641975308644,3201705
28094,0,0,0,2.110987654320988,3201705
28095,0,0,0,2.111111111111111,3201705
28096,0,0,0,2.1112345679012345,3201705
28097,0,0,0,2.111358024691358,3201705
28098,0,0,0,2.1114814814814813,3201705
28099,52,52,4,2.111111111111111,3201757
28100,0,0,0,2.1112345679012345,3201757
28101,129,129,9,2.110246913580247,3201886
28102,0,0,0,2.1103703703703705,3201886
28103,0,0,0,2.110493827160494,3201886
28104,0,0,0,2.110617283950617,3201886
28105,71,71,0,2.1107407407407406,3201957
28106,872,872,3,2.110493827160494,3202829
28107,13,13,1,2.110493827160494,3202842
28108,605,605,14,2.108888888888889,3203447
28109,0,0,0,2.1090123456790124,3203447
28110,0,0,0,2.109135802469136,3203447
28111,0,0,0,2.109259259259259,3203447
28112,3,3,0,2.1093827160493825,3203450
28113,0,0,0,2.1095061728395064,3203450
28114,58,52,0,2.1096296296296297,3203508
28115,0,0,0,2.109753086419753,3203508
28116,0,0,0,2.1098765432098765,3203508
28117,0,0,0,2.11,3203508
28118,1,1,0,2.1101234567901233,3203509
28119,46,46,3,2.1098765432098765,3203555
28120,8,8,0,2.11,3203563
28121,0,0,0,2.1101234567901233,3203563
28122,2715,2513,10,2.1090123456790124,3206278
28123,6,6,0,2.109135802469136,3206284
28124,1180,695,0,2.109259259259259,3207464
28125,0,0,0,2.1093827160493825,3207464
28126,134,112,0,2.1095061728395064,3207598
28127,0,0,0,2.1096296296296297,3207598
28128,12,12,0,2.109753086419753,3207610
28129,69,69,0,2.1098765432098765,3207679
28130,0,0,0,2.11,3207679
28131,0,0,0,2.1101234567901233,3207679
28132,3213,2734,5,2.1096296296296297,3210892
28133,0,0,0,2.109753086419753,3210892
28134,17,17,0,2.1098765432098765,3210909
28135,2,2,0,2.11,3210911
28136,0,0,0,2.1101234567901233,3210911
28137,0,0,0,2.110246913580247,3210911
28138,0,0,0,2.1103703703703705,3210911
28139,0,0,0,2.110493827160494,3210911
28140,1,1,0,2.110617283950617,3210912
28141,7388,3036,24,2.1077777777777778,3218300
28142,89,89,0,2.107901234567901,3218389
28143,127,127,0,2.1080246913580245,3218516
28144,3,3,0,2.1081481481481483,3218519
28145,0,0,0,2.1082716049382717,3218519
28146,0,0,0,2.108395061728395,3218519
28147,0,0,0,2.1085185185185185,3218519
28148,0,0,0,2.108641975308642,3218519
28149,13,13,2,2.1085185185185185,3218532
28150,0,0,0,2.108641975308642,3218532
28151,0,0,0,2.108765432098765,3218532
28152,0,0,0,2.108888888888889,3218532
28153,0,0,0,2.1090123456790124,3218532
28154,215,215,0,2.109135802469136,3218747
28155,0,0,0,2.109259259259259,3218747
28156,44,44,3,2.1090123456790124,3218791
28157,316,316,0,2.109135802469136,3219107
28158,0,0,0,2.109259259259259,3219107
28159,1331,1331,11,2.1080246913580245,3220438
28160,4893,3333,9,2.107037037037037,3225331
28161,0,0,0,2.1071604938271604,3225331
28162,13,13,1,2.1071604938271604,3225344
28163,0,0,0,2.107283950617284,3225344
28164,435,361,4,2.1069135802469137,3225779
28165,1133,631,14,2.1053086419753084,3226912
28166,0,0,0,2.1054320987654322,3226912
28167,7,7,4,2.1050617283950617,3226919
28168,3645,1841,10,2.103950617283951,3230564
28169,1,1,0,2.104074074074074,3230565
28170,0,0,0,2.1041975308641976,3230565
28171,3244,1247,21,2.1017283950617283,3233809
28172,0,0,0,2.1018518518518516,3233809
28173,0,0,0,2.1019753086419755,3233809
28174,14,14,0,2.102098765432099,3233823
28175,0,0,0,2.102222222222222,3233823
28176,24,24,0,2.1023456790123456,3233847
28177,0,0,0,2.102469135802469,3233847
28178,0,0,0,2.102592592592593,3233847
28179,22,21,3,2.1023456790123456,3233869
28180,1,1,0,2.102469135802469,3233870
28181,1,1,0,2.102592592592593,3233871
28182,0,0,0,2.102716049382716,3233871
28183,1,1,0,2.1028395061728395,3233872
28184,100,100,6,2.102222222222222,3233972
28185,0,0,0,2.1023456790123456,3233972
28186,1,1,0,2.102469135802469,3233973
28187,679,679,2,2.1023456790123456,3234652
28188,1,1,0,2.102469135802469,3234653
28189,0,0,0,2.102592592592593,3234653
28190,0,0,0,2.102716049382716,3234653
28191,0,0,0,2.1028395061728395,3234653
28192,0,0,0,2.102962962962963,3234653
28193,19,19,0,2.1030864197530863,3234672
28194,5111,3139,15,2.101358024691358,3239783
28195,47,47,3,2.101111111111111,3239830
28196,8765,4622,10,2.1,3248595
28197,0,0,0,2.1001234567901235,3248595
28198,0,0,0,2.100246913580247,3248595
28199,9,8,0,2.10037037037037,3248604
28200,0,0,0,2.100493827160494,3248604
28201,0,0,0,2.1006172839506174,3248604
28202,3,3,0,2.100740740740741,3248607
28203,2912,2907,2,2.1006172839506174,3251519
28204,0,0,0,2.100740740740741,3251519
28205,11,11,2,2.1006172839506174,3251530
28206,29,26,0,2.100740740740741,3251559
28207,0,0,0,2.100864197530864,3251559
28208,0,0,0,2.1009876543209876,3251559
28209,9,9,0,2.101111111111111,3251568
28210,2,2,0,2.1012345679012348,3251570
28211,1983,1788,1,2.1012345679012348,3253553
28212,122,122,0,2.101358024691358,3253675
28213,0,0,0,2.1014814814814815,3253675
28214,0,0,0,2.101604938271605,3253675
28215,0,0,0,2.1017283950617283,3253675
28216,383,383,3,2.1014814814814815,3254058
28217,8,8,0,2.101604938271605,3254066
28218,0,0,0,2.1017283950617283,3254066
28219,6,6,0,2.1018518518518516,3254072
28220,49,49,0,2.1019753086419755,3254121
28221,0,0,0,2.102098765432099,3254121
28222,1,1,1,2.102098765432099,3254122
28223,6380,3119,4,2.1017283950617283,3260502
28224,0,0,0,2.1018518518518516,3260502
28225,160,104,0,2.1019753086419755,3260662
28226,3641,1388,11,2.100740740740741,3264303
28227,2,2,0,2.100864197530864,3264305
28228,0,0,0,2.1009876543209876,3264305
28229,1,1,0,2.101111111111111,3264306
28230,0,0,0,2.1012345679012348,3264306
28231,116,115,0,2.101358024691358,3264422
28232,5,5,0,2.1014814814814815,3264427
28233,0,0,0,2.101604938271605,3264427
28234,69,69,0,2.1017283950617283,3264496
28235,0,0,0,2.1018518518518516,3264496
28236,574,573,0,2.1019753086419755,3265070
28237,4,4,0,2.102098765432099,3265074
28238,0,0,0,2.102222222222222,3265074
28239,0,0,0,2.1023456790123456,3265074
28240,0,0,0,2.102469135802469,3265074
28241,74,74,0,2.102592592592593,3265148
28242,0,0,0,2.102716049382716,3265148
28243,0,0,0,2.1028395061728395,3265148
28244,0,0,0,2.102962962962963,3265148
28245,185,167,7,2.102222222222222,3265333
28246,1,1,0,2.1023456790123456,3265334
28247,0,0,0,2.102469135802469,3265334
28248,9,8,0,2.102592592592593,3265343
28249,1,1,0,2.102716049382716,3265344
28250,0,0,0,2.1028395061728395,3265344
28251,0,0,0,2.102962962962963,3265344
28252,0,0,0,2.1030864197530863,3265344
28253,0,0,0,2.1032098765432097,3265344
28254,0,0,0,2.1033333333333335,3265344
28255,109,109,0,2.103456790123457,3265453
28256,3,3,0,2.1035802469135803,3265456
28257,0,0,0,2.1037037037037036,3265456
28258,0,0,0,2.103827160493827,3265456
28259,9,9,0,2.103950617283951,3265465
28260,32,31,0,2.104074074074074,3265497
28261,0,0,0,2.1041975308641976,3265497
28262,0,0,0,2.104320987654321,3265497
28263,2,2,0,2.1044444444444443,3265499
28264,1,1,0,2.1045679012345677,3265500
28265,50,50,0,2.1046913580246915,3265550
28266,0,0,0,2.104814814814815,3265550
28267,0,0,0,2.1049382716049383,3265550
28268,0,0,0,2.1050617283950617,3265550
28269,5,5,0,2.105185185185185,3265555
28270,0,0,0,2.1053086419753084,3265555
28271,0,0,0,2.1054320987654322,3265555
28272,0,0,0,2.1055555555555556,3265555
28273,82,82,7,2.104814814814815,3265637
28274,10,10,0,2.1049382716049383,3265647
28275,0,0,0,2.1050617283950617,3265647
28276,0,0,0,2.105185185185185,3265647
28277,0,0,0,2.1053086419753084,3265647
28278,0,0,0,2.1054320987654322,3265647
28279,3,3,0,2.1055555555555556,3265650
28280,17,17,0,2.105679012345679,3265667
28281,0,0,0,2.1058024691358024,3265667
28282,0,0,0,2.1059259259259258,3265667
28283,3885,3879,18,2.103827160493827,3269552
28284,1,1,0,2.103950617283951,3269553
28285,109,109,0,2.104074074074074,3269662
28286,0,0,0,2.1041975308641976,3269662
28287,2516,1758,0,2.104320987654321,3272178
28288,0,0,0,2.1044444444444443,3272178
28289,0,0,0,2.1045679012345677,3272178
28290,0,0,0,2.1046913580246915,3272178
28291,0,0,0,2.104814814814815,3272178
28292,1,1,0,2.1049382716049383,3272179
28293,5,5,3,2.1046913580246915,3272184
28294,0,0,0,2.104814814814815,3272184
28295,43,43,0,2.1049382716049383,3272227
28296,0,0,0,2.1050617283950617,3272227
28297,0,0,0,2.105185185185185,3272227
28298,1,1,0,2.1053086419753084,3272228
28299,77,77,0,2.1054320987654322,3272305
28300,3,3,0,2.1055555555555556,3272308
28301,0,0,0,2.105679012345679,3272308
28302,0,0,0,2.1058024691358024,3272308
28303,0,0,0,2.1059259259259258,3272308
28304,0,0,0,2.1060493827160496,3272308
28305,0,0,0,2.106172839506173,3272308
28306,0,0,0,2.1062962962962963,3272308
28307,0,0,0,2.1064197530864197,3272308
28308,0,0,0,2.106543209876543,3272308
28309,0,0,0,2.1066666666666665,3272308
28310,0,0,0,2.1067901234567903,3272308
28311,3,3,0,2.1069135802469137,3272311
28312,1255,724,8,2.1060493827160496,3273566
28313,0,0,0,2.106172839506173,3273566
28314,15,15,0,2.1062962962962963,3273581
28315,0,0,0,2.1064197530864197,3273581
28316,0,0,0,2.106543209876543,3273581
28317,0,0,0,2.1066666666666665,3273581
28318,0,0,0,2.1067901234567903,3273581
28319,0,0,0,2.1069135802469137,3273581
28320,0,0,0,2.107037037037037,3273581
28321,0,0,0,2.1071604938271604,3273581
28322,0,0,0,2.107283950617284,3273581
28323,0,0,0,2.1074074074074076,3273581
28324,0,0,0,2.107530864197531,3273581
28325,0,0,0,2.1076543209876544,3273581
28326,10,9,4,2.107283950617284,3273591
28327,0,0,0,2.1074074074074076,3273591
28328,0,0,0,2.107530864197531,3273591
28329,0,0,0,2.1076543209876544,3273591
28330,0,0,0,2.1077777777777778,3273591
28331,1580,1464,2,2.1076543209876544,3275171
28332,1,1,0,2.1077777777777778,3275172
28333,0,0,0,2.107901234567901,3275172
28334,210,210,6,2.107283950617284,3275382
28335,629,408,0,2.1074074074074076,3276011
28336,340,340,0,2.107530864197531,3276351
28337,0,0,0,2.1076543209876544,3276351
28338,118,105,0,2.1077777777777778,3276469
28339,6,6,0,2.107901234567901,3276475
28340,5,5,0,2.1080246913580245,3276480
28341,93,73,5,2.107530864197531,3276573
28342,1,1,0,2.1076543209876544,3276574
28343,0,0,0,2.1077777777777778,3276574
28344,0,0,0,2.107901234567901,3276574
28345,0,0,0,2.1080246913580245,3276574
28346,81,81,0,2.1081481481481483,3276655
28347,0,0,0,2.1082716049382717,3276655
28348,0,0,0,2.108395061728395,3276655
28349,0,0,0,2.1085185185185185,3276655
28350,886,862,7,2.1077777777777778,3277541
28351,0,0,0,2.107901234567901,3277541
28352,4906,3442,4,2.107530864197531,3282447
28353,0,0,0,2.1076543209876544,3282447
28354,126,117,0,2.1077777777777778,3282573
28355,26,24,0,2.107901234567901,3282599
28356,194,194,12,2.106543209876543,3282793
28357,0,0,0,2.1066666666666665,3282793
28358,5536,4337,8,2.1058024691358024,3288329
28359,0,0,0,2.1059259259259258,3288329
28360,2,2,0,2.1060493827160496,3288331
28361,0,0,0,2.106172839506173,3288331
28362,34,34,6,2.1055555555555556,3288365
28363,297,294,0,2.105679012345679,3288662
28364,0,0,0,2.1058024691358024,3288662
28365,0,0,0,2.1059259259259258,3288662
28366,0,0,0,2.1060493827160496,3288662
28367,141,141,0,2.106172839506173,3288803
28368,125,125,0,2.1062962962962963,3288928
28369,5,5,3,2.1060493827160496,3288933
28370,90,90,12,2.1046913580246915,3289023
28371,0,0,0,2.104814814814815,3289023
28372,0,0,0,2.1049382716049383,3289023
28373,22,22,6,2.104320987654321,3289045
28374,64,64,9,2.1033333333333335,3289109
28375,0,0,0,2.103456790123457,3289109
28376,0,0,0,2.1035802469135803,3289109
28377,0,0,0,2.1037037037037036,3289109
28378,66,66,0,2.103827160493827,3289175
28379,5,5,0,2.103950617283951,3289180
28380,0,0,0,2.104074074074074,3289180
28381,0,0,0,2.1041975308641976,3289180
28382,0,0,0,2.104320987654321,3289180
28383,3,3,0,2.1044444444444443,3289183
28384,0,0,0,2.1045679012345677,3289183
28385,2432,1176,16,2.102716049382716,3291615
28386,0,0,0,2.1028395061728395,3291615
28387,0,0,0,2.102962962962963,3291615
28388,0,0,0,2.1030864197530863,3291615
28389,0,0,0,2.1032098765432097,3291615
28390,0,0,0,2.1033333333333335,3291615
28391,0,0,0,2.103456790123457,3291615
28392,808,808,0,2.1035802469135803,3292423
28393,366,222,3,2.1033333333333335,3292789
28394,0,0,0,2.103456790123457,3292789
28395,0,0,0,2.1035802469135803,3292789
28396,23,23,0,2.1037037037037036,3292812
28397,9,9,0,2.103827160493827,3292821
28398,2,2,0,2.103950617283951,3292823
28399,0,0,0,2.104074074074074,3292823
28400,0,0,0,2.1041975308641976,3292823
28401,9,9,0,2.104320987654321,3292832
28402,0,0,0,2.1044444444444443,3292832
28403,132,131,0,2.1045679012345677,3292964
28404,805,526,4,2.1041975308641976,3293769
28405,0,0,0,2.104320987654321,3293769
28406,93,93,0,2.1044444444444443,3293862
28407,0,0,0,2.1045679012345677,3293862
28408,3,3,2,2.1044444444444443,3293865
28409,2,2,0,2.1045679012345677,3293867
28410,0,0,0,2.1046913580246915,3293867
28411,7,7,0,2.104814814814815,3293874
28412,0,0,0,2.1049382716049383,3293874
28413,0,0,0,2.1050617283950617,3293874
28414,0,0,0,2.105185185185185,3293874
28415,569,387,0,2.1053086419753084,3294443
28416,0,0,0,2.1054320987654322,3294443
28417,0,0,0,2.1055555555555556,3294443
28418,3041,1305,18,2.103456790123457,3297484
28419,39,39,0,2.1035802469135803,3297523
28420,5,5,0,2.1037037037037036,3297528
28421,0,0,0,2.103827160493827,3297528
28422,57,57,3,2.1035802469135803,3297585
28423,0,0,0,2.1037037037037036,3297585
28424,18,18,0,2.103827160493827,3297603
28425,0,0,0,2.103950617283951,3297603
28426,2081,2079,2,2.103827160493827,3299684
28427,0,0,0,2.103950617283951,3299684
28428,0,0,0,2.104074074074074,3299684
28429,51,51,0,2.1041975308641976,3299735
28430,0,0,0,2.104320987654321,3299735
28431,0,0,0,2.1044444444444443,3299735
28432,0,0,0,2.1045679012345677,3299735
28433,0,0,0,2.1046913580246915,3299735
28434,0,0,0,2.104814814814815,3299735
28435,0,0,0,2.1049382716049383,3299735
28436,0,0,0,2.1050617283950617,3299735
28437,0,0,0,2.105185185185185,3299735
28438,7,7,0,2.1053086419753084,3299742
28439,0,0,0,2.1054320987654322,3299742
28440,1480,1277,2,2.1053086419753084,3301222
28441,0,0,0,2.1054320987654322,3301222
28442,0,0,0,2.1055555555555556,3301222
28443,0,0,0,2.105679012345679,3301222
28444,0,0,0,2.1058024691358024,3301222
28445,0,0,0,2.1059259259259258,3301222
28446,0,0,0,2.1060493827160496,3301222
28447,439,439,5,2.1055555555555556,3301661
28448,5896,3181,2,2.1054320987654322,3307557
28449,0,0,0,2.1055555555555556,3307557
28450,0,0,0,2.105679012345679,3307557
28451,13,13,0,2.1058024691358024,3307570
28452,1893,853,0,2.1059259259259258,3309463
28453,0,0,0,2.1060493827160496,3309463
28454,0,0,0,2.106172839506173,3309463
28455,1424,657,3,2.1059259259259258,3310887
28456,1,1,1,2.1059259259259258,3310888
28457,22,22,0,2.1060493827160496,3310910
28458,0,0,0,2.106172839506173,3310910
28459,2624,1458,5,2.105679012345679,3313534
28460,0,0,0,2.1058024691358024,3313534
28461,0,0,0,2.1059259259259258,3313534
28462,14541,5142,45,2.100493827160494,3328075
28463,0,0,0,2.1006172839506174,3328075
28464,1,1,0,2.100740740740741,3328076
28465,0,0,0,2.100864197530864,3328076
28466,194,137,0,2.1009876543209876,3328270
28467,4825,2909,8,2.1001234567901235,3333095
28468,0,0,0,2.100246913580247,3333095
28469,562,364,6,2.0996296296296295,3333657
28470,0,0,0,2.099753086419753,3333657
28471,0,0,0,2.0998765432098767,3333657
28472,75,75,0,2.1,3333732
28473,0,0,0,2.1001234567901235,3333732
28474,0,0,0,2.100246913580247,3333732
28475,11,11,0,2.10037037037037,3333743
28476,1,1,0,2.100493827160494,3333744
28477,0,0,0,2.1006172839506174,3333744
28478,1589,1501,4,2.100246913580247,3335333
28479,65,65,0,2.10037037037037,3335398
28480,0,0,0,2.100493827160494,3335398
28481,7422,2915,4,2.1001234567901235,3342820
28482,0,0,0,2.100246913580247,3342820
28483,0,0,0,2.10037037037037,3342820
28484,73,72,5,2.0998765432098767,3342893
28485,21,21,0,2.1,3342914
28486,0,0,0,2.1001234567901235,3342914
28487,0,0,0,2.100246913580247,3342914
28488,21,21,4,2.0998765432098767,3342935
28489,26,26,0,2.1,3342961
28490,54,54,0,2.1001234567901235,3343015
28491,0,0,0,2.100246913580247,3343015
28492,0,0,0,2.10037037037037,3343015
28493,4,4,0,2.100493827160494,3343019
28494,106,105,0,2.1006172839506174,3343125
28495,15,15,3,2.10037037037037,3343140
28496,0,0,0,2.100493827160494,3343140
28497,0,0,0,2.1006172839506174,3343140
28498,0,0,0,2.100740740740741,3343140
28499,0,0,0,2.100864197530864,3343140
28500,0,0,0,2.1009876543209876,3343140
28501,165,161,4,2.1006172839506174,3343305
28502,1579,1573,2,2.100493827160494,3344884
28503,0,0,0,2.1006172839506174,3344884
28504,206,199,1,2.1006172839506174,3345090
28505,692,526,15,2.098888888888889,3345782
28506,9,9,0,2.099012345679012,3345791
28507,2,2,0,2.099135802469136,3345793
28508,0,0,0,2.0992592592592594,3345793
28509,515,507,12,2.0979012345679013,3346308
28510,0,0,0,2.0980246913580247,3346308
28511,7,7,3,2.097777777777778,3346315
28512,0,0,0,2.0979012345679013,3346315
28513,0,0,0,2.0980246913580247,3346315
28514,4,4,1,2.0980246913580247,3346319
28515,0,0,0,2.098148148148148,3346319
28516,0,0,0,2.0982716049382715,3346319
28517,3,3,0,2.098395061728395,3346322
28518,0,0,0,2.0985185185185187,3346322
28519,0,0,0,2.098641975308642,3346322
28520,0,0,0,2.0987654320987654,3346322
28521,10,10,0,2.098888888888889,3346332
28522,0,0,0,2.099012345679012,3346332
28523,1428,1331,0,2.099135802469136,3347760
28524,29,29,0,2.0992592592592594,3347789
28525,10,10,0,2.0993827160493828,3347799
28526,2,2,0,2.099506172839506,3347801
28527,0,0,0,2.0996296296296295,3347801
28528,0,0,0,2.099753086419753,3347801
28529,0,0,0,2.0998765432098767,3347801
28530,0,0,0,2.1,3347801
28531,0,0,0,2.1001234567901235,3347801
28532,0,0,0,2.100246913580247,3347801
28533,1,1,0,2.10037037037037,3347802
28534,0,0,0,2.100493827160494,3347802
28535,16,15,0,2.1006172839506174,3347818
28536,0,0,0,2.100740740740741,3347818
28537,4,4,0,2.100864197530864,3347822
28538,1109,652,0,2.1009876543209876,3348931
28539,0,0,0,2.101111111111111,3348931
28540,0,0,0,2.1012345679012348,3348931
28541,1852,947,18,2.099135802469136,3350783
28542,0,0,0,2.0992592592592594,3350783
28543,0,0,0,2.0993827160493828,3350783
28544,32,32,0,2.099506172839506,3350815
28545,0,0,0,2.0996296296296295,3350815
28546,20,20,0,2.099753086419753,3350835
28547,0,0,0,2.0998765432098767,3350835
28548,2,2,0,2.1,3350837
28549,0,0,0,2.1001234567901235,3350837
28550,0,0,0,2.100246913580247,3350837
28551,0,0,0,2.10037037037037,3350837
28552,0,0,0,2.100493827160494,3350837
28553,4,4,1,2.100493827160494,3350841
28554,0,0,0,2.1006172839506174,3350841
28555,87,87,0,2.100740740740741,3350928
28556,0,0,0,2.100864197530864,3350928
28557,0,0,0,2.1009876543209876,3350928
28558,0,0,0,2.101111111111111,3350928
28559,1,1,0,2.1012345679012348,3350929
28560,0,0,0,2.101358024691358,3350929
28561,0,0,0,2.1014814814814815,3350929
28562,30,30,0,2.101604938271605,3350959
28563,1124,1050,7,2.100864197530864,3352083
28564,0,0,0,2.1009876543209876,3352083
28565,7,7,0,2.101111111111111,3352090
28566,68,61,0,2.1012345679012348,3352158
28567,0,0,0,2.101358024691358,3352158
28568,0,0,0,2.1014814814814815,3352158
28569,0,0,0,2.101604938271605,3352158
28570,2565,1728,4,2.1012345679012348,3354723
28571,100,84,0,2.101358024691358,3354823
28572,0,0,0,2.1014814814814815,3354823
28573,0,0,0,2.101604938271605,3354823
28574,0,0,0,2.1017283950617283,3354823
28575,0,0,0,2.1018518518518516,3354823
28576,5,5,0,2.1019753086419755,3354828
28577,0,0,0,2.102098765432099,3354828
28578,587,450,2,2.1019753086419755,3355415
28579,0,0,0,2.102098765432099,3355415
28580,239,191,0,2.102222222222222,3355654
28581,5980,3102,5,2.1017283950617283,3361634
28582,0,0,0,2.1018518518518516,3361634
28583,10,10,1,2.1018518518518516,3361644
28584,4,4,0,2.1019753086419755,3361648
28585,0,0,0,2.102098765432099,3361648
28586,0,0,0,2.102222222222222,3361648
28587,23,23,0,2.1023456790123456,3361671
28588,0,0,0,2.102469135802469,3361671
28589,0,0,0,2.102592592592593,3361671
28590,0,0,0,2.102716049382716,3361671
28591,5294,2666,0,2.1028395061728395,3366965
28592,0,0,0,2.102962962962963,3366965
28593,67,62,0,2.1030864197530863,3367032
28594,0,0,0,2.1032098765432097,3367032
28595,3697,2129,4,2.1028395061728395,3370729
28596,108,108,0,2.102962962962963,3370837
28597,0,0,0,2.1030864197530863,3370837
28598,0,0,0,2.1032098765432097,3370837
28599,5,5,0,2.1033333333333335,3370842
28600,221,168,4,2.102962962962963,3371063
28601,0,0,0,2.1030864197530863,3371063
28602,53,52,0,2.1032098765432097,3371116
28603,17,17,0,2.1033333333333335,3371133
28604,0,0,0,2.103456790123457,3371133
28605,84,80,0,2.1035802469135803,3371217
28606,0,0,0,2.1037037037037036,3371217
28607,0,0,0,2.103827160493827,3371217
28608,207,166,0,2.103950617283951,3371424
28609,0,0,0,2.104074074074074,3371424
28610,929,929,7,2.1033333333333335,3372353
28611,0,0,0,2.103456790123457,3372353
28612,0,0,0,2.1035802469135803,3372353
28613,1,1,0,2.1037037037037036,3372354
28614,3076,2311,5,2.1032098765432097,3375430
28615,0,0,0,2.1033333333333335,3375430
28616,2,2,0,2.103456790123457,3375432
28617,0,0,0,2.1035802469135803,3375432
28618,0,0,0,2.1037037037037036,3375432
28619,216,216,0,2.103827160493827,3375648
28620,10,10,0,2.103950617283951,3375658
28621,0,0,0,2.104074074074074,3375658
28622,0,0,0,2.1041975308641976,3375658
28623,219,217,0,2.104320987654321,3375877
28624,703,560,0,2.1044444444444443,3376580
28625,0,0,0,2.1045679012345677,3376580
28626,0,0,0,2.1046913580246915,3376580
28627,0,0,0,2.104814814814815,3376580
28628,2,2,0,2.1049382716049383,3376582
28629,5,5,0,2.1050617283950617,3376587
28630,50,50,0,2.105185185185185,3376637
28631,1072,634,15,2.103456790123457,3377709
28632,121,99,0,2.1035802469135803,3377830
28633,0,0,0,2.1037037037037036,3377830
28634,18,18,0,2.103827160493827,3377848
28635,0,0,0,2.103950617283951,3377848
28636,1,1,0,2.104074074074074,3377849
28637,0,0,0,2.1041975308641976,3377849
28638,0,0,0,2.104320987654321,3377849
28639,156,153,0,2.1044444444444443,3378005
28640,2390,2230,8,2.1035802469135803,3380395
28641,321,212,2,2.103456790123457,3380716
28642,0,0,0,2.1035802469135803,3380716
28643,0,0,0,2.1037037037037036,3380716
28644,0,0,0,2.103827160493827,3380716
28645,0,0,0,2.103950617283951,3380716
28646,0,0,0,2.104074074074074,3380716
28647,1363,1147,8,2.1032098765432097,3382079
28648,1,1,0,2.1033333333333335,3382080
28649,1,1,0,2.103456790123457,3382081
28650,2,2,0,2.1035802469135803,3382083
28651,30,29,0,2.1037037037037036,3382113
28652,0,0,0,2.103827160493827,3382113
28653,0,0,0,2.103950617283951,3382113
28654,0,0,0,2.104074074074074,3382113
28655,75,58,0,2.1041975308641976,3382188
28656,381,257,0,2.104320987654321,3382569
28657,0,0,0,2.1044444444444443,3382569
28658,1,1,0,2.1045679012345677,3382570
28659,1,1,0,2.1046913580246915,3382571
28660,5354,3008,11,2.103456790123457,3387925
28661,0,0,0,2.1035802469135803,3387925
28662,300,270,0,2.1037037037037036,3388225
28663,0,0,0,2.103827160493827,3388225
28664,0,0,0,2.103950617283951,3388225
28665,96,96,0,2.104074074074074,3388321
28666,0,0,0,2.1041975308641976,3388321
28667,0,0,0,2.104320987654321,3388321
28668,0,0,0,2.1044444444444443,3388321
28669,537,455,0,2.1045679012345677,3388858
28670,17,17,3,2.104320987654321,3388875
28671,46,46,3,2.104074074074074,3388921
28672,17,15,0,2.1041975308641976,3388938
28673,0,0,0,2.104320987654321,3388938
28674,0,0,0,2.1044444444444443,3388938
28675,1,1,0,2.1045679012345677,3388939
28676,1443,1443,8,2.1037037037037036,3390382
28677,0,0,0,2.103827160493827,3390382
28678,0,0,0,2.103950617283951,3390382
28679,3111,1509,1,2.103950617283951,3393493
28680,0,0,0,2.104074074074074,3393493
28681,2,2,0,2.1041975308641976,3393495
28682,10,10,0,2.104320987654321,3393505
28683,0,0,0,2.1044444444444443,3393505
28684,459,411,0,2.1045679012345677,3393964
28685,0,0,0,2.1046913580246915,3393964
28686,0,0,0,2.104814814814815,3393964
28687,1991,1875,8,2.103950617283951,3395955
28688,0,0,0,2.104074074074074,3395955
28689,0,0,0,2.1041975308641976,3395955
28690,0,0,0,2.104320987654321,3395955
28691,0,0,0,2.1044444444444443,3395955
28692,30,30,3,2.1041975308641976,3395985
28693,0,0,0,2.104320987654321,3395985
28694,0,0,0,2.1044444444444443,3395985
28695,0,0,0,2.1045679012345677,3395985
28696,0,0,0,2.1046913580246915,3395985
28697,0,0,0,2.104814814814815,3395985
28698,24,24,0,2.1049382716049383,3396009
28699,0,0,0,2.1050617283950617,3396009
28700,0,0,0,2.105185185185185,3396009
28701,29,29,3,2.1049382716049383,3396038
28702,14,14,0,2.1050617283950617,3396052
28703,0,0,0,2.105185185185185,3396052
28704,61,61,0,2.1053086419753084,3396113
28705,0,0,0,2.1054320987654322,3396113
28706,0,0,0,2.1055555555555556,3396113
28707,0,0,0,2.105679012345679,3396113
28708,2,2,0,2.1058024691358024,3396115
28709,0,0,0,2.1059259259259258,3396115
28710,407,339,0,2.1060493827160496,3396522
28711,0,0,0,2.106172839506173,3396522
28712,2577,1911,7,2.1054320987654322,3399099
28713,0,0,0,2.1055555555555556,3399099
28714,0,0,0,2.105679012345679,3399099
28715,0,0,0,2.1058024691358024,3399099
28716,244,244,0,2.1059259259259258,3399343
28717,0,0,0,2.1060493827160496,3399343
28718,0,0,0,2.106172839506173,3399343
28719,0,0,0,2.1062962962962963,3399343
28720,0,0,0,2.1064197530864197,3399343
28721,10,10,0,2.106543209876543,3399353
28722,224,223,0,2.1066666666666665,3399577
28723,0,0,0,2.1067901234567903,3399577
28724,0,0,0,2.1069135802469137,3399577
28725,0,0,0,2.107037037037037,3399577
28726,0,0,0,2.1071604938271604,3399577
28727,0,0,0,2.107283950617284,3399577
28728,23,18,0,2.1074074074074076,3399600
28729,6,6,0,2.107530864197531,3399606
28730,0,0,0,2.1076543209876544,3399606
28731,0,0,0,2.1077777777777778,3399606
28732,0,0,0,2.107901234567901,3399606
28733,0,0,0,2.1080246913580245,3399606
28734,5,5,0,2.1081481481481483,3399611
28735,1636,1438,5,2.1076543209876544,3401247
28736,0,0,0,2.1077777777777778,3401247
28737,0,0,0,2.107901234567901,3401247
28738,0,0,0,2.1080246913580245,3401247
28739,0,0,0,2.1081481481481483,3401247
28740,0,0,0,2.1082716049382717,3401247
28741,0,0,0,2.108395061728395,3401247
28742,13,13,0,2.1085185185185185,3401260
28743,3,3,0,2.108641975308642,3401263
28744,0,0,0,2.108765432098765,3401263
28745,12,12,0,2.108888888888889,3401275
28746,8,8,0,2.1090123456790124,3401283
28747,0,0,0,2.109135802469136,3401283
28748,0,0,0,2.109259259259259,3401283
28749,1,1,0,2.1093827160493825,3401284
28750,0,0,0,2.1095061728395064,3401284
28751,799,579,14,2.107901234567901,3402083
28752,0,0,0,2.1080246913580245,3402083
28753,0,0,0,2.1081481481481483,3402083
28754,3,3,0,2.1082716049382717,3402086
28755,0,0,0,2.108395061728395,3402086
28756,83,83,0,2.1085185185185185,3402169
28757,0,0,0,2.108641975308642,3402169
28758,127,127,0,2.108765432098765,3402296
28759,0,0,0,2.108888888888889,3402296
28760,0,0,0,2.1090123456790124,3402296
28761,145,145,0,2.109135802469136,3402441
28762,0,0,0,2.109259259259259,3402441
28763,20,20,0,2.1093827160493825,3402461
28764,1280,1280,5,2.108888888888889,3403741
28765,2,2,0,2.1090123456790124,3403743
28766,2,2,0,2.109135802469136,3403745
28767,2247,2211,0,2.109259259259259,3405992
28768,3,3,0,2.1093827160493825,3405995
28769,0,0,0,2.1095061728395064,3405995
28770,0,0,0,2.1096296296296297,3405995
28771,0,0,0,2.109753086419753,3405995
28772,0,0,0,2.1098765432098765,3405995
28773,0,0,0,2.11,3405995
28774,0,0,0,2.1101234567901233,3405995
28775,0,0,0,2.110246913580247,3405995
28776,0,0,0,2.1103703703703705,3405995
28777,0,0,0,2.110493827160494,3405995
28778,1,1,0,2.110617283950617,3405996
28779,3,3,2,2.110493827160494,3405999
28780,17999,5031,57,2.1035802469135803,3423998
28781,0,0,0,2.1037037037037036,3423998
28782,0,0,0,2.103827160493827,3423998
28783,355,355,0,2.103950617283951,3424353
28784,2,2,0,2.104074074074074,3424355
28785,145,145,0,2.1041975308641976,3424500
28786,0,0,0,2.104320987654321,3424500
28787,0,0,0,2.1044444444444443,3424500
28788,0,0,0,2.1045679012345677,3424500
28789,0,0,0,2.1046913580246915,3424500
28790,0,0,0,2.104814814814815,3424500
28791,258,180,4,2.1044444444444443,3424758
28792,2,2,0,2.1045679012345677,3424760
28793,0,0,0,2.1046913580246915,3424760
28794,0,0,0,2.104814814814815,3424760
28795,0,0,0,2.1049382716049383,3424760
28796,0,0,0,2.1050617283950617,3424760
28797,1,1,0,2.105185185185185,3424761
28798,127,106,3,2.1049382716049383,3424888
28799,0,0,0,2.1050617283950617,3424888
28800,168,168,0,2.105185185185185,3425056
28801,0,0,0,2.1053086419753084,3425056
28802,0,0,0,2.1054320987654322,3425056
28803,17,17,0,2.1055555555555556,3425073
28804,137,126,2,2.1054320987654322,3425210
28805,0,0,0,2.1055555555555556,3425210
28806,63,63,0,2.105679012345679,3425273
28807,40,35,0,2.1058024691358024,3425313
28808,0,0,0,2.1059259259259258,3425313
28809,0,0,0,2.1060493827160496,3425313
28810,0,0,0,2.106172839506173,3425313
28811,10,10,0,2.1062962962962963,3425323
28812,0,0,0,2.1064197530864197,3425323
28813,0,0,0,2.106543209876543,3425323
28814,0,0,0,2.1066666666666665,3425323
28815,0,0,0,2.1067901234567903,3425323
28816,0,0,0,2.1069135802469137,3425323
28817,0,0,0,2.107037037037037,3425323
28818,5,5,0,2.1071604938271604,3425328
28819,0,0,0,2.107283950617284,3425328
28820,0,0,0,2.1074074074074076,3425328
28821,0,0,0,2.107530864197531,3425328
28822,10,10,0,2.1076543209876544,3425338
28823,0,0,0,2.1077777777777778,3425338
28824,0,0,0,2.107901234567901,3425338
28825,0,0,0,2.1080246913580245,3425338
28826,0,0,0,2.1081481481481483,3425338
28827,0,0,0,2.1082716049382717,3425338
28828,0,0,0,2.108395061728395,3425338
28829,1212,862,3,2.1081481481481483,3426550
28830,0,0,0,2.1082716049382717,3426550
28831,0,0,0,2.108395061728395,3426550
28832,0,0,0,2.1085185185185185,3426550
28833,1,1,0,2.108641975308642,3426551
28834,560,510,0,2.108765432098765,3427111
28835,0,0,0,2.108888888888889,3427111
28836,32,30,2,2.108765432098765,3427143
28837,0,0,0,2.108888888888889,3427143
28838,0,0,0,2.1090123456790124,3427143
28839,0,0,0,2.109135802469136,3427143
28840,1012,1001,0,2.109259259259259,3428155
28841,0,0,0,2.1093827160493825,3428155
28842,2,2,0,2.1095061728395064,3428157
28843,0,0,0,2.1096296296296297,3428157
28844,0,0,0,2.109753086419753,3428157
28845,0,0,0,2.1098765432098765,3428157
28846,0,0,0,2.11,3428157
28847,1677,975,13,2.1085185185185185,3429834
28848,472,443,2,2.108395061728395,3430306
28849,0,0,0,2.1085185185185185,3430306
28850,0,0,0,2.108641975308642,3430306
28851,183,168,0,2.108765432098765,3430489
28852,0,0,0,2.108888888888889,3430489
28853,0,0,0,2.1090123456790124,3430489
28854,0,0,0,2.109135802469136,3430489
28855,0,0,0,2.109259259259259,3430489
28856,0,0,0,2.1093827160493825,3430489
28857,0,0,0,2.1095061728395064,3430489
28858,0,0,0,2.1096296296296297,3430489
28859,0,0,0,2.109753086419753,3430489
28860,0,0,0,2.1098765432098765,3430489
28861,0,0,0,2.11,3430489
28862,0,0,0,2.1101234567901233,3430489
28863,2477,2084,9,2.109135802469136,3432966
28864,18,18,0,2.109259259259259,3432984
28865,4,4,0,2.1093827160493825,3432988
28866,0,0,0,2.1095061728395064,3432988
28867,0,0,0,2.1096296296296297,3432988
28868,60,49,0,2.109753086419753,3433048
28869,0,0,0,2.1098765432098765,3433048
28870,0,0,0,2.11,3433048
28871,4,4,0,2.1101234567901233,3433052
28872,0,0,0,2.110246913580247,3433052
28873,23,23,0,2.1103703703703705,3433075
28874,0,0,0,2.110493827160494,3433075
28875,0,0,0,2.110617283950617,3433075
28876,1,1,0,2.1107407407407406,3433076
28877,0,0,0,2.1108641975308644,3433076
28878,0,0,0,2.110987654320988,3433076
28879,0,0,0,2.111111111111111,3433076
28880,145,119,0,2.1112345679012345,3433221
28881,107,99,0,2.111358024691358,3433328
28882,421,421,0,2.1114814814814813,3433749
28883,1,1,0,2.111604938271605,3433750
28884,0,0,0,2.1117283950617285,3433750
28885,0,0,0,2.111851851851852,3433750
28886,0,0,0,2.1119753086419752,3433750
28887,0,0,0,2.1120987654320986,3433750
28888,80,80,0,2.112222222222222,3433830
28889,0,0,0,2.112345679012346,3433830
28890,0,0,0,2.112469135802469,3433830
28891,0,0,0,2.1125925925925926,3433830
28892,0,0,0,2.112716049382716,3433830
28893,0,0,0,2.1128395061728393,3433830
28894,1495,1288,0,2.112962962962963,3435325
28895,4,4,0,2.1130864197530865,3435329
28896,66,66,0,2.11320987654321,3435395
28897,1,1,0,2.1133333333333333,3435396
28898,0,0,0,2.1134567901234567,3435396
28899,0,0,0,2.11358024691358,3435396
28900,2767,2697,8,2.112716049382716,3438163
28901,0,0,0,2.1128395061728393,3438163
28902,128,102,0,2.112962962962963,3438291
28903,0,0,0,2.1130864197530865,3438291
28904,470,470,3,2.1128395061728393,3438761
28905,0,0,0,2.112962962962963,3438761
28906,168,168,0,2.1130864197530865,3438929
28907,0,0,0,2.11320987654321,3438929
28908,12,12,0,2.1133333333333333,3438941
28909,0,0,0,2.1134567901234567,3438941
28910,0,0,0,2.11358024691358,3438941
28911,0,0,0,2.113703703703704,3438941
28912,1,1,0,2.1138271604938272,3438942
28913,429,387,0,2.1139506172839506,3439371
28914,0,0,0,2.114074074074074,3439371
28915,546,482,13,2.1125925925925926,3439917
28916,0,0,0,2.112716049382716,3439917
28917,1,1,0,2.1128395061728393,3439918
28918,0,0,0,2.112962962962963,3439918
28919,1741,1638,1,2.112962962962963,3441659
28920,271,269,0,2.1130864197530865,3441930
28921,0,0,0,2.11320987654321,3441930
28922,0,0,0,2.1133333333333333,3441930
28923,43,38,0,2.1134567901234567,3441973
28924,0,0,0,2.11358024691358,3441973
28925,0,0,0,2.113703703703704,3441973
28926,0,0,0,2.1138271604938272,3441973
28927,1,1,0,2.1139506172839506,3441974
28928,0,0,0,2.114074074074074,3441974
28929,7,7,0,2.1141975308641974,3441981
28930,0,0,0,2.114320987654321,3441981
28931,7430,4201,16,2.112469135802469,3449411
28932,0,0,0,2.1125925925925926,3449411
28933,0,0,0,2.112716049382716,3449411
28934,0,0,0,2.1128395061728393,3449411
28935,0,0,0,2.112962962962963,3449411
28936,608,607,4,2.1125925925925926,3450019
28937,0,0,0,2.112716049382716,3450019
28938,0,0,0,2.1128395061728393,3450019
28939,0,0,0,2.112962962962963,3450019
28940,928,641,6,2.112345679012346,3450947
28941,0,0,0,2.112469135802469,3450947
28942,0,0,0,2.1125925925925926,3450947
28943,45,45,0,2.112716049382716,3450992
28944,0,0,0,2.1128395061728393,3450992
28945,113,113,1,2.1128395061728393,3451105
28946,14,14,0,2.112962962962963,3451119
28947,0,0,0,2.1130864197530865,3451119
28948,0,0,0,2.11320987654321,3451119
28949,0,0,0,2.1133333333333333,3451119
28950,195,195,0,2.1134567901234567,3451314
28951,1174,1174,29,2.11,3452488
28952,0,0,0,2.1101234567901233,3452488
28953,4,4,0,2.110246913580247,3452492
28954,0,0,0,2.1103703703703705,3452492
28955,0,0,0,2.110493827160494,3452492
28956,0,0,0,2.110617283950617,3452492
28957,0,0,0,2.1107407407407406,3452492
28958,1,1,1,2.1107407407407406,3452493
28959,12,12,0,2.1108641975308644,3452505
28960,0,0,0,2.110987654320988,3452505
28961,341,341,0,2.111111111111111,3452846
28962,1,1,0,2.1112345679012345,3452847
28963,0,0,0,2.111358024691358,3452847
28964,0,0,0,2.1114814814814813,3452847
28965,0,0,0,2.111604938271605,3452847
28966,0,0,0,2.1117283950617285,3452847
28967,0,0,0,2.111851851851852,3452847
28968,0,0,0,2.1119753086419752,3452847
28969,0,0,0,2.1120987654320986,3452847
28970,0,0,0,2.112222222222222,3452847
28971,9,9,0,2.112345679012346,3452856
28972,0,0,0,2.112469135802469,3452856
28973,153,144,0,2.1125925925925926,3453009
28974,0,0,0,2.112716049382716,3453009
28975,0,0,0,2.1128395061728393,3453009
28976,24,24,0,2.112962962962963,3453033
28977,1531,1393,7,2.112222222222222,3454564
28978,0,0,0,2.112345679012346,3454564
28979,4,4,0,2.112469135802469,3454568
28980,2209,2096,0,2.1125925925925926,3456777
28981,0,0,0,2.112716049382716,3456777
28982,14007,5881,63,2.1050617283950617,3470784
28983,0,0,0,2.105185185185185,3470784
28984,23,23,0,2.1053086419753084,3470807
28985,0,0,0,2.1054320987654322,3470807
28986,19,19,0,2.1055555555555556,3470826
28987,4371,2578,3,2.1053086419753084,3475197
28988,0,0,0,2.1054320987654322,3475197
28989,0,0,0,2.1055555555555556,3475197
28990,163,128,10,2.1044444444444443,3475360
28991,0,0,0,2.1045679012345677,3475360
28992,0,0,0,2.1046913580246915,3475360
28993,0,0,0,2.104814814814815,3475360
28994,12,12,0,2.1049382716049383,3475372
28995,0,0,0,2.1050617283950617,3475372
28996,1,1,0,2.105185185185185,3475373
28997,0,0,0,2.1053086419753084,3475373
28998,0,0,0,2.1054320987654322,3475373
28999,0,0,0,2.1055555555555556,3475373
29000,0,0,0,2.105679012345679,3475373
29001,95,71,10,2.1045679012345677,3475468
29002,3353,3283,0,2.1046913580246915,3478821
29003,0,0,0,2.104814814814815,3478821
29004,0,0,0,2.1049382716049383,3478821
29005,83,80,0,2.1050617283950617,3478904
29006,0,0,0,2.105185185185185,3478904
29007,567,541,0,2.1053086419753084,3479471
29008,0,0,0,2.1054320987654322,3479471
29009,4,4,2,2.1053086419753084,3479475
29010,500,500,0,2.1054320987654322,3479975
29011,0,0,0,2.1055555555555556,3479975
29012,0,0,0,2.105679012345679,3479975
29013,0,0,0,2.1058024691358024,3479975
29014,625,584,0,2.1059259259259258,3480600
29015,0,0,0,2.1060493827160496,3480600
29016,0,0,0,2.106172839506173,3480600
29017,0,0,0,2.1062962962962963,3480600
29018,536,533,2,2.106172839506173,3481136
29019,0,0,0,2.1062962962962963,3481136
29020,0,0,0,2.1064197530864197,3481136
29021,0,0,0,2.106543209876543,3481136
29022,0,0,0,2.1066666666666665,3481136
29023,34,34,9,2.105679012345679,3481170
29024,0,0,0,2.1058024691358024,3481170
29025,0,0,0,2.1059259259259258,3481170
29026,2,2,0,2.1060493827160496,3481172
29027,0,0,0,2.106172839506173,3481172
29028,1693,1202,0,2.1062962962962963,3482865
29029,2,2,0,2.1064197530864197,3482867
29030,0,0,0,2.106543209876543,3482867
29031,0,0,0,2.1066666666666665,3482867
29032,9,9,0,2.1067901234567903,3482876
29033,0,0,0,2.1069135802469137,3482876
29034,8,8,2,2.1067901234567903,3482884
29035,0,0,0,2.1069135802469137,3482884
29036,0,0,0,2.107037037037037,3482884
29037,0,0,0,2.1071604938271604,3482884
29038,0,0,0,2.107283950617284,3482884
29039,26,26,0,2.1074074074074076,3482910
29040,0,0,0,2.107530864197531,3482910
29041,1,1,0,2.1076543209876544,3482911
29042,0,0,0,2.1077777777777778,3482911
29043,0,0,0,2.107901234567901,3482911
29044,0,0,0,2.1080246913580245,3482911
29045,0,0,0,2.1081481481481483,3482911
29046,1334,1182,0,2.1082716049382717,3484245
29047,0,0,0,2.108395061728395,3484245
29048,505,366,0,2.1085185185185185,3484750
29049,0,0,0,2.108641975308642,3484750
29050,22,22,0,2.108765432098765,3484772
29051,4,4,0,2.108888888888889,3484776
29052,0,0,0,2.1090123456790124,3484776
29053,0,0,0,2.109135802469136,3484776
29054,0,0,0,2.109259259259259,3484776
29055,0,0,0,2.1093827160493825,3484776
29056,13,13,4,2.1090123456790124,3484789
29057,0,0,0,2.109135802469136,3484789
29058,36,36,0,2.109259259259259,3484825
29059,0,0,0,2.1093827160493825,3484825
29060,0,0,0,2.1095061728395064,3484825
29061,0,0,0,2.1096296296296297,3484825
29062,1,1,1,2.1096296296296297,3484826
29063,28,28,0,2.109753086419753,3484854
29064,0,0,0,2.1098765432098765,3484854
29065,1,1,0,2.11,3484855
29066,2,2,0,2.1101234567901233,3484857
29067,0,0,0,2.110246913580247,3484857
29068,886,846,0,2.1103703703703705,3485743
29069,84,65,0,2.110493827160494,3485827
29070,73,73,0,2.110617283950617,3485900
29071,1,1,0,2.1107407407407406,3485901
29072,1115,1055,19,2.1085185185185185,3487016
29073,137,120,0,2.108641975308642,3487153
29074,4,4,0,2.108765432098765,3487157
29075,0,0,0,2.108888888888889,3487157
29076,0,0,0,2.1090123456790124,3487157
29077,4685,2414,1,2.1090123456790124,3491842
29078,12,12,0,2.109135802469136,3491854
29079,0,0,0,2.109259259259259,3491854
29080,2,2,0,2.1093827160493825,3491856
29081,0,0,0,2.1095061728395064,3491856
29082,1187,901,7,2.108765432098765,3493043
29083,0,0,0,2.108888888888889,3493043
29084,0,0,0,2.1090123456790124,3493043
29085,16,15,0,2.109135802469136,3493059
29086,0,0,0,2.109259259259259,3493059
29087,0,0,0,2.1093827160493825,3493059
29088,0,0,0,2.1095061728395064,3493059
29089,0,0,0,2.1096296296296297,3493059
29090,577,545,0,2.109753086419753,3493636
29091,253,253,11,2.1085185185185185,3493889
29092,0,0,0,2.108641975308642,3493889
29093,0,0,0,2.108765432098765,3493889
29094,0,0,0,2.108888888888889,3493889
29095,0,0,0,2.1090123456790124,3493889
29096,1,1,0,2.109135802469136,3493890
29097,0,0,0,2.109259259259259,3493890
29098,0,0,0,2.1093827160493825,3493890
29099,0,0,0,2.1095061728395064,3493890
29100,75,64,0,2.1096296296296297,3493965
29101,0,0,0,2.109753086419753,3493965
29102,0,0,0,2.1098765432098765,3493965
29103,0,0,0,2.11,3493965
29104,10,10,0,2.1101234567901233,3493975
29105,0,0,0,2.110246913580247,3493975
29106,10044,4146,22,2.1076543209876544,3504019
29107,0,0,0,2.1077777777777778,3504019
29108,25,25,0,2.107901234567901,3504044
29109,0,0,0,2.1080246913580245,3504044
29110,0,0,0,2.1081481481481483,3504044
29111,0,0,0,2.1082716049382717,3504044
29112,0,0,0,2.108395061728395,3504044
29113,687,359,0,2.1085185185185185,3504731
29114,0,0,0,2.108641975308642,3504731
29115,1251,863,0,2.108765432098765,3505982
29116,0,0,0,2.108888888888889,3505982
29117,0,0,0,2.1090123456790124,3505982
29118,119,117,0,2.109135802469136,3506101
29119,0,0,0,2.109259259259259,3506101
29120,0,0,0,2.1093827160493825,3506101
29121,1,1,0,2.1095061728395064,3506102
29122,81,59,0,2.1096296296296297,3506183
29123,3182,2716,14,2.1080246913580245,3509365
29124,7,7,0,2.1081481481481483,3509372
29125,37,37,2,2.1080246913580245,3509409
29126,1,1,0,2.1081481481481483,3509410
29127,0,0,0,2.1082716049382717,3509410
29128,0,0,0,2.108395061728395,3509410
29129,4381,4381,6,2.1077777777777778,3513791
29130,276,206,0,2.107901234567901,3514067
29131,8,8,0,2.1080246913580245,3514075
29132,0,0,0,2.1081481481481483,3514075
29133,0,0,0,2.1082716049382717,3514075
29134,0,0,0,2.108395061728395,3514075
29135,0,0,0,2.1085185185185185,3514075
29136,0,0,0,2.108641975308642,3514075
29137,5,5,0,2.108765432098765,3514080
29138,0,0,0,2.108888888888889,3514080
29139,0,0,0,2.1090123456790124,3514080
29140,0,0,0,2.109135802469136,3514080
29141,0,0,0,2.109259259259259,3514080
29142,0,0,0,2.1093827160493825,3514080
29143,40,40,2,2.109259259259259,3514120
29144,533,533,0,2.1093827160493825,3514653
29145,0,0,0,2.1095061728395064,3514653
29146,2319,1978,7,2.108765432098765,3516972
29147,11,11,0,2.108888888888889,3516983
29148,0,0,0,2.1090123456790124,3516983
29149,0,0,0,2.109135802469136,3516983
29150,179,162,4,2.108765432098765,3517162
29151,158,156,3,2.1085185185185185,3517320
29152,42,34,0,2.108641975308642,3517362
29153,0,0,0,2.108765432098765,3517362
29154,984,970,0,2.108888888888889,3518346
29155,0,0,0,2.1090123456790124,3518346
29156,0,0,0,2.109135802469136,3518346
29157,36,34,0,2.109259259259259,3518382
29158,0,0,0,2.1093827160493825,3518382
29159,0,0,0,2.1095061728395064,3518382
29160,208,208,0,2.1096296296296297,3518590
29161,0,0,0,2.109753086419753,3518590
29162,2097,1085,0,2.1098765432098765,3520687
29163,0,0,0,2.11,3520687
29164,0,0,0,2.1101234567901233,3520687
29165,3,3,0,2.110246913580247,3520690
29166,80,57,0,2.1103703703703705,3520770
29167,0,0,0,2.110493827160494,3520770
29168,50,49,0,2.110617283950617,3520820
29169,0,0,0,2.1107407407407406,3520820
29170,4,4,0,2.1108641975308644,3520824
29171,341,287,0,2.110987654320988,3521165
29172,0,0,0,2.111111111111111,3521165
29173,4,4,0,2.1112345679012345,3521169
29174,0,0,0,2.111358024691358,3521169
29175,0,0,0,2.1114814814814813,3521169
29176,0,0,0,2.111604938271605,3521169
29177,204,195,7,2.1108641975308644,3521373
29178,2409,2408,9,2.1098765432098765,3523782
29179,0,0,0,2.11,3523782
29180,8,8,0,2.1101234567901233,3523790
29181,0,0,0,2.110246913580247,3523790
29182,0,0,0,2.1103703703703705,3523790
29183,0,0,0,2.110493827160494,3523790
29184,0,0,0,2.110617283950617,3523790
29185,0,0,0,2.1107407407407406,3523790
29186,36,36,3,2.110493827160494,3523826
29187,8,8,0,2.110617283950617,3523834
29188,2180,1664,3,2.1103703703703705,3526014
29189,1,1,0,2.110493827160494,3526015
29190,0,0,0,2.110617283950617,3526015
29191,0,0,0,2.1107407407407406,3526015
29192,0,0,0,2.1108641975308644,3526015
29193,194,194,5,2.1103703703703705,3526209
29194,0,0,0,2.110493827160494,3526209
29195,4071,2896,7,2.109753086419753,3530280
29196,1998,1675,1,2.109753086419753,3532278
29197,0,0,0,2.1098765432098765,3532278
29198,4,4,0,2.11,3532282
29199,0,0,0,2.1101234567901233,3532282
29200,7672,4053,26,2.107037037037037,3539954
29201,0,0,0,2.1071604938271604,3539954
29202,0,0,0,2.107283950617284,3539954
29203,0,0,0,2.1074074074074076,3539954
29204,9,9,0,2.107530864197531,3539963
29205,0,0,0,2.1076543209876544,3539963
29206,22,22,0,2.1077777777777778,3539985
29207,8552,5264,27,2.1045679012345677,3548537
29208,0,0,0,2.1046913580246915,3548537
29209,393,393,3,2.1044444444444443,3548930
29210,0,0,0,2.1045679012345677,3548930
29211,0,0,0,2.1046913580246915,3548930
29212,0,0,0,2.104814814814815,3548930
29213,2,2,0,2.1049382716049383,3548932
29214,4752,3171,15,2.1032098765432097,3553684
29215,0,0,0,2.1033333333333335,3553684
29216,3,3,0,2.103456790123457,3553687
29217,0,0,0,2.1035802469135803,3553687
29218,0,0,0,2.1037037037037036,3553687
29219,0,0,0,2.103827160493827,3553687
29220,0,0,0,2.103950617283951,3553687
29221,0,0,0,2.104074074074074,3553687
29222,0,0,0,2.1041975308641976,3553687
29223,0,0,0,2.104320987654321,3553687
29224,329,285,0,2.1044444444444443,3554016
29225,0,0,0,2.1045679012345677,3554016
29226,0,0,0,2.1046913580246915,3554016
29227,0,0,0,2.104814814814815,3554016
29228,0,0,0,2.1049382716049383,3554016
29229,0,0,0,2.1050617283950617,3554016
29230,0,0,0,2.105185185185185,3554016
29231,0,0,0,2.1053086419753084,3554016
29232,0,0,0,2.1054320987654322,3554016
29233,966,633,0,2.1055555555555556,3554982
29234,0,0,0,2.105679012345679,3554982
29235,60,60,0,2.1058024691358024,3555042
29236,0,0,0,2.1059259259259258,3555042
29237,0,0,0,2.1060493827160496,3555042
29238,5,5,0,2.106172839506173,3555047
29239,0,0,0,2.1062962962962963,3555047
29240,0,0,0,2.1064197530864197,3555047
29241,0,0,0,2.106543209876543,3555047
29242,10,10,0,2.1066666666666665,3555057
29243,353,239,0,2.1067901234567903,3555410
29244,793,532,6,2.106172839506173,3556203
29245,0,0,0,2.1062962962962963,3556203
29246,0,0,0,2.1064197530864197,3556203
29247,0,0,0,2.106543209876543,3556203
29248,0,0,0,2.1066666666666665,3556203
29249,0,0,0,2.1067901234567903,3556203
29250,0,0,0,2.1069135802469137,3556203
29251,318,310,12,2.1055555555555556,3556521
29252,1087,1083,4,2.105185185185185,3557608
29253,3591,3195,4,2.104814814814815,3561199
29254,1,1,0,2.1049382716049383,3561200
29255,0,0,0,2.1050617283950617,3561200
29256,60,60,0,2.105185185185185,3561260
29257,63,52,0,2.1053086419753084,3561323
29258,1,1,0,2.1054320987654322,3561324
29259,0,0,0,2.1055555555555556,3561324
29260,0,0,0,2.105679012345679,3561324
29261,0,0,0,2.1058024691358024,3561324
29262,481,316,0,2.1059259259259258,3561805
29263,147,146,0,2.1060493827160496,3561952
29264,48,48,0,2.106172839506173,3562000
29265,1,1,0,2.1062962962962963,3562001
29266,0,0,0,2.1064197530864197,3562001
29267,0,0,0,2.106543209876543,3562001
29268,0,0,0,2.1066666666666665,3562001
29269,0,0,0,2.1067901234567903,3562001
29270,4,4,0,2.1069135802469137,3562005
29271,0,0,0,2.107037037037037,3562005
29272,0,0,0,2.1071604938271604,3562005
29273,0,0,0,2.107283950617284,3562005
29274,124,124,0,2.1074074074074076,3562129
29275,0,0,0,2.107530864197531,3562129
29276,0,0,0,2.1076543209876544,3562129
29277,0,0,0,2.1077777777777778,3562129
29278,0,0,0,2.107901234567901,3562129
29279,0,0,0,2.1080246913580245,3562129
29280,0,0,0,2.1081481481481483,3562129
29281,5860,3827,2,2.1080246913580245,3567989
29282,20,20,2,2.107901234567901,3568009
29283,0,0,0,2.1080246913580245,3568009
29284,0,0,0,2.1081481481481483,3568009
29285,4,4,0,2.1082716049382717,3568013
29286,0,0,0,2.108395061728395,3568013
29287,0,0,0,2.1085185185185185,3568013
29288,0,0,0,2.108641975308642,3568013
29289,0,0,0,2.108765432098765,3568013
29290,536,371,10,2.1076543209876544,3568549
29291,0,0,0,2.1077777777777778,3568549
29292,1,1,0,2.107901234567901,3568550
29293,6,6,0,2.1080246913580245,3568556
29294,0,0,0,2.1081481481481483,3568556
29295,0,0,0,2.1082716049382717,3568556
29296,0,0,0,2.108395061728395,3568556
29297,0,0,0,2.1085185185185185,3568556
29298,0,0,0,2.108641975308642,3568556
29299,0,0,0,2.108765432098765,3568556
29300,0,0,0,2.108888888888889,3568556
29301,124,124,4,2.1085185185185185,3568680
29302,0,0,0,2.108641975308642,3568680
29303,0,0,0,2.108765432098765,3568680
29304,0,0,0,2.108888888888889,3568680
29305,520,470,16,2.107037037037037,3569200
29306,5,5,2,2.1069135802469137,3569205
29307,872,862,1,2.1069135802469137,3570077
29308,19,16,0,2.107037037037037,3570096
29309,0,0,0,2.1071604938271604,3570096
29310,0,0,0,2.107283950617284,3570096
29311,0,0,0,2.1074074074074076,3570096
29312,0,0,0,2.107530864197531,3570096
29313,0,0,0,2.1076543209876544,3570096
29314,11,11,0,2.1077777777777778,3570107
29315,0,0,0,2.107901234567901,3570107
29316,483,483,0,2.1080246913580245,3570590
29317,0,0,0,2.1081481481481483,3570590
29318,29,26,0,2.1082716049382717,3570619
29319,0,0,0,2.108395061728395,3570619
29320,0,0,0,2.1085185185185185,3570619
29321,0,0,0,2.108641975308642,3570619
29322,2173,2173,0,2.108765432098765,3572792
29323,0,0,0,2.108888888888889,3572792
29324,47,47,0,2.1090123456790124,3572839
29325,950,950,6,2.108395061728395,3573789
29326,0,0,0,2.1085185185185185,3573789
29327,41,41,0,2.108641975308642,3573830
29328,215,215,0,2.108765432098765,3574045
29329,108,108,0,2.108888888888889,3574153
29330,9306,3826,0,2.1090123456790124,3583459
29331,0,0,0,2.109135802469136,3583459
29332,48,47,0,2.109259259259259,3583507
29333,50,50,0,2.1093827160493825,3583557
29334,0,0,0,2.1095061728395064,3583557
29335,0,0,0,2.1096296296296297,3583557
29336,0,0,0,2.109753086419753,3583557
29337,0,0,0,2.1098765432098765,3583557
29338,1530,986,2,2.109753086419753,3585087
29339,0,0,0,2.1098765432098765,3585087
29340,0,0,0,2.11,3585087
29341,0,0,0,2.1101234567901233,3585087
29342,0,0,0,2.110246913580247,3585087
29343,0,0,0,2.1103703703703705,3585087
29344,2422,1339,4,2.11,3587509
29345,0,0,0,2.1101234567901233,3587509
29346,0,0,0,2.110246913580247,3587509
29347,10,10,0,2.1103703703703705,3587519
29348,0,0,0,2.110493827160494,3587519
29349,5,5,0,2.110617283950617,3587524
29350,5828,3190,12,2.109259259259259,3593352
29351,0,0,0,2.1093827160493825,3593352
29352,488,488,12,2.1080246913580245,3593840
29353,8,8,0,2.1081481481481483,3593848
29354,0,0,0,2.1082716049382717,3593848
29355,1,1,0,2.108395061728395,3593849
29356,0,0,0,2.1085185185185185,3593849
29357,0,0,0,2.108641975308642,3593849
29358,0,0,0,2.108765432098765,3593849
29359,24,21,0,2.108888888888889,3593873
29360,8,8,1,2.108888888888889,3593881
29361,2,2,0,2.1090123456790124,3593883
29362,0,0,0,2.109135802469136,3593883
29363,2,2,0,2.109259259259259,3593885
29364,1,1,0,2.1093827160493825,3593886
29365,24,24,0,2.1095061728395064,3593910
29366,1,1,0,2.1096296296296297,3593911
29367,0,0,0,2.109753086419753,3593911
29368,2,2,0,2.1098765432098765,3593913
29369,0,0,0,2.11,3593913
29370,17,17,0,2.1101234567901233,3593930
29371,0,0,0,2.110246913580247,3593930
29372,79,78,3,2.11,3594009
29373,0,0,0,2.1101234567901233,3594009
29374,0,0,0,2.110246913580247,3594009
29375,0,0,0,2.1103703703703705,3594009
29376,0,0,0,2.110493827160494,3594009
29377,0,0,0,2.110617283950617,3594009
29378,0,0,0,2.1107407407407406,3594009
29379,0,0,0,2.1108641975308644,3594009
29380,0,0,0,2.110987654320988,3594009
29381,18,17,0,2.111111111111111,3594027
29382,0,0,0,2.1112345679012345,3594027
29383,0,0,0,2.111358024691358,3594027
29384,0,0,0,2.1114814814814813,3594027
29385,0,0,0,2.111604938271605,3594027
29386,0,0,0,2.1117283950617285,3594027
29387,0,0,0,2.111851851851852,3594027
29388,0,0,0,2.1119753086419752,3594027
29389,3693,2143,36,2.1076543209876544,3597720
29390,0,0,0,2.1077777777777778,3597720
29391,18,17,0,2.107901234567901,3597738
29392,0,0,0,2.1080246913580245,3597738
29393,0,0,0,2.1081481481481483,3597738
29394,0,0,0,2.1082716049382717,3597738
29395,1068,1021,9,2.107283950617284,3598806
29396,0,0,0,2.1074074074074076,3598806
29397,0,0,0,2.107530864197531,3598806
29398,4,4,0,2.1076543209876544,3598810
29399,43,43,0,2.1077777777777778,3598853
29400,29,28,0,2.107901234567901,3598882
29401,0,0,0,2.1080246913580245,3598882
29402,0,0,0,2.1081481481481483,3598882
29403,0,0,0,2.1082716049382717,3598882
29404,1986,939,3,2.1080246913580245,3600868
29405,0,0,0,2.1081481481481483,3600868
29406,2187,1127,0,2.1082716049382717,3603055
29407,4,4,0,2.108395061728395,3603059
29408,9,9,0,2.1085185185185185,3603068
29409,56,56,0,2.108641975308642,3603124
29410,0,0,0,2.108765432098765,3603124
29411,8519,5321,21,2.1062962962962963,3611643
29412,0,0,0,2.1064197530864197,3611643
29413,76,75,0,2.106543209876543,3611719
29414,0,0,0,2.1066666666666665,3611719
29415,0,0,0,2.1067901234567903,3611719
29416,498,498,0,2.1069135802469137,3612217
29417,0,0,0,2.107037037037037,3612217
29418,0,0,0,2.1071604938271604,3612217
29419,0,0,0,2.107283950617284,3612217
29420,2596,1842,2,2.1071604938271604,3614813
29421,0,0,0,2.107283950617284,3614813
29422,4,4,0,2.1074074074074076,3614817
29423,28,28,0,2.107530864197531,3614845
29424,75,75,2,2.1074074074074076,3614920
29425,3,3,0,2.107530864197531,3614923
29426,448,388,0,2.1076543209876544,3615371
29427,5,5,0,2.1077777777777778,3615376
29428,7,7,0,2.107901234567901,3615383
29429,0,0,0,2.1080246913580245,3615383
29430,0,0,0,2.1081481481481483,3615383
29431,0,0,0,2.1082716049382717,3615383
29432,0,0,0,2.108395061728395,3615383
29433,0,0,0,2.1085185185185185,3615383
29434,0,0,0,2.108641975308642,3615383
29435,5,5,1,2.108641975308642,3615388
29436,0,0,0,2.108765432098765,3615388
29437,385,315,8,2.107901234567901,3615773
29438,5006,2941,20,2.1055555555555556,3620779
29439,0,0,0,2.105679012345679,3620779
29440,0,0,0,2.1058024691358024,3620779
29441,1398,907,0,2.1059259259259258,3622177
29442,431,431,0,2.1060493827160496,3622608
29443,1042,759,0,2.106172839506173,3623650
29444,0,0,0,2.1062962962962963,3623650
29445,1417,1280,2,2.106172839506173,3625067
29446,0,0,0,2.1062962962962963,3625067
29447,0,0,0,2.1064197530864197,3625067
29448,0,0,0,2.106543209876543,3625067
29449,0,0,0,2.1066666666666665,3625067
29450,4,4,0,2.1067901234567903,3625071
29451,0,0,0,2.1069135802469137,3625071
29452,0,0,0,2.107037037037037,3625071
29453,0,0,0,2.1071604938271604,3625071
29454,1,1,0,2.107283950617284,3625072
29455,33,33,0,2.1074074074074076,3625105
29456,0,0,0,2.107530864197531,3625105
29457,0,0,0,2.1076543209876544,3625105
29458,0,0,0,2.1077777777777778,3625105
29459,3,3,1,2.1077777777777778,3625108
29460,0,0,0,2.107901234567901,3625108
29461,144,143,12,2.106543209876543,3625252
29462,0,0,0,2.1066666666666665,3625252
29463,222,222,5,2.106172839506173,3625474
29464,5,5,0,2.1062962962962963,3625479
29465,0,0,0,2.1064197530864197,3625479
29466,2208,2208,0,2.106543209876543,3627687
29467,0,0,0,2.1066666666666665,3627687
29468,0,0,0,2.1067901234567903,3627687
29469,45,45,0,2.1069135802469137,3627732
29470,47,39,0,2.107037037037037,3627779
29471,0,0,0,2.1071604938271604,3627779
29472,0,0,0,2.107283950617284,3627779
29473,0,0,0,2.1074074074074076,3627779
29474,0,0,0,2.107530864197531,3627779
29475,1,1,0,2.1076543209876544,3627780
29476,0,0,0,2.1077777777777778,3627780
29477,80,80,0,2.107901234567901,3627860
29478,0,0,0,2.1080246913580245,3627860
29479,0,0,0,2.1081481481481483,3627860
29480,163,125,6,2.107530864197531,3628023
29481,3883,3156,7,2.1067901234567903,3631906
29482,7,7,0,2.1069135802469137,3631913
29483,1,1,0,2.107037037037037,3631914
29484,60,60,0,2.1071604938271604,3631974
29485,0,0,0,2.107283950617284,3631974
29486,2,2,0,2.1074074074074076,3631976
29487,0,0,0,2.107530864197531,3631976
29488,0,0,0,2.1076543209876544,3631976
29489,2,2,0,2.1077777777777778,3631978
29490,0,0,0,2.107901234567901,3631978
29491,0,0,0,2.1080246913580245,3631978
29492,0,0,0,2.1081481481481483,3631978
29493,0,0,0,2.1082716049382717,3631978
29494,0,0,0,2.108395061728395,3631978
29495,0,0,0,2.1085185185185185,3631978
29496,13,13,0,2.108641975308642,3631991
29497,0,0,0,2.108765432098765,3631991
29498,564,438,0,2.108888888888889,3632555
29499,47,41,0,2.1090123456790124,3632602
29500,1,1,0,2.109135802469136,3632603
29501,0,0,0,2.109259259259259,3632603
29502,8,8,0,2.1093827160493825,3632611
29503,92,92,0,2.1095061728395064,3632703
29504,0,0,0,2.1096296296296297,3632703
29505,0,0,0,2.109753086419753,3632703
29506,0,0,0,2.1098765432098765,3632703
29507,90,90,0,2.11,3632793
29508,0,0,0,2.1101234567901233,3632793
29509,0,0,0,2.110246913580247,3632793
29510,1,1,0,2.1103703703703705,3632794
29511,871,868,5,2.1098765432098765,3633665
29512,0,0,0,2.11,3633665
29513,18,18,0,2.1101234567901233,3633683
29514,2032,1989,20,2.1077777777777778,3635715
29515,31,31,0,2.107901234567901,3635746
29516,0,0,0,2.1080246913580245,3635746
29517,3,3,0,2.1081481481481483,3635749
29518,0,0,0,2.1082716049382717,3635749
29519,0,0,0,2.108395061728395,3635749
29520,0,0,0,2.1085185185185185,3635749
29521,0,0,0,2.108641975308642,3635749
29522,4,4,0,2.108765432098765,3635753
29523,0,0,0,2.108888888888889,3635753
29524,0,0,0,2.1090123456790124,3635753
29525,0,0,0,2.109135802469136,3635753
29526,0,0,0,2.109259259259259,3635753
29527,0,0,0,2.1093827160493825,3635753
29528,0,0,0,2.1095061728395064,3635753
29529,3,3,0,2.1096296296296297,3635756
29530,282,261,4,2.109259259259259,3636038
29531,0,0,0,2.1093827160493825,3636038
29532,0,0,0,2.1095061728395064,3636038
29533,2,2,0,2.1096296296296297,3636040
29534,0,0,0,2.109753086419753,3636040
29535,0,0,0,2.1098765432098765,3636040
29536,0,0,0,2.11,3636040
29537,0,0,0,2.1101234567901233,3636040
29538,219,157,0,2.110246913580247,3636259
29539,102,102,0,2.1103703703703705,3636361
29540,29,29,0,2.110493827160494,3636390
29541,0,0,0,2.110617283950617,3636390
29542,0,0,0,2.1107407407407406,3636390
29543,23,23,0,2.1108641975308644,3636413
29544,0,0,0,2.110987654320988,3636413
29545,0,0,0,2.111111111111111,3636413
29546,0,0,0,2.1112345679012345,3636413
29547,0,0,0,2.111358024691358,3636413
29548,0,0,0,2.1114814814814813,3636413
29549,127,106,3,2.1112345679012345,3636540
29550,0,0,0,2.111358024691358,3636540
29551,0,0,0,2.1114814814814813,3636540
29552,0,0,0,2.111604938271605,3636540
29553,5077,2317,21,2.109135802469136,3641617
29554,0,0,0,2.109259259259259,3641617
29555,0,0,0,2.1093827160493825,3641617
29556,0,0,0,2.1095061728395064,3641617
29557,1,1,0,2.1096296296296297,3641618
29558,0,0,0,2.109753086419753,3641618
29559,1,1,0,2.1098765432098765,3641619
29560,0,0,0,2.11,3641619
29561,0,0,0,2.1101234567901233,3641619
29562,0,0,0,2.110246913580247,3641619
29563,21,21,0,2.1103703703703705,3641640
29564,0,0,0,2.110493827160494,3641640
29565,0,0,0,2.110617283950617,3641640
29566,0,0,0,2.1107407407407406,3641640
29567,2842,2699,4,2.1103703703703705,3644482
29568,4,4,0,2.110493827160494,3644486
29569,0,0,0,2.110617283950617,3644486
29570,1,1,0,2.1107407407407406,3644487
29571,0,0,0,2.1108641975308644,3644487
29572,0,0,0,2.110987654320988,3644487
29573,0,0,0,2.111111111111111,3644487
29574,0,0,0,2.1112345679012345,3644487
29575,9,9,0,2.111358024691358,3644496
29576,1,1,0,2.1114814814814813,3644497
29577,0,0,0,2.111604938271605,3644497
29578,25,25,4,2.1112345679012345,3644522
29579,41,40,0,2.111358024691358,3644563
29580,1,1,0,2.1114814814814813,3644564
29581,2814,2016,9,2.110493827160494,3647378
29582,0,0,0,2.110617283950617,3647378
29583,2,2,0,2.1107407407407406,3647380
29584,0,0,0,2.1108641975308644,3647380
29585,0,0,0,2.110987654320988,3647380
29586,209,209,0,2.111111111111111,3647589
29587,0,0,0,2.1112345679012345,3647589
29588,0,0,0,2.111358024691358,3647589
29589,8,8,0,2.1114814814814813,3647597
29590,0,0,0,2.111604938271605,3647597
29591,1,1,0,2.1117283950617285,3647598
29592,0,0,0,2.111851851851852,3647598
29593,0,0,0,2.1119753086419752,3647598
29594,0,0,0,2.1120987654320986,3647598
29595,0,0,0,2.112222222222222,3647598
29596,242,212,11,2.110987654320988,3647840
29597,0,0,0,2.111111111111111,3647840
29598,1,1,0,2.1112345679012345,3647841
29599,970,970,0,2.111358024691358,3648811
29600,54,54,0,2.1114814814814813,3648865
29601,0,0,0,2.111604938271605,3648865
29602,0,0,0,2.1117283950617285,3648865
29603,0,0,0,2.111851851851852,3648865
29604,0,0,0,2.1119753086419752,3648865
29605,0,0,0,2.1120987654320986,3648865
29606,0,0,0,2.112222222222222,3648865
29607,0,0,0,2.112345679012346,3648865
29608,0,0,0,2.112469135802469,3648865
29609,5632,3944,16,2.110617283950617,3654497
29610,0,0,0,2.1107407407407406,3654497
29611,178,178,0,2.1108641975308644,3654675
29612,86,70,2,2.1107407407407406,3654761
29613,0,0,0,2.1108641975308644,3654761
29614,17,17,0,2.110987654320988,3654778
29615,0,0,0,2.111111111111111,3654778
29616,4,4,0,2.1112345679012345,3654782
29617,34,34,0,2.111358024691358,3654816
29618,0,0,0,2.1114814814814813,3654816
29619,3,3,0,2.111604938271605,3654819
29620,45,34,0,2.1117283950617285,3654864
29621,1,1,0,2.111851851851852,3654865
29622,1499,1487,4,2.1114814814814813,3656364
29623,0,0,0,2.111604938271605,3656364
29624,0,0,0,2.1117283950617285,3656364
29625,0,0,0,2.111851851851852,3656364
29626,256,239,0,2.1119753086419752,3656620
29627,4023,2969,5,2.1114814814814813,3660643
29628,0,0,0,2.111604938271605,3660643
29629,0,0,0,2.1117283950617285,3660643
29630,492,492,0,2.111851851851852,3661135
29631,0,0,0,2.1119753086419752,3661135
29632,0,0,0,2.1120987654320986,3661135
29633,0,0,0,2.112222222222222,3661135
29634,0,0,0,2.112345679012346,3661135
29635,0,0,0,2.112469135802469,3661135
29636,0,0,0,2.1125925925925926,3661135
29637,0,0,0,2.112716049382716,3661135
29638,4,4,0,2.1128395061728393,3661139
29639,0,0,0,2.112962962962963,3661139
29640,0,0,0,2.1130864197530865,3661139
29641,0,0,0,2.11320987654321,3661139
29642,0,0,0,2.1133333333333333,3661139
29643,3,3,1,2.1133333333333333,3661142
29644,172,172,0,2.1134567901234567,3661314
29645,0,0,0,2.11358024691358,3661314
29646,3686,3686,6,2.112962962962963,3665000
29647,0,0,0,2.1130864197530865,3665000
29648,7,7,0,2.11320987654321,3665007
29649,8,7,0,2.1133333333333333,3665015
29650,0,0,0,2.1134567901234567,3665015
29651,186,153,2,2.1133333333333333,3665201
29652,40,37,0,2.1134567901234567,3665241
29653,0,0,0,2.11358024691358,3665241
29654,0,0,0,2.113703703703704,3665241
29655,0,0,0,2.1138271604938272,3665241
29656,0,0,0,2.1139506172839506,3665241
29657,83,83,0,2.114074074074074,3665324
29658,0,0,0,2.1141975308641974,3665324
29659,4,4,0,2.114320987654321,3665328
29660,0,0,0,2.1144444444444446,3665328
29661,2946,2450,11,2.11320987654321,3668274
29662,0,0,0,2.1133333333333333,3668274
29663,1,1,0,2.1134567901234567,3668275
29664,0,0,0,2.11358024691358,3668275
29665,0,0,0,2.113703703703704,3668275
29666,0,0,0,2.1138271604938272,3668275
29667,0,0,0,2.1139506172839506,3668275
29668,0,0,0,2.114074074074074,3668275
29669,0,0,0,2.1141975308641974,3668275
29670,1,1,0,2.114320987654321,3668276
29671,0,0,0,2.1144444444444446,3668276
29672,259,259,0,2.114567901234568,3668535
29673,0,0,0,2.1146913580246913,3668535
29674,0,0,0,2.1148148148148147,3668535
29675,1,1,1,2.1148148148148147,3668536
29676,14,14,0,2.114938271604938,3668550
29677,0,0,0,2.115061728395062,3668550
29678,0,0,0,2.1151851851851853,3668550
29679,158,131,0,2.1153086419753087,3668708
29680,0,0,0,2.115432098765432,3668708
29681,0,0,0,2.1155555555555554,3668708
29682,0,0,0,2.1156790123456792,3668708
29683,9,9,0,2.1158024691358026,3668717
29684,0,0,0,2.115925925925926,3668717
29685,31,30,0,2.1160493827160494,3668748
29686,5,5,0,2.1161728395061727,3668753
29687,0,0,0,2.116296296296296,3668753
29688,0,0,0,2.11641975308642,3668753
29689,2,2,0,2.1165432098765433,3668755
29690,0,0,0,2.1166666666666667,3668755
29691,0,0,0,2.11679012345679,3668755
29692,0,0,0,2.1169135802469135,3668755
29693,0,0,0,2.117037037037037,3668755
29694,0,0,0,2.1171604938271606,3668755
29695,2,2,0,2.117283950617284,3668757
29696,0,0,0,2.1174074074074074,3668757
29697,0,0,0,2.117530864197531,3668757
29698,0,0,0,2.117654320987654,3668757
29699,0,0,0,2.117777777777778,3668757
29700,10,10,0,2.1179012345679014,3668767
29701,28,28,0,2.1180246913580247,3668795
29702,114,100,0,2.118148148148148,3668909
29703,5,5,0,2.1182716049382715,3668914
29704,134,134,7,2.117530864197531,3669048
29705,0,0,0,2.117654320987654,3669048
29706,0,0,0,2.117777777777778,3669048
29707,20,20,0,2.1179012345679014,3669068
29708,0,0,0,2.1180246913580247,3669068
29709,0,0,0,2.118148148148148,3669068
29710,0,0,0,2.1182716049382715,3669068
29711,15,15,0,2.118395061728395,3669083
29712,0,0,0,2.1185185185185187,3669083
29713,0,0,0,2.118641975308642,3669083
29714,1010,766,0,2.1187654320987654,3670093
29715,0,0,0,2.118888888888889,3670093
29716,55,51,0,2.119012345679012,3670148
29717,1499,984,4,2.118641975308642,3671647
29718,14,14,4,2.1182716049382715,3671661
29719,0,0,0,2.118395061728395,3671661
29720,4,4,0,2.1185185185185187,3671665
29721,4831,3048,7,2.117777777777778,3676496
29722,0,0,0,2.1179012345679014,3676496
29723,0,0,0,2.1180246913580247,3676496
29724,61,61,0,2.118148148148148,3676557
29725,1,1,0,2.1182716049382715,3676558
29726,7693,4897,26,2.1151851851851853,3684251
29727,685,387,12,2.1138271604938272,3684936
29728,1655,1411,0,2.1139506172839506,3686591
29729,438,333,2,2.1138271604938272,3687029
29730,0,0,0,2.1139506172839506,3687029
29731,0,0,0,2.114074074074074,3687029
29732,82,78,0,2.1141975308641974,3687111
29733,265,265,8,2.1133333333333333,3687376
29734,60,47,0,2.1134567901234567,3687436
29735,0,0,0,2.11358024691358,3687436
29736,10879,5199,29,2.1101234567901233,3698315
29737,17,17,0,2.110246913580247,3698332
29738,0,0,0,2.1103703703703705,3698332
29739,0,0,0,2.110493827160494,3698332
29740,0,0,0,2.110617283950617,3698332
29741,39,39,0,2.1107407407407406,3698371
29742,0,0,0,2.1108641975308644,3698371
29743,0,0,0,2.110987654320988,3698371
29744,0,0,0,2.111111111111111,3698371
29745,0,0,0,2.1112345679012345,3698371
29746,12,12,0,2.111358024691358,3698383
29747,0,0,0,2.1114814814814813,3698383
29748,0,0,0,2.111604938271605,3698383
29749,0,0,0,2.1117283950617285,3698383
29750,0,0,0,2.111851851851852,3698383
29751,2,2,2,2.1117283950617285,3698385
29752,6119,4152,13,2.110246913580247,3704504
29753,0,0,0,2.1103703703703705,3704504
29754,1,1,0,2.110493827160494,3704505
29755,0,0,0,2.110617283950617,3704505
29756,5,5,1,2.110617283950617,3704510
29757,111,111,0,2.1107407407407406,3704621
29758,0,0,0,2.1108641975308644,3704621
29759,0,0,0,2.110987654320988,3704621
29760,2,2,0,2.111111111111111,3704623
29761,1,1,0,2.1112345679012345,3704624
29762,0,0,0,2.111358024691358,3704624
29763,1,1,0,2.1114814814814813,3704625
29764,996,877,3,2.1112345679012345,3705621
29765,113,113,0,2.111358024691358,3705734
29766,0,0,0,2.1114814814814813,3705734
29767,756,755,7,2.1107407407407406,3706490
29768,8,8,0,2.1108641975308644,3706498
29769,0,0,0,2.110987654320988,3706498
29770,1414,1242,0,2.111111111111111,3707912
29771,12,12,0,2.1112345679012345,3707924
29772,0,0,0,2.111358024691358,3707924
29773,82,82,5,2.1108641975308644,3708006
29774,0,0,0,2.110987654320988,3708006
29775,17,17,0,2.111111111111111,3708023
29776,10,10,0,2.1112345679012345,3708033
29777,0,0,0,2.111358024691358,3708033
29778,4440,2275,13,2.1098765432098765,3712473
29779,0,0,0,2.11,3712473
29780,32,31,0,2.1101234567901233,3712505
29781,0,0,0,2.110246913580247,3712505
29782,0,0,0,2.1103703703703705,3712505
29783,10,10,0,2.110493827160494,3712515
29784,67,67,0,2.110617283950617,3712582
29785,6,6,0,2.1107407407407406,3712588
29786,1,1,0,2.1108641975308644,3712589
29787,0,0,0,2.110987654320988,3712589
29788,158,120,8,2.1101234567901233,3712747
29789,0,0,0,2.110246913580247,3712747
29790,0,0,0,2.1103703703703705,3712747
29791,0,0,0,2.110493827160494,3712747
29792,0,0,0,2.110617283950617,3712747
29793,0,0,0,2.1107407407407406,3712747
29794,0,0,0,2.1108641975308644,3712747
29795,239,239,2,2.1107407407407406,3712986
29796,56,46,2,2.110617283950617,3713042
29797,33,33,3,2.1103703703703705,3713075
29798,10,10,0,2.110493827160494,3713085
29799,255,255,0,2.110617283950617,3713340
29800,18530,5732,61,2.1032098765432097,3731870
29801,0,0,0,2.1033333333333335,3731870
29802,0,0,0,2.103456790123457,3731870
29803,0,0,0,2.1035802469135803,3731870
29804,13,13,0,2.1037037037037036,3731883
29805,3810,3810,18,2.101604938271605,3735693
29806,5,5,3,2.101358024691358,3735698
29807,4,4,0,2.1014814814814815,3735702
29808,0,0,0,2.101604938271605,3735702
29809,95,77,0,2.1017283950617283,3735797
29810,0,0,0,2.1018518518518516,3735797
29811,0,0,0,2.1019753086419755,3735797
29812,0,0,0,2.102098765432099,3735797
29813,0,0,0,2.102222222222222,3735797
29814,9,9,0,2.1023456790123456,3735806
29815,2808,2728,8,2.1014814814814815,3738614
29816,31,31,0,2.101604938271605,3738645
29817,0,0,0,2.1017283950617283,3738645
29818,0,0,0,2.1018518518518516,3738645
29819,833,517,0,2.1019753086419755,3739478
29820,0,0,0,2.102098765432099,3739478
29821,0,0,0,2.102222222222222,3739478
29822,466,466,0,2.1023456790123456,3739944
29823,0,0,0,2.102469135802469,3739944
29824,0,0,0,2.102592592592593,3739944
29825,0,0,0,2.102716049382716,3739944
29826,15,15,0,2.1028395061728395,3739959
29827,0,0,0,2.102962962962963,3739959
29828,0,0,0,2.1030864197530863,3739959
29829,0,0,0,2.1032098765432097,3739959
29830,0,0,0,2.1033333333333335,3739959
29831,0,0,0,2.103456790123457,3739959
29832,0,0,0,2.1035802469135803,3739959
29833,5,5,0,2.1037037037037036,3739964
29834,0,0,0,2.103827160493827,3739964
29835,0,0,0,2.103950617283951,3739964
29836,707,507,3,2.1037037037037036,3740671
29837,16,16,0,2.103827160493827,3740687
29838,1,1,0,2.103950617283951,3740688
29839,4037,2287,8,2.1030864197530863,3744725
29840,623,399,3,2.1028395061728395,3745348
29841,0,0,0,2.102962962962963,3745348
29842,1,1,0,2.1030864197530863,3745349
29843,0,0,0,2.1032098765432097,3745349
29844,2412,2412,5,2.102716049382716,3747761
29845,203,185,0,2.1028395061728395,3747964
29846,109,109,0,2.102962962962963,3748073
29847,2,2,0,2.1030864197530863,3748075
29848,0,0,0,2.1032098765432097,3748075
29849,6,6,0,2.1033333333333335,3748081
29850,0,0,0,2.103456790123457,3748081
29851,0,0,0,2.1035802469135803,3748081
29852,60,60,4,2.1032098765432097,3748141
29853,0,0,0,2.1033333333333335,3748141
29854,0,0,0,2.103456790123457,3748141
29855,1,1,0,2.1035802469135803,3748142
29856,0,0,0,2.1037037037037036,3748142
29857,26,22,0,2.103827160493827,3748168
29858,0,0,0,2.103950617283951,3748168
29859,0,0,0,2.104074074074074,3748168
29860,0,0,0,2.1041975308641976,3748168
29861,0,0,0,2.104320987654321,3748168
29862,38,30,0,2.1044444444444443,3748206
29863,6,6,0,2.1045679012345677,3748212
29864,0,0,0,2.1046913580246915,3748212
29865,0,0,0,2.104814814814815,3748212
29866,0,0,0,2.1049382716049383,3748212
29867,1,1,0,2.1050617283950617,3748213
29868,0,0,0,2.105185185185185,3748213
29869,44,43,0,2.1053086419753084,3748257
29870,361,361,0,2.1054320987654322,3748618
29871,0,0,0,2.1055555555555556,3748618
29872,0,0,0,2.105679012345679,3748618
29873,4937,2380,5,2.105185185185185,3753555
29874,0,0,0,2.1053086419753084,3753555
29875,0,0,0,2.1054320987654322,3753555
29876,0,0,0,2.1055555555555556,3753555
29877,0,0,0,2.105679012345679,3753555
29878,0,0,0,2.1058024691358024,3753555
29879,3444,2610,0,2.1059259259259258,3756999
29880,19,19,1,2.1059259259259258,3757018
29881,0,0,0,2.1060493827160496,3757018
29882,0,0,0,2.106172839506173,3757018
29883,248,187,1,2.106172839506173,3757266
29884,6,6,1,2.106172839506173,3757272
29885,0,0,0,2.1062962962962963,3757272
29886,37,37,0,2.1064197530864197,3757309
29887,0,0,0,2.106543209876543,3757309
29888,0,0,0,2.1066666666666665,3757309
29889,0,0,0,2.1067901234567903,3757309
29890,0,0,0,2.1069135802469137,3757309
29891,0,0,0,2.107037037037037,3757309
29892,0,0,0,2.1071604938271604,3757309
29893,0,0,0,2.107283950617284,3757309
29894,932,866,0,2.1074074074074076,3758241
29895,1,1,0,2.107530864197531,3758242
29896,0,0,0,2.1076543209876544,3758242
29897,55,46,4,2.107283950617284,3758297
29898,0,0,0,2.1074074074074076,3758297
29899,324,324,0,2.107530864197531,3758621
29900,606,540,0,2.1076543209876544,3759227
29901,1,1,0,2.1077777777777778,3759228
29902,0,0,0,2.107901234567901,3759228
29903,0,0,0,2.1080246913580245,3759228
29904,0,0,0,2.1081481481481483,3759228
29905,6,6,0,2.1082716049382717,3759234
29906,0,0,0,2.108395061728395,3759234
29907,0,0,0,2.1085185185185185,3759234
29908,2,2,0,2.108641975308642,3759236
29909,1982,1001,25,2.105679012345679,3761218
29910,9,9,0,2.1058024691358024,3761227
29911,0,0,0,2.1059259259259258,3761227
29912,0,0,0,2.1060493827160496,3761227
29913,0,0,0,2.106172839506173,3761227
29914,0,0,0,2.1062962962962963,3761227
29915,1019,1006,0,2.1064197530864197,3762246
29916,0,0,0,2.106543209876543,3762246
29917,0,0,0,2.1066666666666665,3762246
29918,30,25,0,2.1067901234567903,3762276
29919,158,133,9,2.1058024691358024,3762434
29920,141,141,3,2.1055555555555556,3762575
29921,0,0,0,2.105679012345679,3762575
29922,0,0,0,2.1058024691358024,3762575
29923,0,0,0,2.1059259259259258,3762575
29924,0,0,0,2.1060493827160496,3762575
29925,9,9,0,2.106172839506173,3762584
29926,1631,1153,3,2.1059259259259258,3764215
29927,0,0,0,2.1060493827160496,3764215
29928,0,0,0,2.106172839506173,3764215
29929,189,189,0,2.1062962962962963,3764404
29930,4,4,0,2.1064197530864197,3764408
29931,0,0,0,2.106543209876543,3764408
29932,0,0,0,2.1066666666666665,3764408
29933,0,0,0,2.1067901234567903,3764408
29934,0,0,0,2.1069135802469137,3764408
29935,0,0,0,2.107037037037037,3764408
29936,0,0,0,2.1071604938271604,3764408
29937,128,89,0,2.107283950617284,3764536
29938,0,0,0,2.1074074074074076,3764536
29939,0,0,0,2.107530864197531,3764536
29940,0,0,0,2.1076543209876544,3764536
29941,452,348,0,2.1077777777777778,3764988
29942,6,6,0,2.107901234567901,3764994
29943,39,39,0,2.1080246913580245,3765033
29944,0,0,0,2.1081481481481483,3765033
29945,0,0,0,2.1082716049382717,3765033
29946,0,0,0,2.108395061728395,3765033
29947,2489,2068,0,2.1085185185185185,3767522
29948,0,0,0,2.108641975308642,3767522
29949,0,0,0,2.108765432098765,3767522
29950,0,0,0,2.108888888888889,3767522
29951,0,0,0,2.1090123456790124,3767522
29952,0,0,0,2.109135802469136,3767522
29953,0,0,0,2.109259259259259,3767522
29954,79,79,0,2.1093827160493825,3767601
29955,207,206,0,2.1095061728395064,3767808
29956,0,0,0,2.1096296296296297,3767808
29957,1493,1493,4,2.109259259259259,3769301
29958,10,10,3,2.1090123456790124,3769311
29959,0,0,0,2.109135802469136,3769311
29960,404,404,0,2.109259259259259,3769715
29961,0,0,0,2.1093827160493825,3769715
29962,1,1,0,2.1095061728395064,3769716
29963,0,0,0,2.1096296296296297,3769716
29964,0,0,0,2.109753086419753,3769716
29965,1,1,0,2.1098765432098765,3769717
29966,9,9,0,2.11,3769726
29967,0,0,0,2.1101234567901233,3769726
29968,0,0,0,2.110246913580247,3769726
29969,0,0,0,2.1103703703703705,3769726
29970,275,275,0,2.110493827160494,3770001
29971,633,627,6,2.1098765432098765,3770634
29972,0,0,0,2.11,3770634
29973,0,0,0,2.1101234567901233,3770634
29974,6,6,0,2.110246913580247,3770640
29975,3,3,2,2.1101234567901233,3770643
29976,2,2,0,2.110246913580247,3770645
29977,0,0,0,2.1103703703703705,3770645
29978,0,0,0,2.110493827160494,3770645
29979,6,6,0,2.110617283950617,3770651
29980,0,0,0,2.1107407407407406,3770651
29981,488,314,6,2.1101234567901233,3771139
29982,0,0,0,2.110246913580247,3771139
29983,0,0,0,2.1103703703703705,3771139
29984,0,0,0,2.110493827160494,3771139
29985,51,39,5,2.11,3771190
29986,189,187,0,2.1101234567901233,3771379
29987,0,0,0,2.110246913580247,3771379
29988,0,0,0,2.1103703703703705,3771379
29989,0,0,0,2.110493827160494,3771379
29990,0,0,0,2.110617283950617,3771379
29991,0,0,0,2.1107407407407406,3771379
29992,2,2,0,2.1108641975308644,3771381
29993,0,0,0,2.110987654320988,3771381
29994,1490,875,0,2.111111111111111,3772871
29995,0,0,0,2.1112345679012345,3772871
29996,303,243,10,2.1101234567901233,3773174
29997,232,230,0,2.110246913580247,3773406
29998,0,0,0,2.1103703703703705,3773406
29999,713,520,2,2.110246913580247,3774119
30000,0,0,0,2.1103703703703705,3774119
30001,49,48,2,2.110246913580247,3774168
30002,0,0,0,2.1103703703703705,3774168
30003,2,2,0,2.110493827160494,3774170
30004,0,0,0,2.110617283950617,3774170
30005,17,17,0,2.1107407407407406,3774187
30006,0,0,0,2.1108641975308644,3774187
30007,3,3,0,2.110987654320988,3774190
30008,577,425,0,2.111111111111111,3774767
30009,0,0,0,2.1112345679012345,3774767
30010,0,0,0,2.111358024691358,3774767
30011,0,0,0,2.1114814814814813,3774767
30012,0,0,0,2.111604938271605,3774767
30013,0,0,0,2.1117283950617285,3774767
30014,0,0,0,2.111851851851852,3774767
30015,2615,2053,0,2.1119753086419752,3777382
30016,1077,1077,0,2.1120987654320986,3778459
30017,2,2,0,2.112222222222222,3778461
30018,0,0,0,2.112345679012346,3778461
30019,639,638,0,2.112469135802469,3779100
30020,0,0,0,2.1125925925925926,3779100
30021,0,0,0,2.112716049382716,3779100
30022,0,0,0,2.1128395061728393,3779100
30023,0,0,0,2.112962962962963,3779100
30024,0,0,0,2.1130864197530865,3779100
30025,1067,872,9,2.1120987654320986,3780167
30026,23,23,0,2.112222222222222,3780190
30027,352,352,0,2.112345679012346,3780542
30028,0,0,0,2.112469135802469,3780542
30029,1952,1951,12,2.111111111111111,3782494
30030,3,3,0,2.1112345679012345,3782497
30031,0,0,0,2.111358024691358,3782497
30032,317,316,0,2.1114814814814813,3782814
30033,0,0,0,2.111604938271605,3782814
30034,0,0,0,2.1117283950617285,3782814
30035,4,4,0,2.111851851851852,3782818
30036,0,0,0,2.1119753086419752,3782818
30037,178,126,0,2.1120987654320986,3782996
30038,0,0,0,2.112222222222222,3782996
30039,0,0,0,2.112345679012346,3782996
30040,620,384,0,2.112469135802469,3783616
30041,20,20,0,2.1125925925925926,3783636
30042,0,0,0,2.112716049382716,3783636
30043,0,0,0,2.1128395061728393,3783636
30044,0,0,0,2.112962962962963,3783636
30045,11846,4800,56,2.106172839506173,3795482
30046,0,0,0,2.1062962962962963,3795482
30047,894,894,8,2.1054320987654322,3796376
30048,0,0,0,2.1055555555555556,3796376
30049,6,6,0,2.105679012345679,3796382
30050,0,0,0,2.1058024691358024,3796382
30051,17,17,6,2.105185185185185,3796399
30052,314,195,0,2.1053086419753084,3796713
30053,0,0,0,2.1054320987654322,3796713
30054,1,1,0,2.1055555555555556,3796714
30055,0,0,0,2.105679012345679,3796714
30056,2770,1313,24,2.1028395061728395,3799484
30057,0,0,0,2.102962962962963,3799484
30058,0,0,0,2.1030864197530863,3799484
30059,0,0,0,2.1032098765432097,3799484
30060,597,567,2,2.1030864197530863,3800081
30061,0,0,0,2.1032098765432097,3800081
30062,280,280,0,2.1033333333333335,3800361
30063,19,19,0,2.103456790123457,3800380
30064,0,0,0,2.1035802469135803,3800380
30065,0,0,0,2.1037037037037036,3800380
30066,0,0,0,2.103827160493827,3800380
30067,0,0,0,2.103950617283951,3800380
30068,184,167,9,2.102962962962963,3800564
30069,0,0,0,2.1030864197530863,3800564
30070,47,47,0,2.1032098765432097,3800611
30071,0,0,0,2.1033333333333335,3800611
30072,0,0,0,2.103456790123457,3800611
30073,0,0,0,2.1035802469135803,3800611
30074,508,460,0,2.1037037037037036,3801119
30075,0,0,0,2.103827160493827,3801119
30076,0,0,0,2.103950617283951,3801119
30077,0,0,0,2.104074074074074,3801119
30078,1209,802,9,2.1030864197530863,3802328
30079,0,0,0,2.1032098765432097,3802328
30080,0,0,0,2.1033333333333335,3802328
30081,1,1,0,2.103456790123457,3802329
30082,5307,3840,7,2.102716049382716,3807636
30083,1427,1160,14,2.101111111111111,3809063
30084,0,0,0,2.1012345679012348,3809063
30085,751,751,0,2.101358024691358,3809814
30086,34,33,0,2.1014814814814815,3809848
30087,0,0,0,2.101604938271605,3809848
30088,1089,1086,6,2.1009876543209876,3810937
30089,0,0,0,2.101111111111111,3810937
30090,13,13,0,2.1012345679012348,3810950
30091,0,0,0,2.101358024691358,3810950
30092,0,0,0,2.1014814814814815,3810950
30093,120,110,0,2.101604938271605,3811070
30094,0,0,0,2.1017283950617283,3811070
30095,4,4,2,2.101604938271605,3811074
30096,0,0,0,2.1017283950617283,3811074
30097,0,0,0,2.1018518518518516,3811074
30098,1578,1578,0,2.1019753086419755,3812652
30099,11,11,0,2.102098765432099,3812663
30100,0,0,0,2.102222222222222,3812663
30101,1,1,0,2.1023456790123456,3812664
30102,0,0,0,2.102469135802469,3812664
30103,0,0,0,2.102592592592593,3812664
30104,0,0,0,2.102716049382716,3812664
30105,323,314,3,2.102469135802469,3812987
30106,1434,1362,0,2.102592592592593,3814421
30107,0,0,0,2.102716049382716,3814421
30108,7835,4075,12,2.101358024691358,3822256
30109,0,0,0,2.1014814814814815,3822256
30110,185,184,0,2.101604938271605,3822441
30111,10,10,0,2.1017283950617283,3822451
30112,610,610,0,2.1018518518518516,3823061
30113,0,0,0,2.1019753086419755,3823061
30114,0,0,0,2.102098765432099,3823061
30115,0,0,0,2.102222222222222,3823061
30116,0,0,0,2.1023456790123456,3823061
30117,567,368,0,2.102469135802469,3823628
30118,0,0,0,2.102592592592593,3823628
30119,3,3,0,2.102716049382716,3823631
30120,0,0,0,2.1028395061728395,3823631
30121,0,0,0,2.102962962962963,3823631
30122,0,0,0,2.1030864197530863,3823631
30123,6,6,2,2.102962962962963,3823637
30124,2,2,0,2.1030864197530863,3823639
30125,1,1,0,2.1032098765432097,3823640
30126,0,0,0,2.1033333333333335,3823640
30127,668,521,0,2.103456790123457,3824308
30128,0,0,0,2.1035802469135803,3824308
30129,91,89,0,2.1037037037037036,3824399
30130,406,358,0,2.103827160493827,3824805
30131,0,0,0,2.103950617283951,3824805
30132,44,44,0,2.104074074074074,3824849
30133,154,151,0,2.1041975308641976,3825003
30134,0,0,0,2.104320987654321,3825003
30135,0,0,0,2.1044444444444443,3825003
30136,1,1,0,2.1045679012345677,3825004
30137,5,5,3,2.104320987654321,3825009
30138,0,0,0,2.1044444444444443,3825009
30139,2,2,2,2.104320987654321,3825011
30140,0,0,0,2.1044444444444443,3825011
30141,0,0,0,2.1045679012345677,3825011
30142,0,0,0,2.1046913580246915,3825011
30143,0,0,0,2.104814814814815,3825011
30144,11,9,2,2.1046913580246915,3825022
30145,1,1,0,2.104814814814815,3825023
30146,0,0,0,2.1049382716049383,3825023
30147,0,0,0,2.1050617283950617,3825023
30148,0,0,0,2.105185185185185,3825023
30149,0,0,0,2.1053086419753084,3825023
30150,2,2,0,2.1054320987654322,3825025
30151,1,1,0,2.1055555555555556,3825026
30152,0,0,0,2.105679012345679,3825026
30153,266,266,0,2.1058024691358024,3825292
30154,688,677,7,2.1050617283950617,3825980
30155,0,0,0,2.105185185185185,3825980
30156,0,0,0,2.1053086419753084,3825980
30157,0,0,0,2.1054320987654322,3825980
30158,0,0,0,2.1055555555555556,3825980
30159,0,0,0,2.105679012345679,3825980
30160,0,0,0,2.1058024691358024,3825980
30161,0,0,0,2.1059259259259258,3825980
30162,0,0,0,2.1060493827160496,3825980
30163,0,0,0,2.106172839506173,3825980
30164,0,0,0,2.1062962962962963,3825980
30165,0,0,0,2.1064197530864197,3825980
30166,0,0,0,2.106543209876543,3825980
30167,0,0,0,2.1066666666666665,3825980
30168,0,0,0,2.1067901234567903,3825980
30169,0,0,0,2.1069135802469137,3825980
30170,223,179,0,2.107037037037037,3826203
30171,0,0,0,2.1071604938271604,3826203
30172,0,0,0,2.107283950617284,3826203
30173,0,0,0,2.1074074074074076,3826203
30174,0,0,0,2.107530864197531,3826203
30175,0,0,0,2.1076543209876544,3826203
30176,0,0,0,2.1077777777777778,3826203
30177,0,0,0,2.107901234567901,3826203
30178,0,0,0,2.1080246913580245,3826203
30179,0,0,0,2.1081481481481483,3826203
30180,0,0,0,2.1082716049382717,3826203
30181,1,1,0,2.108395061728395,3826204
30182,0,0,0,2.1085185185185185,3826204
30183,10,10,0,2.108641975308642,3826214
30184,0,0,0,2.108765432098765,3826214
30185,0,0,0,2.108888888888889,3826214
30186,13164,4136,27,2.105679012345679,3839378
30187,0,0,0,2.1058024691358024,3839378
30188,0,0,0,2.1059259259259258,3839378
30189,940,934,0,2.1060493827160496,3840318
30190,2,2,0,2.106172839506173,3840320
30191,2,2,0,2.1062962962962963,3840322
30192,30,30,0,2.1064197530864197,3840352
30193,308,265,3,2.106172839506173,3840660
30194,0,0,0,2.1062962962962963,3840660
30195,30,27,0,2.1064197530864197,3840690
30196,0,0,0,2.106543209876543,3840690
30197,60,52,0,2.1066666666666665,3840750
30198,0,0,0,2.1067901234567903,3840750
30199,33,33,0,2.1069135802469137,3840783
30200,0,0,0,2.107037037037037,3840783
30201,0,0,0,2.1071604938271604,3840783
30202,200,199,0,2.107283950617284,3840983
30203,0,0,0,2.1074074074074076,3840983
30204,23,23,0,2.107530864197531,3841006
30205,0,0,0,2.1076543209876544,3841006
30206,0,0,0,2.1077777777777778,3841006
30207,0,0,0,2.107901234567901,3841006
30208,375,375,0,2.1080246913580245,3841381
30209,1,1,0,2.1081481481481483,3841382
30210,0,0,0,2.1082716049382717,3841382
30211,117,117,0,2.108395061728395,3841499
30212,0,0,0,2.1085185185185185,3841499
30213,0,0,0,2.108641975308642,3841499
30214,215,196,0,2.108765432098765,3841714
30215,3,3,0,2.108888888888889,3841717
30216,0,0,0,2.1090123456790124,3841717
30217,0,0,0,2.109135802469136,3841717
30218,0,0,0,2.109259259259259,3841717
30219,53,38,0,2.1093827160493825,3841770
30220,43,37,0,2.1095061728395064,3841813
30221,0,0,0,2.1096296296296297,3841813
30222,0,0,0,2.109753086419753,3841813
30223,912,908,4,2.1093827160493825,3842725
30224,618,618,0,2.1095061728395064,3843343
30225,0,0,0,2.1096296296296297,3843343
30226,8,8,0,2.109753086419753,3843351
30227,315,199,0,2.1098765432098765,3843666
30228,3910,3845,4,2.1095061728395064,3847576
30229,0,0,0,2.1096296296296297,3847576
30230,0,0,0,2.109753086419753,3847576
30231,40,40,0,2.1098765432098765,3847616
30232,31,31,0,2.11,3847647
30233,0,0,0,2.1101234567901233,3847647
30234,6,6,0,2.110246913580247,3847653
30235,0,0,0,2.1103703703703705,3847653
30236,0,0,0,2.110493827160494,3847653
30237,36,36,0,2.110617283950617,3847689
30238,0,0,0,2.1107407407407406,3847689
30239,42,40,0,2.1108641975308644,3847731
30240,4294,2547,12,2.1095061728395064,3852025
30241,0,0,0,2.1096296296296297,3852025
30242,1,1,0,2.109753086419753,3852026
30243,0,0,0,2.1098765432098765,3852026
30244,2,2,0,2.11,3852028
30245,0,0,0,2.1101234567901233,3852028
30246,11,11,0,2.110246913580247,3852039
30247,26,24,3,2.11,3852065
30248,0,0,0,2.1101234567901233,3852065
30249,979,940,3,2.1098765432098765,3853044
30250,1,1,0,2.11,3853045
30251,0,0,0,2.1101234567901233,3853045
30252,76,76,1,2.1101234567901233,3853121
30253,893,873,0,2.110246913580247,3854014
30254,140,90,10,2.109135802469136,3854154
30255,0,0,0,2.109259259259259,3854154
30256,0,0,0,2.1093827160493825,3854154
30257,3,3,0,2.1095061728395064,3854157
30258,29,29,4,2.109135802469136,3854186
30259,859,859,3,2.108888888888889,3855045
30260,0,0,0,2.1090123456790124,3855045
30261,0,0,0,2.109135802469136,3855045
30262,0,0,0,2.109259259259259,3855045
30263,2,2,2,2.109135802469136,3855047
30264,0,0,0,2.109259259259259,3855047
30265,0,0,0,2.1093827160493825,3855047
30266,0,0,0,2.1095061728395064,3855047
30267,0,0,0,2.1096296296296297,3855047
30268,0,0,0,2.109753086419753,3855047
30269,0,0,0,2.1098765432098765,3855047
30270,2768,2018,21,2.1074074074074076,3857815
30271,8,8,1,2.1074074074074076,3857823
30272,1,1,0,2.107530864197531,3857824
30273,0,0,0,2.1076543209876544,3857824
30274,0,0,0,2.1077777777777778,3857824
30275,0,0,0,2.107901234567901,3857824
30276,0,0,0,2.1080246913580245,3857824
30277,0,0,0,2.1081481481481483,3857824
30278,0,0,0,2.1082716049382717,3857824
30279,5464,3585,11,2.107037037037037,3863288
30280,604,497,0,2.1071604938271604,3863892
30281,0,0,0,2.107283950617284,3863892
30282,15,15,0,2.1074074074074076,3863907
30283,0,0,0,2.107530864197531,3863907
30284,0,0,0,2.1076543209876544,3863907
30285,6,6,0,2.1077777777777778,3863913
30286,15,15,0,2.107901234567901,3863928
30287,0,0,0,2.1080246913580245,3863928
30288,0,0,0,2.1081481481481483,3863928
30289,0,0,0,2.1082716049382717,3863928
30290,0,0,0,2.108395061728395,3863928
30291,165,164,0,2.1085185185185185,3864093
30292,0,0,0,2.108641975308642,3864093
30293,5,5,0,2.108765432098765,3864098
30294,211,146,0,2.108888888888889,3864309
30295,0,0,0,2.1090123456790124,3864309
30296,500,467,6,2.108395061728395,3864809
30297,2362,2362,2,2.1082716049382717,3867171
30298,0,0,0,2.108395061728395,3867171
30299,0,0,0,2.1085185185185185,3867171
30300,696,681,5,2.1080246913580245,3867867
30301,0,0,0,2.1081481481481483,3867867
30302,0,0,0,2.1082716049382717,3867867
30303,0,0,0,2.108395061728395,3867867
30304,0,0,0,2.1085185185185185,3867867
30305,0,0,0,2.108641975308642,3867867
30306,0,0,0,2.108765432098765,3867867
30307,0,0,0,2.108888888888889,3867867
30308,0,0,0,2.1090123456790124,3867867
30309,1080,767,0,2.109135802469136,3868947
30310,237,160,0,2.109259259259259,3869184
30311,0,0,0,2.1093827160493825,3869184
30312,0,0,0,2.1095061728395064,3869184
30313,703,703,1,2.1095061728395064,3869887
30314,0,0,0,2.1096296296296297,3869887
30315,0,0,0,2.109753086419753,3869887
30316,10,10,0,2.1098765432098765,3869897
30317,0,0,0,2.11,3869897
30318,0,0,0,2.1101234567901233,3869897
30319,1,1,0,2.110246913580247,3869898
30320,60,59,0,2.1103703703703705,3869958
30321,0,0,0,2.110493827160494,3869958
30322,0,0,0,2.110617283950617,3869958
30323,136,136,0,2.1107407407407406,3870094
30324,0,0,0,2.1108641975308644,3870094
30325,1365,640,13,2.1093827160493825,3871459
30326,0,0,0,2.1095061728395064,3871459
30327,1890,1890,0,2.1096296296296297,3873349
30328,0,0,0,2.109753086419753,3873349
30329,0,0,0,2.1098765432098765,3873349
30330,0,0,0,2.11,3873349
30331,24,24,0,2.1101234567901233,3873373
30332,0,0,0,2.110246913580247,3873373
30333,0,0,0,2.1103703703703705,3873373
30334,0,0,0,2.110493827160494,3873373
30335,0,0,0,2.110617283950617,3873373
30336,0,0,0,2.1107407407407406,3873373
30337,1660,1195,0,2.1108641975308644,3875033
30338,0,0,0,2.110987654320988,3875033
30339,0,0,0,2.111111111111111,3875033
30340,0,0,0,2.1112345679012345,3875033
30341,0,0,0,2.111358024691358,3875033
30342,0,0,0,2.1114814814814813,3875033
30343,0,0,0,2.111604938271605,3875033
30344,3361,3361,7,2.1108641975308644,3878394
30345,0,0,0,2.110987654320988,3878394
30346,0,0,0,2.111111111111111,3878394
30347,0,0,0,2.1112345679012345,3878394
30348,1,1,0,2.111358024691358,3878395
30349,2,2,0,2.1114814814814813,3878397
30350,0,0,0,2.111604938271605,3878397
30351,92,85,0,2.1117283950617285,3878489
30352,0,0,0,2.111851851851852,3878489
30353,2,2,0,2.1119753086419752,3878491
30354,0,0,0,2.1120987654320986,3878491
30355,0,0,0,2.112222222222222,3878491
30356,0,0,0,2.112345679012346,3878491
30357,0,0,0,2.112469135802469,3878491
30358,146,112,0,2.1125925925925926,3878637
30359,1,1,0,2.112716049382716,3878638
30360,0,0,0,2.1128395061728393,3878638
30361,0,0,0,2.112962962962963,3878638
30362,0,0,0,2.1130864197530865,3878638
30363,441,440,2,2.112962962962963,3879079
30364,1,1,0,2.1130864197530865,3879080
30365,0,0,0,2.11320987654321,3879080
30366,0,0,0,2.1133333333333333,3879080
30367,0,0,0,2.1134567901234567,3879080
30368,115,99,0,2.11358024691358,3879195
30369,25,25,0,2.113703703703704,3879220
30370,3483,1808,9,2.112716049382716,3882703
30371,126,89,5,2.112222222222222,3882829
30372,118,118,0,2.112345679012346,3882947
30373,0,0,0,2.112469135802469,3882947
30374,0,0,0,2.1125925925925926,3882947
30375,1,1,0,2.112716049382716,3882948
30376,0,0,0,2.1128395061728393,3882948
30377,0,0,0,2.112962962962963,3882948
30378,0,0,0,2.1130864197530865,3882948
30379,0,0,0,2.11320987654321,3882948
30380,0,0,0,2.1133333333333333,3882948
30381,3,3,0,2.1134567901234567,3882951
30382,1,1,0,2.11358024691358,3882952
30383,140,140,0,2.113703703703704,3883092
30384,17,17,3,2.1134567901234567,3883109
30385,1550,870,14,2.111851851851852,3884659
30386,0,0,0,2.1119753086419752,3884659
30387,0,0,0,2.1120987654320986,3884659
30388,1,1,0,2.112222222222222,3884660
30389,0,0,0,2.112345679012346,3884660
30390,511,511,0,2.112469135802469,3885171
30391,14,14,3,2.112222222222222,3885185
30392,50,50,0,2.112345679012346,3885235
30393,22,18,5,2.111851851851852,3885257
30394,0,0,0,2.1119753086419752,3885257
30395,0,0,0,2.1120987654320986,3885257
30396,0,0,0,2.112222222222222,3885257
30397,0,0,0,2.112345679012346,3885257
30398,0,0,0,2.112469135802469,3885257
30399,189,188,2,2.112345679012346,3885446
30400,0,0,0,2.112469135802469,3885446
30401,0,0,0,2.1125925925925926,3885446
30402,39,34,0,2.112716049382716,3885485
30403,14,14,3,2.112469135802469,3885499
30404,0,0,0,2.1125925925925926,3885499
30405,2203,1001,23,2.1098765432098765,3887702
30406,0,0,0,2.11,3887702
30407,0,0,0,2.1101234567901233,3887702
30408,305,298,0,2.110246913580247,3888007
30409,0,0,0,2.1103703703703705,3888007
30410,0,0,0,2.110493827160494,3888007
30411,0,0,0,2.110617283950617,3888007
30412,1,1,0,2.1107407407407406,3888008
30413,2,2,0,2.1108641975308644,3888010
30414,0,0,0,2.110987654320988,3888010
30415,70,63,6,2.1103703703703705,3888080
30416,0,0,0,2.110493827160494,3888080
30417,83,83,2,2.1103703703703705,3888163
30418,0,0,0,2.110493827160494,3888163
30419,57,57,0,2.110617283950617,3888220
30420,2,2,0,2.1107407407407406,3888222
30421,2763,2742,13,2.109259259259259,3890985
30422,0,0,0,2.1093827160493825,3890985
30423,1,1,0,2.1095061728395064,3890986
30424,664,660,0,2.1096296296296297,3891650
30425,0,0,0,2.109753086419753,3891650
30426,2836,1264,0,2.1098765432098765,3894486
30427,0,0,0,2.11,3894486
30428,5,5,2,2.1098765432098765,3894491
30429,0,0,0,2.11,3894491
30430,0,0,0,2.1101234567901233,3894491
30431,242,242,0,2.110246913580247,3894733
30432,0,0,0,2.1103703703703705,3894733
30433,1,1,0,2.110493827160494,3894734
30434,3087,3085,15,2.108765432098765,3897821
30435,47,42,4,2.108395061728395,3897868
30436,0,0,0,2.1085185185185185,3897868
30437,9,9,1,2.1085185185185185,3897877
30438,0,0,0,2.108641975308642,3897877
30439,0,0,0,2.108765432098765,3897877
30440,32,32,0,2.108888888888889,3897909
30441,11,11,0,2.1090123456790124,3897920
30442,0,0,0,2.109135802469136,3897920
30443,442,442,0,2.109259259259259,3898362
30444,1,1,0,2.1093827160493825,3898363
30445,1,1,0,2.1095061728395064,3898364
30446,0,0,0,2.1096296296296297,3898364
30447,0,0,0,2.109753086419753,3898364
30448,3,3,2,2.1096296296296297,3898367
30449,0,0,0,2.109753086419753,3898367
30450,460,460,0,2.1098765432098765,3898827
30451,7,7,0,2.11,3898834
30452,1960,1327,13,2.1085185185185185,3900794
30453,0,0,0,2.108641975308642,3900794
30454,0,0,0,2.108765432098765,3900794
30455,26,26,0,2.108888888888889,3900820
30456,0,0,0,2.1090123456790124,3900820
30457,0,0,0,2.109135802469136,3900820
30458,0,0,0,2.109259259259259,3900820
30459,38,38,0,2.1093827160493825,3900858
30460,0,0,0,2.1095061728395064,3900858
30461,37,37,0,2.1096296296296297,3900895
30462,164,164,3,2.1093827160493825,3901059
30463,0,0,0,2.1095061728395064,3901059
30464,84,84,0,2.1096296296296297,3901143
30465,0,0,0,2.109753086419753,3901143
30466,0,0,0,2.1098765432098765,3901143
30467,0,0,0,2.11,3901143
30468,0,0,0,2.1101234567901233,3901143
30469,0,0,0,2.110246913580247,3901143
30470,0,0,0,2.1103703703703705,3901143
30471,2,2,0,2.110493827160494,3901145
30472,53,53,1,2.110493827160494,3901198
30473,0,0,0,2.110617283950617,3901198
30474,0,0,0,2.1107407407407406,3901198
30475,458,423,4,2.1103703703703705,3901656
30476,0,0,0,2.110493827160494,3901656
30477,9544,3741,32,2.1066666666666665,3911200
30478,0,0,0,2.1067901234567903,3911200
30479,0,0,0,2.1069135802469137,3911200
30480,0,0,0,2.107037037037037,3911200
30481,0,0,0,2.1071604938271604,3911200
30482,0,0,0,2.107283950617284,3911200
30483,0,0,0,2.1074074074074076,3911200
30484,41,35,4,2.107037037037037,3911241
30485,0,0,0,2.1071604938271604,3911241
30486,10700,4552,15,2.1054320987654322,3921941
30487,3,3,0,2.1055555555555556,3921944
30488,0,0,0,2.105679012345679,3921944
30489,9,9,0,2.1058024691358024,3921953
30490,0,0,0,2.1059259259259258,3921953
30491,4,4,2,2.1058024691358024,3921957
30492,0,0,0,2.1059259259259258,3921957
30493,187,187,0,2.1060493827160496,3922144
30494,0,0,0,2.106172839506173,3922144
30495,0,0,0,2.1062962962962963,3922144
30496,435,435,0,2.1064197530864197,3922579
30497,0,0,0,2.106543209876543,3922579
30498,0,0,0,2.1066666666666665,3922579
30499,11,11,0,2.1067901234567903,3922590
30500,0,0,0,2.1069135802469137,3922590
30501,0,0,0,2.107037037037037,3922590
30502,0,0,0,2.1071604938271604,3922590
30503,0,0,0,2.107283950617284,3922590
30504,0,0,0,2.1074074074074076,3922590
30505,1,1,0,2.107530864197531,3922591
30506,0,0,0,2.1076543209876544,3922591
30507,1,1,0,2.1077777777777778,3922592
30508,0,0,0,2.107901234567901,3922592
30509,31,31,0,2.1080246913580245,3922623
30510,37,37,0,2.1081481481481483,3922660
30511,3,3,0,2.1082716049382717,3922663
30512,0,0,0,2.108395061728395,3922663
30513,12,12,3,2.1081481481481483,3922675
30514,3552,2435,15,2.1064197530864197,3926227
30515,3,3,0,2.106543209876543,3926230
30516,98,98,0,2.1066666666666665,3926328
30517,4,4,0,2.1067901234567903,3926332
30518,0,0,0,2.1069135802469137,3926332
30519,2,2,0,2.107037037037037,3926334
30520,44,44,0,2.1071604938271604,3926378
30521,30,30,0,2.107283950617284,3926408
30522,0,0,0,2.1074074074074076,3926408
30523,6,6,0,2.107530864197531,3926414
30524,0,0,0,2.1076543209876544,3926414
30525,16,16,0,2.1077777777777778,3926430
30526,0,0,0,2.107901234567901,3926430
30527,3240,2010,4,2.107530864197531,3929670
30528,171,123,3,2.107283950617284,3929841
30529,0,0,0,2.1074074074074076,3929841
30530,0,0,0,2.107530864197531,3929841
30531,1,1,0,2.1076543209876544,3929842
30532,837,585,0,2.1077777777777778,3930679
30533,0,0,0,2.107901234567901,3930679
30534,0,0,0,2.1080246913580245,3930679
30535,10,10,0,2.1081481481481483,3930689
30536,17,17,0,2.1082716049382717,3930706
30537,28,28,0,2.108395061728395,3930734
30538,0,0,0,2.1085185185185185,3930734
30539,26,26,0,2.108641975308642,3930760
30540,1738,1163,0,2.108765432098765,3932498
30541,34,34,0,2.108888888888889,3932532
30542,21,21,0,2.1090123456790124,3932553
30543,33,33,0,2.109135802469136,3932586
30544,0,0,0,2.109259259259259,3932586
30545,0,0,0,2.1093827160493825,3932586
30546,4,4,0,2.1095061728395064,3932590
30547,0,0,0,2.1096296296296297,3932590
30548,42,42,3,2.1093827160493825,3932632
30549,0,0,0,2.1095061728395064,3932632
30550,364,243,5,2.1090123456790124,3932996
30551,2,2,0,2.109135802469136,3932998
30552,0,0,0,2.109259259259259,3932998
30553,2,2,1,2.109259259259259,3933000
30554,0,0,0,2.1093827160493825,3933000
30555,0,0,0,2.1095061728395064,3933000
30556,1,1,0,2.1096296296296297,3933001
30557,0,0,0,2.109753086419753,3933001
30558,0,0,0,2.1098765432098765,3933001
30559,317,317,3,2.1096296296296297,3933318
30560,0,0,0,2.109753086419753,3933318
30561,0,0,0,2.1098765432098765,3933318
30562,0,0,0,2.11,3933318
30563,0,0,0,2.1101234567901233,3933318
30564,2,2,0,2.110246913580247,3933320
30565,0,0,0,2.1103703703703705,3933320
30566,0,0,0,2.110493827160494,3933320
30567,15,15,0,2.110617283950617,3933335
30568,24170,6203,57,2.1037037037037036,3957505
30569,0,0,0,2.103827160493827,3957505
30570,2,2,0,2.103950617283951,3957507
30571,9,9,0,2.104074074074074,3957516
30572,1,1,0,2.1041975308641976,3957517
30573,1,1,0,2.104320987654321,3957518
30574,16,16,1,2.104320987654321,3957534
30575,2,2,0,2.1044444444444443,3957536
30576,0,0,0,2.1045679012345677,3957536
30577,0,0,0,2.1046913580246915,3957536
30578,5778,2096,0,2.104814814814815,3963314
30579,1,1,0,2.1049382716049383,3963315
30580,0,0,0,2.1050617283950617,3963315
30581,0,0,0,2.105185185185185,3963315
30582,0,0,0,2.1053086419753084,3963315
30583,291,291,6,2.1046913580246915,3963606
30584,0,0,0,2.104814814814815,3963606
30585,7,7,0,2.1049382716049383,3963613
30586,0,0,0,2.1050617283950617,3963613
30587,0,0,0,2.105185185185185,3963613
30588,0,0,0,2.1053086419753084,3963613
30589,0,0,0,2.1054320987654322,3963613
30590,0,0,0,2.1055555555555556,3963613
30591,3,3,0,2.105679012345679,3963616
30592,94,94,0,2.1058024691358024,3963710
30593,0,0,0,2.1059259259259258,3963710
30594,1942,1281,5,2.1054320987654322,3965652
30595,0,0,0,2.1055555555555556,3965652
30596,123,107,2,2.1054320987654322,3965775
30597,3,3,0,2.1055555555555556,3965778
30598,41,41,0,2.105679012345679,3965819
30599,5,5,0,2.1058024691358024,3965824
30600,0,0,0,2.1059259259259258,3965824
30601,0,0,0,2.1060493827160496,3965824
30602,0,0,0,2.106172839506173,3965824
30603,0,0,0,2.1062962962962963,3965824
30604,279,279,1,2.1062962962962963,3966103
30605,0,0,0,2.1064197530864197,3966103
30606,1399,1399,2,2.1062962962962963,3967502
30607,52,52,0,2.1064197530864197,3967554
30608,1,1,0,2.106543209876543,3967555
30609,0,0,0,2.1066666666666665,3967555
30610,0,0,0,2.1067901234567903,3967555
30611,4,4,0,2.1069135802469137,3967559
30612,0,0,0,2.107037037037037,3967559
30613,0,0,0,2.1071604938271604,3967559
30614,16,16,0,2.107283950617284,3967575
30615,0,0,0,2.1074074074074076,3967575
30616,537,348,2,2.107283950617284,3968112
30617,38,37,0,2.1074074074074076,3968150
30618,0,0,0,2.107530864197531,3968150
30619,3,3,0,2.1076543209876544,3968153
30620,5,5,0,2.1077777777777778,3968158
30621,101,84,10,2.1066666666666665,3968259
30622,6,6,0,2.1067901234567903,3968265
30623,14,14,0,2.1069135802469137,3968279
30624,1076,721,3,2.1066666666666665,3969355
30625,0,0,0,2.1067901234567903,3969355
30626,0,0,0,2.1069135802469137,3969355
30627,1,1,0,2.107037037037037,3969356
30628,0,0,0,2.1071604938271604,3969356
30629,6,6,0,2.107283950617284,3969362
30630,0,0,0,2.1074074074074076,3969362
30631,165,163,0,2.107530864197531,3969527
30632,1,1,1,2.107530864197531,3969528
30633,0,0,0,2.1076543209876544,3969528
30634,9271,2512,17,2.105679012345679,3978799
30635,27,27,0,2.1058024691358024,3978826
30636,0,0,0,2.1059259259259258,3978826
30637,1,1,0,2.1060493827160496,3978827
30638,0,0,0,2.106172839506173,3978827
30639,0,0,0,2.1062962962962963,3978827
30640,37,37,0,2.1064197530864197,3978864
30641,0,0,0,2.106543209876543,3978864
30642,0,0,0,2.1066666666666665,3978864
30643,0,0,0,2.1067901234567903,3978864
30644,38,38,0,2.1069135802469137,3978902
30645,370,324,0,2.107037037037037,3979272
30646,185,185,0,2.1071604938271604,3979457
30647,0,0,0,2.107283950617284,3979457
30648,0,0,0,2.1074074074074076,3979457
30649,27,26,8,2.106543209876543,3979484
30650,0,0,0,2.1066666666666665,3979484
30651,5,5,2,2.106543209876543,3979489
30652,1,1,0,2.1066666666666665,3979490
30653,5082,1692,5,2.106172839506173,3984572
30654,561,520,3,2.1059259259259258,3985133
30655,0,0,0,2.1060493827160496,3985133
30656,972,781,0,2.106172839506173,3986105
30657,0,0,0,2.1062962962962963,3986105
30658,1,1,0,2.1064197530864197,3986106
30659,0,0,0,2.106543209876543,3986106
30660,1,1,0,2.1066666666666665,3986107
30661,0,0,0,2.1067901234567903,3986107
30662,103,85,7,2.1060493827160496,3986210
30663,0,0,0,2.106172839506173,3986210
30664,0,0,0,2.1062962962962963,3986210
30665,0,0,0,2.1064197530864197,3986210
30666,2161,1947,10,2.1053086419753084,3988371
30667,0,0,0,2.1054320987654322,3988371
30668,0,0,0,2.1055555555555556,3988371
30669,0,0,0,2.105679012345679,3988371
30670,0,0,0,2.1058024691358024,3988371
30671,3,3,1,2.1058024691358024,3988374
30672,8,8,0,2.1059259259259258,3988382
30673,1735,1613,6,2.1053086419753084,3990117
30674,0,0,0,2.1054320987654322,3990117
30675,9,9,0,2.1055555555555556,3990126
30676,9,9,0,2.105679012345679,3990135
30677,42,36,0,2.1058024691358024,3990177
30678,3,3,1,2.1058024691358024,3990180
30679,0,0,0,2.1059259259259258,3990180
30680,0,0,0,2.1060493827160496,3990180
30681,0,0,0,2.106172839506173,3990180
30682,0,0,0,2.1062962962962963,3990180
30683,0,0,0,2.1064197530864197,3990180
30684,5,5,0,2.106543209876543,3990185
30685,23,20,0,2.1066666666666665,3990208
30686,53,53,0,2.1067901234567903,3990261
30687,1066,992,4,2.1064197530864197,3991327
30688,3,3,0,2.106543209876543,3991330
30689,0,0,0,2.1066666666666665,3991330
30690,0,0,0,2.1067901234567903,3991330
30691,0,0,0,2.1069135802469137,3991330
30692,9,9,0,2.107037037037037,3991339
30693,0,0,0,2.1071604938271604,3991339
30694,0,0,0,2.107283950617284,3991339
30695,0,0,0,2.1074074074074076,3991339
30696,0,0,0,2.107530864197531,3991339
30697,266,266,0,2.1076543209876544,3991605
30698,179,179,5,2.1071604938271604,3991784
30699,88,88,0,2.107283950617284,3991872
30700,2,2,0,2.1074074074074076,3991874
30701,2,2,0,2.107530864197531,3991876
30702,77,70,0,2.1076543209876544,3991953
30703,0,0,0,2.1077777777777778,3991953
30704,0,0,0,2.107901234567901,3991953
30705,0,0,0,2.1080246913580245,3991953
30706,0,0,0,2.1081481481481483,3991953
30707,1439,1433,3,2.107901234567901,3993392
30708,0,0,0,2.1080246913580245,3993392
30709,0,0,0,2.1081481481481483,3993392
30710,0,0,0,2.1082716049382717,3993392
30711,0,0,0,2.108395061728395,3993392
30712,0,0,0,2.1085185185185185,3993392
30713,1,1,0,2.108641975308642,3993393
30714,50,49,0,2.108765432098765,3993443
30715,261,238,0,2.108888888888889,3993704
30716,0,0,0,2.1090123456790124,3993704
30717,0,0,0,2.109135802469136,3993704
30718,1,1,1,2.109135802469136,3993705
30719,0,0,0,2.109259259259259,3993705
30720,0,0,0,2.1093827160493825,3993705
30721,0,0,0,2.1095061728395064,3993705
30722,0,0,0,2.1096296296296297,3993705
30723,0,0,0,2.109753086419753,3993705
30724,781,745,4,2.1093827160493825,3994486
30725,0,0,0,2.1095061728395064,3994486
30726,586,483,0,2.1096296296296297,3995072
30727,0,0,0,2.109753086419753,3995072
30728,1,1,0,2.1098765432098765,3995073
30729,0,0,0,2.11,3995073
30730,361,217,7,2.109259259259259,3995434
30731,11,11,0,2.1093827160493825,3995445
30732,0,0,0,2.1095061728395064,3995445
30733,0,0,0,2.1096296296296297,3995445
30734,303,303,0,2.109753086419753,3995748
30735,2032,1953,6,2.109135802469136,3997780
30736,0,0,0,2.109259259259259,3997780
30737,108,107,0,2.1093827160493825,3997888
30738,0,0,0,2.1095061728395064,3997888
30739,0,0,0,2.1096296296296297,3997888
30740,1,1,0,2.109753086419753,3997889
30741,0,0,0,2.1098765432098765,3997889
30742,79,65,0,2.11,3997968
30743,1,1,0,2.1101234567901233,3997969
30744,0,0,0,2.110246913580247,3997969
30745,210,210,0,2.1103703703703705,3998179
30746,26,26,0,2.110493827160494,3998205
30747,1,1,0,2.110617283950617,3998206
30748,119,103,7,2.1098765432098765,3998325
30749,5,5,1,2.1098765432098765,3998330
30750,0,0,0,2.11,3998330
30751,0,0,0,2.1101234567901233,3998330
30752,0,0,0,2.110246913580247,3998330
30753,818,745,1,2.110246913580247,3999148
30754,91,67,5,2.109753086419753,3999239
30755,293,220,0,2.1098765432098765,3999532
30756,0,0,0,2.11,3999532
30757,1,1,0,2.1101234567901233,3999533
30758,1498,1498,0,2.110246913580247,4001031
30759,0,0,0,2.1103703703703705,4001031
30760,0,0,0,2.110493827160494,4001031
30761,5822,3033,29,2.107037037037037,4006853
30762,1,1,1,2.107037037037037,4006854
30763,0,0,0,2.1071604938271604,4006854
30764,0,0,0,2.107283950617284,4006854
30765,0,0,0,2.1074074074074076,4006854
30766,2560,2164,16,2.1055555555555556,4009414
30767,1,1,0,2.105679012345679,4009415
30768,0,0,0,2.1058024691358024,4009415
30769,0,0,0,2.1059259259259258,4009415
30770,0,0,0,2.1060493827160496,4009415
30771,0,0,0,2.106172839506173,4009415
30772,0,0,0,2.1062962962962963,4009415
30773,0,0,0,2.1064197530864197,4009415
30774,0,0,0,2.106543209876543,4009415
30775,673,673,0,2.1066666666666665,4010088
30776,192,192,1,2.1066666666666665,4010280
30777,0,0,0,2.1067901234567903,4010280
30778,0,0,0,2.1069135802469137,4010280
30779,844,844,4,2.106543209876543,4011124
30780,0,0,0,2.1066666666666665,4011124
30781,0,0,0,2.1067901234567903,4011124
30782,0,0,0,2.1069135802469137,4011124
30783,0,0,0,2.107037037037037,4011124
30784,0,0,0,2.1071604938271604,4011124
30785,24,24,0,2.107283950617284,4011148
30786,132,116,0,2.1074074074074076,4011280
30787,0,0,0,2.107530864197531,4011280
30788,0,0,0,2.1076543209876544,4011280
30789,1790,1771,14,2.1060493827160496,4013070
30790,0,0,0,2.106172839506173,4013070
30791,0,0,0,2.1062962962962963,4013070
30792,1200,947,0,2.1064197530864197,4014270
30793,0,0,0,2.106543209876543,4014270
30794,18,18,0,2.1066666666666665,4014288
30795,0,0,0,2.1067901234567903,4014288
30796,0,0,0,2.1069135802469137,4014288
30797,0,0,0,2.107037037037037,4014288
30798,0,0,0,2.1071604938271604,4014288
30799,10,10,0,2.107283950617284,4014298
30800,0,0,0,2.1074074074074076,4014298
30801,0,0,0,2.107530864197531,4014298
30802,0,0,0,2.1076543209876544,4014298
30803,2044,2009,0,2.1077777777777778,4016342
30804,0,0,0,2.107901234567901,4016342
30805,3189,1665,11,2.1066666666666665,4019531
30806,121,120,0,2.1067901234567903,4019652
30807,5,5,0,2.1069135802469137,4019657
30808,4,4,0,2.107037037037037,4019661
30809,3,3,0,2.1071604938271604,4019664
30810,193,193,0,2.107283950617284,4019857
30811,0,0,0,2.1074074074074076,4019857
30812,15,15,4,2.107037037037037,4019872
30813,6,6,1,2.107037037037037,4019878
30814,0,0,0,2.1071604938271604,4019878
30815,2,2,0,2.107283950617284,4019880
30816,0,0,0,2.1074074074074076,4019880
30817,0,0,0,2.107530864197531,4019880
30818,5,5,0,2.1076543209876544,4019885
30819,8,8,0,2.1077777777777778,4019893
30820,0,0,0,2.107901234567901,4019893
30821,107,102,0,2.1080246913580245,4020000
30822,578,279,7,2.107283950617284,4020578
30823,130,96,10,2.106172839506173,4020708
30824,303,278,0,2.1062962962962963,4021011
30825,0,0,0,2.1064197530864197,4021011
30826,830,569,4,2.1060493827160496,4021841
30827,0,0,0,2.106172839506173,4021841
30828,0,0,0,2.1062962962962963,4021841
30829,0,0,0,2.1064197530864197,4021841
30830,19,19,0,2.106543209876543,4021860
30831,35,35,0,2.1066666666666665,4021895
30832,287,287,0,2.1067901234567903,4022182
30833,0,0,0,2.1069135802469137,4022182
30834,1,1,1,2.1069135802469137,4022183
30835,1,1,1,2.1069135802469137,4022184
30836,0,0,0,2.107037037037037,4022184
30837,81,81,0,2.1071604938271604,4022265
30838,0,0,0,2.107283950617284,4022265
30839,0,0,0,2.1074074074074076,4022265
30840,2458,1570,4,2.107037037037037,4024723
30841,0,0,0,2.1071604938271604,4024723
30842,0,0,0,2.107283950617284,4024723
30843,0,0,0,2.1074074074074076,4024723
30844,2,2,0,2.107530864197531,4024725
30845,252,252,0,2.1076543209876544,4024977
30846,0,0,0,2.1077777777777778,4024977
30847,0,0,0,2.107901234567901,4024977
30848,0,0,0,2.1080246913580245,4024977
30849,0,0,0,2.1081481481481483,4024977
30850,0,0,0,2.1082716049382717,4024977
30851,25,23,0,2.108395061728395,4025002
30852,0,0,0,2.1085185185185185,4025002
30853,1313,1313,4,2.1081481481481483,4026315
30854,0,0,0,2.1082716049382717,4026315
30855,37,37,0,2.108395061728395,4026352
30856,3,3,0,2.1085185185185185,4026355
30857,0,0,0,2.108641975308642,4026355
30858,10,10,0,2.108765432098765,4026365
30859,0,0,0,2.108888888888889,4026365
30860,9831,4249,12,2.107530864197531,4036196
30861,0,0,0,2.1076543209876544,4036196
30862,0,0,0,2.1077777777777778,4036196
30863,12,12,0,2.107901234567901,4036208
30864,0,0,0,2.1080246913580245,4036208
30865,0,0,0,2.1081481481481483,4036208
30866,0,0,0,2.1082716049382717,4036208
30867,0,0,0,2.108395061728395,4036208
30868,790,790,5,2.107901234567901,4036998
30869,23,23,0,2.1080246913580245,4037021
30870,1615,1615,4,2.1076543209876544,4038636
30871,2,2,0,2.1077777777777778,4038638
30872,190,190,0,2.107901234567901,4038828
30873,0,0,0,2.1080246913580245,4038828
30874,2,2,0,2.1081481481481483,4038830
30875,4,4,0,2.1082716049382717,4038834
30876,3,3,0,2.108395061728395,4038837
30877,1684,1684,0,2.1085185185185185,4040521
30878,400,400,0,2.108641975308642,4040921
30879,28,28,2,2.1085185185185185,4040949
30880,1,1,0,2.108641975308642,4040950
30881,261,223,0,2.108765432098765,4041211
30882,0,0,0,2.108888888888889,4041211
30883,1673,1009,6,2.1082716049382717,4042884
30884,0,0,0,2.108395061728395,4042884
30885,0,0,0,2.1085185185185185,4042884
30886,0,0,0,2.108641975308642,4042884
30887,1,1,0,2.108765432098765,4042885
30888,165,113,6,2.1081481481481483,4043050
30889,0,0,0,2.1082716049382717,4043050
30890,0,0,0,2.108395061728395,4043050
30891,0,0,0,2.1085185185185185,4043050
30892,0,0,0,2.108641975308642,4043050
30893,0,0,0,2.108765432098765,4043050
30894,79,70,4,2.108395061728395,4043129
30895,2976,1731,2,2.1082716049382717,4046105
30896,3,3,0,2.108395061728395,4046108
30897,0,0,0,2.1085185185185185,4046108
30898,0,0,0,2.108641975308642,4046108
30899,0,0,0,2.108765432098765,4046108
30900,1,1,0,2.108888888888889,4046109
30901,0,0,0,2.1090123456790124,4046109
30902,840,435,8,2.1081481481481483,4046949
30903,0,0,0,2.1082716049382717,4046949
30904,0,0,0,2.108395061728395,4046949
30905,0,0,0,2.1085185185185185,4046949
30906,15,13,0,2.108641975308642,4046964
30907,17,17,6,2.1080246913580245,4046981
30908,4,4,0,2.1081481481481483,4046985
30909,0,0,0,2.1082716049382717,4046985
30910,0,0,0,2.108395061728395,4046985
30911,1,1,0,2.1085185185185185,4046986
30912,0,0,0,2.108641975308642,4046986
30913,0,0,0,2.108765432098765,4046986
30914,0,0,0,2.108888888888889,4046986
30915,1,1,0,2.1090123456790124,4046987
30916,0,0,0,2.109135802469136,4046987
30917,0,0,0,2.109259259259259,4046987
30918,0,0,0,2.1093827160493825,4046987
30919,0,0,0,2.1095061728395064,4046987
30920,1,1,0,2.1096296296296297,4046988
30921,0,0,0,2.109753086419753,4046988
30922,0,0,0,2.1098765432098765,4046988
30923,0,0,0,2.11,4046988
30924,200,200,0,2.1101234567901233,4047188
30925,0,0,0,2.110246913580247,4047188
30926,0,0,0,2.1103703703703705,4047188
30927,294,294,5,2.1098765432098765,4047482
30928,0,0,0,2.11,4047482
30929,0,0,0,2.1101234567901233,4047482
30930,0,0,0,2.110246913580247,4047482
30931,0,0,0,2.1103703703703705,4047482
30932,0,0,0,2.110493827160494,4047482
30933,5,5,0,2.110617283950617,4047487
30934,5,5,0,2.1107407407407406,4047492
30935,0,0,0,2.1108641975308644,4047492
30936,0,0,0,2.110987654320988,4047492
30937,220,220,0,2.111111111111111,4047712
30938,0,0,0,2.1112345679012345,4047712
30939,0,0,0,2.111358024691358,4047712
30940,5,5,0,2.1114814814814813,4047717
30941,264,259,0,2.111604938271605,4047981
30942,0,0,0,2.1117283950617285,4047981
30943,0,0,0,2.111851851851852,4047981
30944,0,0,0,2.1119753086419752,4047981
30945,0,0,0,2.1120987654320986,4047981
30946,379,313,0,2.112222222222222,4048360
30947,27,27,0,2.112345679012346,4048387
30948,0,0,0,2.112469135802469,4048387
30949,0,0,0,2.1125925925925926,4048387
30950,274,274,2,2.112469135802469,4048661
30951,0,0,0,2.1125925925925926,4048661
30952,0,0,0,2.112716049382716,4048661
30953,14,14,0,2.1128395061728393,4048675
30954,0,0,0,2.112962962962963,4048675
30955,0,0,0,2.1130864197530865,4048675
30956,3,3,0,2.11320987654321,4048678
30957,0,0,0,2.1133333333333333,4048678
30958,0,0,0,2.1134567901234567,4048678
30959,7,7,0,2.11358024691358,4048685
30960,322,322,0,2.113703703703704,4049007
30961,0,0,0,2.1138271604938272,4049007
30962,7,7,0,2.1139506172839506,4049014
30963,0,0,0,2.114074074074074,4049014
30964,116,116,0,2.1141975308641974,4049130
30965,0,0,0,2.114320987654321,4049130
30966,0,0,0,2.1144444444444446,4049130
30967,0,0,0,2.114567901234568,4049130
30968,0,0,0,2.1146913580246913,4049130
30969,0,0,0,2.1148148148148147,4049130
30970,0,0,0,2.114938271604938,4049130
30971,17,17,0,2.115061728395062,4049147
30972,4,4,0,2.1151851851851853,4049151
30973,2,2,0,2.1153086419753087,4049153
30974,0,0,0,2.115432098765432,4049153
30975,189,189,1,2.115432098765432,4049342
30976,0,0,0,2.1155555555555554,4049342
30977,6554,3368,33,2.111604938271605,4055896
30978,0,0,0,2.1117283950617285,4055896
30979,0,0,0,2.111851851851852,4055896
30980,0,0,0,2.1119753086419752,4055896
30981,33,32,0,2.1120987654320986,4055929
30982,0,0,0,2.112222222222222,4055929
30983,0,0,0,2.112345679012346,4055929
30984,2229,1599,2,2.112222222222222,4058158
30985,96,96,5,2.1117283950617285,4058254
30986,0,0,0,2.111851851851852,4058254
30987,947,877,21,2.1093827160493825,4059201
30988,8,8,0,2.1095061728395064,4059209
30989,0,0,0,2.1096296296296297,4059209
30990,0,0,0,2.109753086419753,4059209
30991,0,0,0,2.1098765432098765,4059209
30992,0,0,0,2.11,4059209
30993,2,2,1,2.11,4059211
30994,0,0,0,2.1101234567901233,4059211
30995,0,0,0,2.110246913580247,4059211
30996,0,0,0,2.1103703703703705,4059211
30997,1,1,0,2.110493827160494,4059212
30998,0,0,0,2.110617283950617,4059212
30999,0,0,0,2.1107407407407406,4059212
31000,0,0,0,2.1108641975308644,4059212
31001,5935,2668,29,2.1074074074074076,4065147
31002,0,0,0,2.107530864197531,4065147
31003,0,0,0,2.1076543209876544,4065147
31004,2586,2586,0,2.1077777777777778,4067733
31005,0,0,0,2.107901234567901,4067733
31006,2,2,0,2.1080246913580245,4067735
31007,0,0,0,2.1081481481481483,4067735
31008,11,11,0,2.1082716049382717,4067746
31009,14,14,0,2.108395061728395,4067760
31010,0,0,0,2.1085185185185185,4067760
31011,24,24,2,2.108395061728395,4067784
31012,760,550,0,2.1085185185185185,4068544
31013,0,0,0,2.108641975308642,4068544
31014,0,0,0,2.108765432098765,4068544
31015,597,305,0,2.108888888888889,4069141
31016,27,27,4,2.1085185185185185,4069168
31017,65,65,0,2.108641975308642,4069233
31018,47,35,0,2.108765432098765,4069280
31019,181,181,2,2.108641975308642,4069461
31020,1,1,0,2.108765432098765,4069462
31021,306,306,0,2.108888888888889,4069768
31022,0,0,0,2.1090123456790124,4069768
31023,0,0,0,2.109135802469136,4069768
31024,0,0,0,2.109259259259259,4069768
31025,10,10,0,2.1093827160493825,4069778
31026,0,0,0,2.1095061728395064,4069778
31027,0,0,0,2.1096296296296297,4069778
31028,52,52,0,2.109753086419753,4069830
31029,4,4,0,2.1098765432098765,4069834
31030,0,0,0,2.11,4069834
31031,5,5,0,2.1101234567901233,4069839
31032,0,0,0,2.110246913580247,4069839
31033,0,0,0,2.1103703703703705,4069839
31034,0,0,0,2.110493827160494,4069839
31035,0,0,0,2.110617283950617,4069839
31036,0,0,0,2.1107407407407406,4069839
31037,0,0,0,2.1108641975308644,4069839
31038,0,0,0,2.110987654320988,4069839
31039,0,0,0,2.111111111111111,4069839
31040,0,0,0,2.1112345679012345,4069839
31041,0,0,0,2.111358024691358,4069839
31042,0,0,0,2.1114814814814813,4069839
31043,1,1,0,2.111604938271605,4069840
31044,0,0,0,2.1117283950617285,4069840
31045,22,22,0,2.111851851851852,4069862
31046,98,98,0,2.1119753086419752,4069960
31047,1184,1148,10,2.1108641975308644,4071144
31048,0,0,0,2.110987654320988,4071144
31049,0,0,0,2.111111111111111,4071144
31050,0,0,0,2.1112345679012345,4071144
31051,322,319,6,2.110617283950617,4071466
31052,0,0,0,2.1107407407407406,4071466
31053,0,0,0,2.1108641975308644,4071466
31054,0,0,0,2.110987654320988,4071466
31055,45,43,0,2.111111111111111,4071511
31056,0,0,0,2.1112345679012345,4071511
31057,0,0,0,2.111358024691358,4071511
31058,0,0,0,2.1114814814814813,4071511
31059,0,0,0,2.111604938271605,4071511
31060,0,0,0,2.1117283950617285,4071511
31061,0,0,0,2.111851851851852,4071511
31062,0,0,0,2.1119753086419752,4071511
31063,1,1,0,2.1120987654320986,4071512
31064,0,0,0,2.112222222222222,4071512
31065,0,0,0,2.112345679012346,4071512
31066,0,0,0,2.112469135802469,4071512
31067,3,3,0,2.1125925925925926,4071515
31068,162,160,0,2.112716049382716,4071677
31069,198,198,0,2.1128395061728393,4071875
31070,1360,939,0,2.112962962962963,4073235
31071,3,3,3,2.112716049382716,4073238
31072,2,2,0,2.1128395061728393,4073240
31073,3010,1189,11,2.111604938271605,4076250
31074,504,306,0,2.1117283950617285,4076754
31075,0,0,0,2.111851851851852,4076754
31076,0,0,0,2.1119753086419752,4076754
31077,0,0,0,2.1120987654320986,4076754
31078,4363,2742,9,2.111111111111111,4081117
31079,0,0,0,2.1112345679012345,4081117
31080,0,0,0,2.111358024691358,4081117
31081,0,0,0,2.1114814814814813,4081117
31082,53,40,0,2.111604938271605,4081170
31083,562,469,0,2.1117283950617285,4081732
31084,0,0,0,2.111851851851852,4081732
31085,5,5,3,2.111604938271605,4081737
31086,0,0,0,2.1117283950617285,4081737
31087,66,63,0,2.111851851851852,4081803
31088,0,0,0,2.1119753086419752,4081803
31089,2,2,0,2.1120987654320986,4081805
31090,0,0,0,2.112222222222222,4081805
31091,12155,4612,34,2.1081481481481483,4093960
31092,0,0,0,2.1082716049382717,4093960
31093,0,0,0,2.108395061728395,4093960
31094,125,125,0,2.1085185185185185,4094085
31095,918,527,0,2.108641975308642,4095003
31096,0,0,0,2.108765432098765,4095003
31097,0,0,0,2.108888888888889,4095003
31098,0,0,0,2.1090123456790124,4095003
31099,0,0,0,2.109135802469136,4095003
31100,18,18,2,2.1090123456790124,4095021
31101,769,694,0,2.109135802469136,4095790
31102,2,2,0,2.109259259259259,4095792
31103,0,0,0,2.1093827160493825,4095792
31104,1,1,0,2.1095061728395064,4095793
31105,0,0,0,2.1096296296296297,4095793
31106,226,216,0,2.109753086419753,4096019
31107,0,0,0,2.1098765432098765,4096019
31108,2,2,0,2.11,4096021
31109,0,0,0,2.1101234567901233,4096021
31110,157,157,0,2.110246913580247,4096178
31111,0,0,0,2.1103703703703705,4096178
31112,115,113,0,2.110493827160494,4096293
31113,0,0,0,2.110617283950617,4096293
31114,0,0,0,2.1107407407407406,4096293
31115,4,4,0,2.1108641975308644,4096297
31116,28,28,2,2.1107407407407406,4096325
31117,1,1,0,2.1108641975308644,4096326
31118,425,326,8,2.11,4096751
31119,2,2,0,2.1101234567901233,4096753
31120,2,2,0,2.110246913580247,4096755
31121,0,0,0,2.1103703703703705,4096755
31122,1817,1442,16,2.1085185185185185,4098572
31123,0,0,0,2.108641975308642,4098572
31124,0,0,0,2.108765432098765,4098572
31125,6,6,0,2.108888888888889,4098578
31126,13,12,0,2.1090123456790124,4098591
31127,0,0,0,2.109135802469136,4098591
31128,0,0,0,2.109259259259259,4098591
31129,0,0,0,2.1093827160493825,4098591
31130,51,51,0,2.1095061728395064,4098642
31131,776,451,0,2.1096296296296297,4099418
31132,0,0,0,2.109753086419753,4099418
31133,4908,2844,0,2.1098765432098765,4104326
31134,5,5,0,2.11,4104331
31135,0,0,0,2.1101234567901233,4104331
31136,342,342,0,2.110246913580247,4104673
31137,1,1,0,2.1103703703703705,4104674
31138,0,0,0,2.110493827160494,4104674
31139,0,0,0,2.110617283950617,4104674
31140,0,0,0,2.1107407407407406,4104674
31141,464,370,0,2.1108641975308644,4105138
31142,0,0,0,2.110987654320988,4105138
31143,0,0,0,2.111111111111111,4105138
31144,0,0,0,2.1112345679012345,4105138
31145,0,0,0,2.111358024691358,4105138
31146,0,0,0,2.1114814814814813,4105138
31147,0,0,0,2.111604938271605,4105138
31148,0,0,0,2.1117283950617285,4105138
31149,0,0,0,2.111851851851852,4105138
31150,0,0,0,2.1119753086419752,4105138
31151,0,0,0,2.1120987654320986,4105138
31152,0,0,0,2.112222222222222,4105138
31153,10,10,0,2.112345679012346,4105148
31154,1,1,1,2.112345679012346,4105149
31155,0,0,0,2.112469135802469,4105149
31156,0,0,0,2.1125925925925926,4105149
31157,3,3,0,2.112716049382716,4105152
31158,4,4,0,2.1128395061728393,4105156
31159,102,102,4,2.112469135802469,4105258
31160,1,1,0,2.1125925925925926,4105259
31161,0,0,0,2.112716049382716,4105259
31162,24,24,0,2.1128395061728393,4105283
31163,96,96,0,2.112962962962963,4105379
31164,1,1,0,2.1130864197530865,4105380
31165,198,198,8,2.112222222222222,4105578
31166,0,0,0,2.112345679012346,4105578
31167,24,23,0,2.112469135802469,4105602
31168,3928,2959,5,2.1119753086419752,4109530
31169,2,2,0,2.1120987654320986,4109532
31170,0,0,0,2.112222222222222,4109532
31171,0,0,0,2.112345679012346,4109532
31172,0,0,0,2.112469135802469,4109532
31173,65,65,0,2.1125925925925926,4109597
31174,0,0,0,2.112716049382716,4109597
31175,0,0,0,2.1128395061728393,4109597
31176,3,3,0,2.112962962962963,4109600
31177,388,363,6,2.112345679012346,4109988
31178,1,1,0,2.112469135802469,4109989
31179,0,0,0,2.1125925925925926,4109989
31180,0,0,0,2.112716049382716,4109989
31181,1052,561,2,2.1125925925925926,4111041
31182,9,9,0,2.112716049382716,4111050
31183,1930,1821,13,2.1112345679012345,4112980
31184,7,7,0,2.111358024691358,4112987
31185,16,16,4,2.110987654320988,4113003
31186,1830,1138,6,2.1103703703703705,4114833
31187,211,211,0,2.110493827160494,4115044
31188,0,0,0,2.110617283950617,4115044
31189,0,0,0,2.1107407407407406,4115044
31190,0,0,0,2.1108641975308644,4115044
31191,0,0,0,2.110987654320988,4115044
31192,0,0,0,2.111111111111111,4115044
31193,3079,3075,5,2.110617283950617,4118123
31194,1,1,0,2.1107407407407406,4118124
31195,27,27,0,2.1108641975308644,4118151
31196,862,614,0,2.110987654320988,4119013
31197,2351,2168,0,2.111111111111111,4121364
31198,0,0,0,2.1112345679012345,4121364
31199,2888,1975,9,2.110246913580247,4124252
31200,61,61,0,2.1103703703703705,4124313
31201,0,0,0,2.110493827160494,4124313
31202,0,0,0,2.110617283950617,4124313
31203,526,482,6,2.11,4124839
31204,0,0,0,2.1101234567901233,4124839
31205,0,0,0,2.110246913580247,4124839
31206,2110,1393,0,2.1103703703703705,4126949
31207,0,0,0,2.110493827160494,4126949
31208,468,468,0,2.110617283950617,4127417
31209,3,3,0,2.1107407407407406,4127420
31210,5,5,0,2.1108641975308644,4127425
31211,0,0,0,2.110987654320988,4127425
31212,1,1,0,2.111111111111111,4127426
31213,0,0,0,2.1112345679012345,4127426
31214,28,28,0,2.111358024691358,4127454
31215,8,8,0,2.1114814814814813,4127462
31216,0,0,0,2.111604938271605,4127462
31217,0,0,0,2.1117283950617285,4127462
31218,0,0,0,2.111851851851852,4127462
31219,1,1,0,2.1119753086419752,4127463
31220,2,2,0,2.1120987654320986,4127465
31221,0,0,0,2.112222222222222,4127465
31222,0,0,0,2.112345679012346,4127465
31223,193,193,0,2.112469135802469,4127658
31224,834,758,7,2.1117283950617285,4128492
31225,0,0,0,2.111851851851852,4128492
31226,2257,2257,0,2.1119753086419752,4130749
31227,0,0,0,2.1120987654320986,4130749
31228,250,161,7,2.111358024691358,4130999
31229,0,0,0,2.1114814814814813,4130999
31230,0,0,0,2.111604938271605,4130999
31231,0,0,0,2.1117283950617285,4130999
31232,10,10,0,2.111851851851852,4131009
31233,0,0,0,2.1119753086419752,4131009
31234,4,4,0,2.1120987654320986,4131013
31235,0,0,0,2.112222222222222,4131013
31236,0,0,0,2.112345679012346,4131013
31237,3,3,0,2.112469135802469,4131016
31238,72,72,0,2.1125925925925926,4131088
31239,0,0,0,2.112716049382716,4131088
31240,0,0,0,2.1128395061728393,4131088
31241,506,501,0,2.112962962962963,4131594
31242,0,0,0,2.1130864197530865,4131594
31243,2,2,0,2.11320987654321,4131596
31244,0,0,0,2.1133333333333333,4131596
31245,0,0,0,2.1134567901234567,4131596
31246,0,0,0,2.11358024691358,4131596
31247,0,0,0,2.113703703703704,4131596
31248,2,2,0,2.1138271604938272,4131598
31249,0,0,0,2.1139506172839506,4131598
31250,1,1,0,2.114074074074074,4131599
31251,0,0,0,2.1141975308641974,4131599
31252,0,0,0,2.114320987654321,4131599
31253,0,0,0,2.1144444444444446,4131599
31254,0,0,0,2.114567901234568,4131599
31255,0,0,0,2.1146913580246913,4131599
31256,1,1,0,2.1148148148148147,4131600
31257,0,0,0,2.114938271604938,4131600
31258,0,0,0,2.115061728395062,4131600
31259,0,0,0,2.1151851851851853,4131600
31260,0,0,0,2.1153086419753087,4131600
31261,0,0,0,2.115432098765432,4131600
31262,0,0,0,2.1155555555555554,4131600
31263,0,0,0,2.1156790123456792,4131600
31264,0,0,0,2.1158024691358026,4131600
31265,3,3,0,2.115925925925926,4131603
31266,1,1,0,2.1160493827160494,4131604
31267,0,0,0,2.1161728395061727,4131604
31268,2,2,0,2.116296296296296,4131606
31269,0,0,0,2.11641975308642,4131606
31270,2,2,0,2.1165432098765433,4131608
31271,48,48,4,2.1161728395061727,4131656
31272,0,0,0,2.116296296296296,4131656
31273,0,0,0,2.11641975308642,4131656
31274,0,0,0,2.1165432098765433,4131656
31275,4,4,0,2.1166666666666667,4131660
31276,0,0,0,2.11679012345679,4131660
31277,0,0,0,2.1169135802469135,4131660
31278,0,0,0,2.117037037037037,4131660
31279,0,0,0,2.1171604938271606,4131660
31280,0,0,0,2.117283950617284,4131660
31281,2,2,0,2.1174074074074074,4131662
31282,0,0,0,2.117530864197531,4131662
31283,149,100,2,2.1174074074074074,4131811
31284,3326,3326,6,2.11679012345679,4135137
31285,194,137,0,2.1169135802469135,4135331
31286,0,0,0,2.117037037037037,4135331
31287,0,0,0,2.1171604938271606,4135331
31288,3906,3289,6,2.1165432098765433,4139237
31289,36,33,0,2.1166666666666667,4139273
31290,0,0,0,2.11679012345679,4139273
31291,0,0,0,2.1169135802469135,4139273
31292,41,41,0,2.117037037037037,4139314
31293,2,2,0,2.1171604938271606,4139316
31294,0,0,0,2.117283950617284,4139316
31295,0,0,0,2.1174074074074074,4139316
31296,0,0,0,2.117530864197531,4139316
31297,0,0,0,2.117654320987654,4139316
31298,4,4,2,2.117530864197531,4139320
31299,53,53,0,2.117654320987654,4139373
31300,527,527,3,2.1174074074074074,4139900
31301,0,0,0,2.117530864197531,4139900
31302,0,0,0,2.117654320987654,4139900
31303,0,0,0,2.117777777777778,4139900
31304,0,0,0,2.1179012345679014,4139900
31305,0,0,0,2.1180246913580247,4139900
31306,431,277,6,2.1174074074074074,4140331
31307,337,331,0,2.117530864197531,4140668
31308,0,0,0,2.117654320987654,4140668
31309,0,0,0,2.117777777777778,4140668
31310,3961,3781,5,2.117283950617284,4144629
31311,321,321,0,2.1174074074074074,4144950
31312,7,7,0,2.117530864197531,4144957
31313,1,1,0,2.117654320987654,4144958
31314,0,0,0,2.117777777777778,4144958
31315,0,0,0,2.1179012345679014,4144958
31316,0,0,0,2.1180246913580247,4144958
31317,3705,2172,1,2.1180246913580247,4148663
31318,0,0,0,2.118148148148148,4148663
31319,583,565,4,2.117777777777778,4149246
31320,0,0,0,2.1179012345679014,4149246
31321,0,0,0,2.1180246913580247,4149246
31322,288,279,3,2.117777777777778,4149534
31323,38,38,0,2.1179012345679014,4149572
31324,0,0,0,2.1180246913580247,4149572
31325,0,0,0,2.118148148148148,4149572
31326,0,0,0,2.1182716049382715,4149572
31327,0,0,0,2.118395061728395,4149572
31328,175,175,0,2.1185185185185187,4149747
31329,0,0,0,2.118641975308642,4149747
31330,4178,4009,25,2.1156790123456792,4153925
31331,37,36,0,2.1158024691358026,4153962
31332,0,0,0,2.115925925925926,4153962
31333,0,0,0,2.1160493827160494,4153962
31334,21,20,0,2.1161728395061727,4153983
31335,0,0,0,2.116296296296296,4153983
31336,0,0,0,2.11641975308642,4153983
31337,0,0,0,2.1165432098765433,4153983
31338,0,0,0,2.1166666666666667,4153983
31339,5042,3397,10,2.1155555555555554,4159025
31340,189,177,0,2.1156790123456792,4159214
31341,0,0,0,2.1158024691358026,4159214
31342,2,2,0,2.115925925925926,4159216
31343,0,0,0,2.1160493827160494,4159216
31344,0,0,0,2.1161728395061727,4159216
31345,0,0,0,2.116296296296296,4159216
31346,0,0,0,2.11641975308642,4159216
31347,162,162,3,2.1161728395061727,4159378
31348,0,0,0,2.116296296296296,4159378
31349,37,37,0,2.11641975308642,4159415
31350,0,0,0,2.1165432098765433,4159415
31351,0,0,0,2.1166666666666667,4159415
31352,2,2,2,2.1165432098765433,4159417
31353,1,1,1,2.1165432098765433,4159418
31354,113,113,11,2.1153086419753087,4159531
31355,1,1,0,2.115432098765432,4159532
31356,0,0,0,2.1155555555555554,4159532
31357,0,0,0,2.1156790123456792,4159532
31358,28015,6815,50,2.1096296296296297,4187547
31359,0,0,0,2.109753086419753,4187547
31360,0,0,0,2.1098765432098765,4187547
31361,0,0,0,2.11,4187547
31362,0,0,0,2.1101234567901233,4187547
31363,0,0,0,2.110246913580247,4187547
31364,1665,734,17,2.1082716049382717,4189212
31365,0,0,0,2.108395061728395,4189212
31366,1,1,0,2.1085185185185185,4189213
31367,0,0,0,2.108641975308642,4189213
31368,35,35,0,2.108765432098765,4189248
31369,0,0,0,2.108888888888889,4189248
31370,0,0,0,2.1090123456790124,4189248
31371,0,0,0,2.109135802469136,4189248
31372,0,0,0,2.109259259259259,4189248
31373,0,0,0,2.1093827160493825,4189248
31374,0,0,0,2.1095061728395064,4189248
31375,7,7,0,2.1096296296296297,4189255
31376,0,0,0,2.109753086419753,4189255
31377,7,7,0,2.1098765432098765,4189262
31378,0,0,0,2.11,4189262
31379,0,0,0,2.1101234567901233,4189262
31380,0,0,0,2.110246913580247,4189262
31381,0,0,0,2.1103703703703705,4189262
31382,139,106,0,2.110493827160494,4189401
31383,157,157,9,2.1095061728395064,4189558
31384,543,469,0,2.1096296296296297,4190101
31385,0,0,0,2.109753086419753,4190101
31386,2,2,0,2.1098765432098765,4190103
31387,0,0,0,2.11,4190103
31388,0,0,0,2.1101234567901233,4190103
31389,25,25,0,2.110246913580247,4190128
31390,0,0,0,2.1103703703703705,4190128
31391,162,161,5,2.1098765432098765,4190290
31392,0,0,0,2.11,4190290
31393,0,0,0,2.1101234567901233,4190290
31394,0,0,0,2.110246913580247,4190290
31395,0,0,0,2.1103703703703705,4190290
31396,4,4,2,2.110246913580247,4190294
31397,0,0,0,2.1103703703703705,4190294
31398,0,0,0,2.110493827160494,4190294
31399,0,0,0,2.110617283950617,4190294
31400,0,0,0,2.1107407407407406,4190294
31401,838,562,0,2.1108641975308644,4191132
31402,230,230,0,2.110987654320988,4191362
31403,10800,4788,2,2.1108641975308644,4202162
31404,0,0,0,2.110987654320988,4202162
31405,0,0,0,2.111111111111111,4202162
31406,0,0,0,2.1112345679012345,4202162
31407,0,0,0,2.111358024691358,4202162
31408,0,0,0,2.1114814814814813,4202162
31409,0,0,0,2.111604938271605,4202162
31410,1,1,0,2.1117283950617285,4202163
31411,4,4,0,2.111851851851852,4202167
31412,0,0,0,2.1119753086419752,4202167
31413,0,0,0,2.1120987654320986,4202167
31414,0,0,0,2.112222222222222,4202167
31415,440,416,0,2.112345679012346,4202607
31416,0,0,0,2.112469135802469,4202607
31417,6,6,3,2.112222222222222,4202613
31418,0,0,0,2.112345679012346,4202613
31419,925,925,6,2.1117283950617285,4203538
31420,0,0,0,2.111851851851852,4203538
31421,2,2,0,2.1119753086419752,4203540
31422,0,0,0,2.1120987654320986,4203540
31423,0,0,0,2.112222222222222,4203540
31424,0,0,0,2.112345679012346,4203540
31425,14387,4563,44,2.107037037037037,4217927
31426,0,0,0,2.1071604938271604,4217927
31427,0,0,0,2.107283950617284,4217927
31428,5,5,0,2.1074074074074076,4217932
31429,10,10,0,2.107530864197531,4217942
31430,0,0,0,2.1076543209876544,4217942
31431,5,5,0,2.1077777777777778,4217947
31432,0,0,0,2.107901234567901,4217947
31433,3,3,0,2.1080246913580245,4217950
31434,0,0,0,2.1081481481481483,4217950
31435,0,0,0,2.1082716049382717,4217950
31436,18,18,0,2.108395061728395,4217968
31437,0,0,0,2.1085185185185185,4217968
31438,27,27,0,2.108641975308642,4217995
31439,11,11,0,2.108765432098765,4218006
31440,0,0,0,2.108888888888889,4218006
31441,0,0,0,2.1090123456790124,4218006
31442,2,2,0,2.109135802469136,4218008
31443,0,0,0,2.109259259259259,4218008
31444,0,0,0,2.1093827160493825,4218008
31445,1734,1312,2,2.109259259259259,4219742
31446,10,10,3,2.1090123456790124,4219752
31447,0,0,0,2.109135802469136,4219752
31448,0,0,0,2.109259259259259,4219752
31449,1,1,0,2.1093827160493825,4219753
31450,14,14,0,2.1095061728395064,4219767
31451,0,0,0,2.1096296296296297,4219767
31452,0,0,0,2.109753086419753,4219767
31453,5,5,0,2.1098765432098765,4219772
31454,0,0,0,2.11,4219772
31455,2,2,0,2.1101234567901233,4219774
31456,0,0,0,2.110246913580247,4219774
31457,66,62,7,2.1095061728395064,4219840
31458,0,0,0,2.1096296296296297,4219840
31459,903,563,9,2.108641975308642,4220743
31460,1,1,0,2.108765432098765,4220744
31461,0,0,0,2.108888888888889,4220744
31462,0,0,0,2.1090123456790124,4220744
31463,0,0,0,2.109135802469136,4220744
31464,159,159,7,2.108395061728395,4220903
31465,341,292,0,2.1085185185185185,4221244
31466,0,0,0,2.108641975308642,4221244
31467,0,0,0,2.108765432098765,4221244
31468,3,3,0,2.108888888888889,4221247
31469,0,0,0,2.1090123456790124,4221247
31470,3,3,0,2.109135802469136,4221250
31471,1001,574,15,2.1074074074074076,4222251
31472,0,0,0,2.107530864197531,4222251
31473,0,0,0,2.1076543209876544,4222251
31474,279,219,0,2.1077777777777778,4222530
31475,149,149,0,2.107901234567901,4222679
31476,12,12,0,2.1080246913580245,4222691
31477,287,214,0,2.1081481481481483,4222978
31478,240,208,2,2.1080246913580245,4223218
31479,0,0,0,2.1081481481481483,4223218
31480,649,638,0,2.1082716049382717,4223867
31481,0,0,0,2.108395061728395,4223867
31482,0,0,0,2.1085185185185185,4223867
31483,0,0,0,2.108641975308642,4223867
31484,0,0,0,2.108765432098765,4223867
31485,0,0,0,2.108888888888889,4223867
31486,0,0,0,2.1090123456790124,4223867
31487,0,0,0,2.109135802469136,4223867
31488,0,0,0,2.109259259259259,4223867
31489,1,1,1,2.109259259259259,4223868
31490,0,0,0,2.1093827160493825,4223868
31491,14,14,0,2.1095061728395064,4223882
31492,0,0,0,2.1096296296296297,4223882
31493,4,4,0,2.109753086419753,4223886
31494,0,0,0,2.1098765432098765,4223886
31495,4,4,0,2.11,4223890
31496,3,3,2,2.1098765432098765,4223893
31497,0,0,0,2.11,4223893
31498,0,0,0,2.1101234567901233,4223893
31499,0,0,0,2.110246913580247,4223893
31500,0,0,0,2.1103703703703705,4223893
31501,4475,2938,19,2.1081481481481483,4228368
31502,249,173,0,2.1082716049382717,4228617
31503,0,0,0,2.108395061728395,4228617
31504,0,0,0,2.1085185185185185,4228617
31505,0,0,0,2.108641975308642,4228617
31506,0,0,0,2.108765432098765,4228617
31507,13,13,0,2.108888888888889,4228630
31508,0,0,0,2.1090123456790124,4228630
31509,1437,1437,6,2.108395061728395,4230067
31510,0,0,0,2.1085185185185185,4230067
31511,0,0,0,2.108641975308642,4230067
31512,7600,3122,33,2.1046913580246915,4237667
31513,0,0,0,2.104814814814815,4237667
31514,0,0,0,2.1049382716049383,4237667
31515,0,0,0,2.1050617283950617,4237667
31516,0,0,0,2.105185185185185,4237667
31517,0,0,0,2.1053086419753084,4237667
31518,0,0,0,2.1054320987654322,4237667
31519,3858,2457,2,2.1053086419753084,4241525
31520,21,21,0,2.1054320987654322,4241546
31521,69,69,0,2.1055555555555556,4241615
31522,0,0,0,2.105679012345679,4241615
31523,0,0,0,2.1058024691358024,4241615
31524,311,311,7,2.1050617283950617,4241926
31525,310,310,0,2.105185185185185,4242236
31526,0,0,0,2.1053086419753084,4242236
31527,0,0,0,2.1054320987654322,4242236
31528,11,11,0,2.1055555555555556,4242247
31529,11,11,0,2.105679012345679,4242258
31530,0,0,0,2.1058024691358024,4242258
31531,1002,996,0,2.1059259259259258,4243260
31532,0,0,0,2.1060493827160496,4243260
31533,829,620,0,2.106172839506173,4244089
31534,0,0,0,2.1062962962962963,4244089
31535,0,0,0,2.1064197530864197,4244089
31536,46,46,0,2.106543209876543,4244135
31537,0,0,0,2.1066666666666665,4244135
31538,0,0,0,2.1067901234567903,4244135
31539,0,0,0,2.1069135802469137,4244135
31540,0,0,0,2.107037037037037,4244135
31541,0,0,0,2.1071604938271604,4244135
31542,725,725,0,2.107283950617284,4244860
31543,85,78,0,2.1074074074074076,4244945
31544,0,0,0,2.107530864197531,4244945
31545,558,529,0,2.1076543209876544,4245503
31546,0,0,0,2.1077777777777778,4245503
31547,13,13,0,2.107901234567901,4245516
31548,0,0,0,2.1080246913580245,4245516
31549,0,0,0,2.1081481481481483,4245516
31550,0,0,0,2.1082716049382717,4245516
31551,0,0,0,2.108395061728395,4245516
31552,39,39,5,2.107901234567901,4245555
31553,4,4,0,2.1080246913580245,4245559
31554,137,116,0,2.1081481481481483,4245696
31555,0,0,0,2.1082716049382717,4245696
31556,56,56,0,2.108395061728395,4245752
31557,216,216,0,2.1085185185185185,4245968
31558,25,25,0,2.108641975308642,4245993
31559,0,0,0,2.108765432098765,4245993
31560,0,0,0,2.108888888888889,4245993
31561,0,0,0,2.1090123456790124,4245993
31562,0,0,0,2.109135802469136,4245993
31563,418,299,16,2.107283950617284,4246411
31564,1276,1256,0,2.1074074074074076,4247687
31565,0,0,0,2.107530864197531,4247687
31566,1,1,0,2.1076543209876544,4247688
31567,0,0,0,2.1077777777777778,4247688
31568,15,15,0,2.107901234567901,4247703
31569,4844,2329,8,2.107037037037037,4252547
31570,0,0,0,2.1071604938271604,4252547
31571,855,793,0,2.107283950617284,4253402
31572,1,1,0,2.1074074074074076,4253403
31573,82,82,2,2.107283950617284,4253485
31574,0,0,0,2.1074074074074076,4253485
31575,0,0,0,2.107530864197531,4253485
31576,0,0,0,2.1076543209876544,4253485
31577,0,0,0,2.1077777777777778,4253485
31578,0,0,0,2.107901234567901,4253485
31579,2,2,0,2.1080246913580245,4253487
31580,0,0,0,2.1081481481481483,4253487
31581,0,0,0,2.1082716049382717,4253487
31582,3,3,0,2.108395061728395,4253490
31583,0,0,0,2.1085185185185185,4253490
31584,3,3,0,2.108641975308642,4253493
31585,52,52,3,2.108395061728395,4253545
31586,0,0,0,2.1085185185185185,4253545
31587,0,0,0,2.108641975308642,4253545
31588,0,0,0,2.108765432098765,4253545
31589,0,0,0,2.108888888888889,4253545
31590,0,0,0,2.1090123456790124,4253545
31591,1,1,0,2.109135802469136,4253546
31592,0,0,0,2.109259259259259,4253546
31593,0,0,0,2.1093827160493825,4253546
31594,48,48,0,2.1095061728395064,4253594
31595,0,0,0,2.1096296296296297,4253594
31596,125,125,0,2.109753086419753,4253719
31597,38,37,0,2.1098765432098765,4253757
31598,0,0,0,2.11,4253757
31599,0,0,0,2.1101234567901233,4253757
31600,0,0,0,2.110246913580247,4253757
31601,0,0,0,2.1103703703703705,4253757
31602,0,0,0,2.110493827160494,4253757
31603,3,3,0,2.110617283950617,4253760
31604,0,0,0,2.1107407407407406,4253760
31605,2,2,0,2.1108641975308644,4253762
31606,0,0,0,2.110987654320988,4253762
31607,5,5,0,2.111111111111111,4253767
31608,0,0,0,2.1112345679012345,4253767
31609,0,0,0,2.111358024691358,4253767
31610,0,0,0,2.1114814814814813,4253767
31611,45,45,0,2.111604938271605,4253812
31612,231,190,0,2.1117283950617285,4254043
31613,0,0,0,2.111851851851852,4254043
31614,0,0,0,2.1119753086419752,4254043
31615,0,0,0,2.1120987654320986,4254043
31616,0,0,0,2.112222222222222,4254043
31617,0,0,0,2.112345679012346,4254043
31618,0,0,0,2.112469135802469,4254043
31619,0,0,0,2.1125925925925926,4254043
31620,0,0,0,2.112716049382716,4254043
31621,9,9,0,2.1128395061728393,4254052
31622,12,12,0,2.112962962962963,4254064
31623,0,0,0,2.1130864197530865,4254064
31624,1,1,0,2.11320987654321,4254065
31625,0,0,0,2.1133333333333333,4254065
31626,0,0,0,2.1134567901234567,4254065
31627,0,0,0,2.11358024691358,4254065
31628,9162,3093,18,2.1114814814814813,4263227
31629,0,0,0,2.111604938271605,4263227
31630,1357,666,5,2.111111111111111,4264584
31631,0,0,0,2.1112345679012345,4264584
31632,0,0,0,2.111358024691358,4264584
31633,8,8,0,2.1114814814814813,4264592
31634,8,8,2,2.111358024691358,4264600
31635,5,5,0,2.1114814814814813,4264605
31636,27,27,7,2.1107407407407406,4264632
31637,2,2,0,2.1108641975308644,4264634
31638,131,121,0,2.110987654320988,4264765
31639,0,0,0,2.111111111111111,4264765
31640,2519,1566,9,2.1101234567901233,4267284
31641,0,0,0,2.110246913580247,4267284
31642,630,592,8,2.1093827160493825,4267914
31643,0,0,0,2.1095061728395064,4267914
31644,2,2,0,2.1096296296296297,4267916
31645,3,3,0,2.109753086419753,4267919
31646,0,0,0,2.1098765432098765,4267919
31647,0,0,0,2.11,4267919
31648,8,8,0,2.1101234567901233,4267927
31649,0,0,0,2.110246913580247,4267927
31650,1,1,0,2.1103703703703705,4267928
31651,0,0,0,2.110493827160494,4267928
31652,0,0,0,2.110617283950617,4267928
31653,53,53,0,2.1107407407407406,4267981
31654,0,0,0,2.1108641975308644,4267981
31655,6,6,0,2.110987654320988,4267987
31656,14,14,0,2.111111111111111,4268001
31657,0,0,0,2.1112345679012345,4268001
31658,163,163,3,2.110987654320988,4268164
31659,0,0,0,2.111111111111111,4268164
31660,18,18,0,2.1112345679012345,4268182
31661,10,10,0,2.111358024691358,4268192
31662,0,0,0,2.1114814814814813,4268192
31663,0,0,0,2.111604938271605,4268192
31664,2967,1591,10,2.110493827160494,4271159
31665,1,1,0,2.110617283950617,4271160
31666,0,0,0,2.1107407407407406,4271160
31667,13,13,0,2.1108641975308644,4271173
31668,0,0,0,2.110987654320988,4271173
31669,0,0,0,2.111111111111111,4271173
31670,517,434,0,2.1112345679012345,4271690
31671,0,0,0,2.111358024691358,4271690
31672,0,0,0,2.1114814814814813,4271690
31673,1890,1881,7,2.1107407407407406,4273580
31674,0,0,0,2.1108641975308644,4273580
31675,46,34,0,2.110987654320988,4273626
31676,0,0,0,2.111111111111111,4273626
31677,6,6,0,2.1112345679012345,4273632
31678,0,0,0,2.111358024691358,4273632
31679,3,3,0,2.1114814814814813,4273635
31680,0,0,0,2.111604938271605,4273635
31681,1,1,0,2.1117283950617285,4273636
31682,0,0,0,2.111851851851852,4273636
31683,4,4,0,2.1119753086419752,4273640
31684,6,6,0,2.1120987654320986,4273646
31685,0,0,0,2.112222222222222,4273646
31686,0,0,0,2.112345679012346,4273646
31687,1280,1279,0,2.112469135802469,4274926
31688,0,0,0,2.1125925925925926,4274926
31689,0,0,0,2.112716049382716,4274926
31690,4,4,0,2.1128395061728393,4274930
31691,2,2,0,2.112962962962963,4274932
31692,0,0,0,2.1130864197530865,4274932
31693,2,2,0,2.11320987654321,4274934
31694,0,0,0,2.1133333333333333,4274934
31695,0,0,0,2.1134567901234567,4274934
31696,1,1,0,2.11358024691358,4274935
31697,0,0,0,2.113703703703704,4274935
31698,8,8,0,2.1138271604938272,4274943
31699,0,0,0,2.1139506172839506,4274943
31700,2409,1923,0,2.114074074074074,4277352
31701,0,0,0,2.1141975308641974,4277352
31702,0,0,0,2.114320987654321,4277352
31703,0,0,0,2.1144444444444446,4277352
31704,627,627,0,2.114567901234568,4277979
31705,0,0,0,2.1146913580246913,4277979
31706,520,382,10,2.11358024691358,4278499
31707,2100,1637,6,2.112962962962963,4280599
31708,0,0,0,2.1130864197530865,4280599
31709,0,0,0,2.11320987654321,4280599
31710,0,0,0,2.1133333333333333,4280599
31711,0,0,0,2.1134567901234567,4280599
31712,0,0,0,2.11358024691358,4280599
31713,0,0,0,2.113703703703704,4280599
31714,0,0,0,2.1138271604938272,4280599
31715,42,42,0,2.1139506172839506,4280641
31716,0,0,0,2.114074074074074,4280641
31717,0,0,0,2.1141975308641974,4280641
31718,11215,5345,40,2.1093827160493825,4291856
31719,0,0,0,2.1095061728395064,4291856
31720,0,0,0,2.1096296296296297,4291856
31721,0,0,0,2.109753086419753,4291856
31722,0,0,0,2.1098765432098765,4291856
31723,6,6,0,2.11,4291862
31724,0,0,0,2.1101234567901233,4291862
31725,0,0,0,2.110246913580247,4291862
31726,1149,923,12,2.108888888888889,4293011
31727,0,0,0,2.1090123456790124,4293011
31728,0,0,0,2.109135802469136,4293011
31729,620,620,9,2.1081481481481483,4293631
31730,0,0,0,2.1082716049382717,4293631
31731,0,0,0,2.108395061728395,4293631
31732,0,0,0,2.1085185185185185,4293631
31733,0,0,0,2.108641975308642,4293631
31734,3,3,0,2.108765432098765,4293634
31735,0,0,0,2.108888888888889,4293634
31736,0,0,0,2.1090123456790124,4293634
31737,0,0,0,2.109135802469136,4293634
31738,55,55,0,2.109259259259259,4293689
31739,0,0,0,2.1093827160493825,4293689
31740,1325,1325,0,2.1095061728395064,4295014
31741,0,0,0,2.1096296296296297,4295014
31742,0,0,0,2.109753086419753,4295014
31743,2505,2488,0,2.1098765432098765,4297519
31744,0,0,0,2.11,4297519
31745,0,0,0,2.1101234567901233,4297519
31746,0,0,0,2.110246913580247,4297519
31747,0,0,0,2.1103703703703705,4297519
31748,151,149,0,2.110493827160494,4297670
31749,16,16,0,2.110617283950617,4297686
31750,10275,5081,17,2.108641975308642,4307961
31751,4,4,0,2.108765432098765,4307965
31752,0,0,0,2.108888888888889,4307965
31753,6,6,0,2.1090123456790124,4307971
31754,1,1,0,2.109135802469136,4307972
31755,14,14,3,2.108888888888889,4307986
31756,0,0,0,2.1090123456790124,4307986
31757,0,0,0,2.109135802469136,4307986
31758,0,0,0,2.109259259259259,4307986
31759,0,0,0,2.1093827160493825,4307986
31760,0,0,0,2.1095061728395064,4307986
31761,0,0,0,2.1096296296296297,4307986
31762,42,42,4,2.109259259259259,4308028
31763,0,0,0,2.1093827160493825,4308028
31764,0,0,0,2.1095061728395064,4308028
31765,141,106,0,2.1096296296296297,4308169
31766,5,5,0,2.109753086419753,4308174
31767,213,213,0,2.1098765432098765,4308387
31768,0,0,0,2.11,4308387
31769,5,5,0,2.1101234567901233,4308392
31770,0,0,0,2.110246913580247,4308392
31771,0,0,0,2.1103703703703705,4308392
31772,9,9,0,2.110493827160494,4308401
31773,364,359,1,2.110493827160494,4308765
31774,1,1,0,2.110617283950617,4308766
31775,0,0,0,2.1107407407407406,4308766
31776,10,10,0,2.1108641975308644,4308776
31777,127,100,5,2.1103703703703705,4308903
31778,0,0,0,2.110493827160494,4308903
31779,0,0,0,2.110617283950617,4308903
31780,0,0,0,2.1107407407407406,4308903
31781,0,0,0,2.1108641975308644,4308903
31782,14,14,0,2.110987654320988,4308917
31783,0,0,0,2.111111111111111,4308917
31784,37,30,0,2.1112345679012345,4308954
31785,4285,2399,0,2.111358024691358,4313239
31786,333,332,0,2.1114814814814813,4313572
31787,0,0,0,2.111604938271605,4313572
31788,0,0,0,2.1117283950617285,4313572
31789,1023,1023,5,2.1112345679012345,4314595
31790,0,0,0,2.111358024691358,4314595
31791,0,0,0,2.1114814814814813,4314595
31792,20,20,0,2.111604938271605,4314615
31793,0,0,0,2.1117283950617285,4314615
31794,4,4,0,2.111851851851852,4314619
31795,47,47,1,2.111851851851852,4314666
31796,0,0,0,2.1119753086419752,4314666
31797,0,0,0,2.1120987654320986,4314666
31798,0,0,0,2.112222222222222,4314666
31799,0,0,0,2.112345679012346,4314666
31800,2435,1982,0,2.112469135802469,4317101
31801,92,92,0,2.1125925925925926,4317193
31802,1,1,0,2.112716049382716,4317194
31803,0,0,0,2.1128395061728393,4317194
31804,16,15,0,2.112962962962963,4317210
31805,37,33,0,2.1130864197530865,4317247
31806,0,0,0,2.11320987654321,4317247
31807,494,324,2,2.1130864197530865,4317741
31808,325,325,2,2.112962962962963,4318066
31809,2,2,0,2.1130864197530865,4318068
31810,0,0,0,2.11320987654321,4318068
31811,5090,2275,12,2.111851851851852,4323158
31812,0,0,0,2.1119753086419752,4323158
31813,0,0,0,2.1120987654320986,4323158
31814,0,0,0,2.112222222222222,4323158
31815,0,0,0,2.112345679012346,4323158
31816,119,118,7,2.111604938271605,4323277
31817,1,1,0,2.1117283950617285,4323278
31818,0,0,0,2.111851851851852,4323278
31819,0,0,0,2.1119753086419752,4323278
31820,0,0,0,2.1120987654320986,4323278
31821,2,2,1,2.1120987654320986,4323280
31822,0,0,0,2.112222222222222,4323280
31823,31,28,0,2.112345679012346,4323311
31824,0,0,0,2.112469135802469,4323311
31825,29,29,0,2.1125925925925926,4323340
31826,1,1,0,2.112716049382716,4323341
31827,0,0,0,2.1128395061728393,4323341
31828,2434,2420,7,2.1120987654320986,4325775
31829,130,130,0,2.112222222222222,4325905
31830,1,1,0,2.112345679012346,4325906
31831,0,0,0,2.112469135802469,4325906
31832,205,205,6,2.111851851851852,4326111
31833,2,2,0,2.1119753086419752,4326113
31834,0,0,0,2.1120987654320986,4326113
31835,1,1,0,2.112222222222222,4326114
31836,125,125,0,2.112345679012346,4326239
31837,0,0,0,2.112469135802469,4326239
31838,0,0,0,2.1125925925925926,4326239
31839,0,0,0,2.112716049382716,4326239
31840,0,0,0,2.1128395061728393,4326239
31841,5,5,0,2.112962962962963,4326244
31842,0,0,0,2.1130864197530865,4326244
31843,13,11,0,2.11320987654321,4326257
31844,0,0,0,2.1133333333333333,4326257
31845,0,0,0,2.1134567901234567,4326257
31846,250,236,0,2.11358024691358,4326507
31847,19,19,6,2.112962962962963,4326526
31848,0,0,0,2.1130864197530865,4326526
31849,0,0,0,2.11320987654321,4326526
31850,0,0,0,2.1133333333333333,4326526
31851,0,0,0,2.1134567901234567,4326526
31852,8,8,4,2.1130864197530865,4326534
31853,272,272,0,2.11320987654321,4326806
31854,0,0,0,2.1133333333333333,4326806
31855,1,1,0,2.1134567901234567,4326807
31856,0,0,0,2.11358024691358,4326807
31857,1357,1124,0,2.113703703703704,4328164
31858,14,11,0,2.1138271604938272,4328178
31859,0,0,0,2.1139506172839506,4328178
31860,0,0,0,2.114074074074074,4328178
31861,0,0,0,2.1141975308641974,4328178
31862,2,2,0,2.114320987654321,4328180
31863,1,1,0,2.1144444444444446,4328181
31864,0,0,0,2.114567901234568,4328181
31865,19,16,0,2.1146913580246913,4328200
31866,0,0,0,2.1148148148148147,4328200
31867,0,0,0,2.114938271604938,4328200
31868,3,3,0,2.115061728395062,4328203
31869,1390,1333,8,2.1141975308641974,4329593
31870,0,0,0,2.114320987654321,4329593
31871,782,637,8,2.1134567901234567,4330375
31872,0,0,0,2.11358024691358,4330375
31873,0,0,0,2.113703703703704,4330375
31874,0,0,0,2.1138271604938272,4330375
31875,14,14,0,2.1139506172839506,4330389
31876,6,6,0,2.114074074074074,4330395
31877,0,0,0,2.1141975308641974,4330395
31878,0,0,0,2.114320987654321,4330395
31879,1414,1326,21,2.111851851851852,4331809
31880,0,0,0,2.1119753086419752,4331809
31881,0,0,0,2.1120987654320986,4331809
31882,0,0,0,2.112222222222222,4331809
31883,0,0,0,2.112345679012346,4331809
31884,0,0,0,2.112469135802469,4331809
31885,0,0,0,2.1125925925925926,4331809
31886,0,0,0,2.112716049382716,4331809
31887,291,291,0,2.1128395061728393,4332100
31888,1235,1111,0,2.112962962962963,4333335
31889,2,2,0,2.1130864197530865,4333337
31890,27,27,0,2.11320987654321,4333364
31891,0,0,0,2.1133333333333333,4333364
31892,1,1,0,2.1134567901234567,4333365
31893,0,0,0,2.11358024691358,4333365
31894,0,0,0,2.113703703703704,4333365
31895,24,22,4,2.1133333333333333,4333389
31896,0,0,0,2.1134567901234567,4333389
31897,0,0,0,2.11358024691358,4333389
31898,65,65,0,2.113703703703704,4333454
31899,0,0,0,2.1138271604938272,4333454
31900,0,0,0,2.1139506172839506,4333454
31901,0,0,0,2.114074074074074,4333454
31902,0,0,0,2.1141975308641974,4333454
31903,0,0,0,2.114320987654321,4333454
31904,0,0,0,2.1144444444444446,4333454
31905,3447,3228,5,2.1139506172839506,4336901
31906,0,0,0,2.114074074074074,4336901
31907,0,0,0,2.1141975308641974,4336901
31908,39,32,0,2.114320987654321,4336940
31909,0,0,0,2.1144444444444446,4336940
31910,893,893,9,2.1134567901234567,4337833
31911,122,78,0,2.11358024691358,4337955
31912,3,3,0,2.113703703703704,4337958
31913,0,0,0,2.1138271604938272,4337958
31914,172,152,0,2.1139506172839506,4338130
31915,0,0,0,2.114074074074074,4338130
31916,1758,1230,10,2.112962962962963,4339888
31917,997,974,0,2.1130864197530865,4340885
31918,0,0,0,2.11320987654321,4340885
31919,0,0,0,2.1133333333333333,4340885
31920,52,52,0,2.1134567901234567,4340937
31921,20,20,0,2.11358024691358,4340957
31922,0,0,0,2.113703703703704,4340957
31923,0,0,0,2.1138271604938272,4340957
31924,133,115,1,2.1138271604938272,4341090
31925,13,13,0,2.1139506172839506,4341103
31926,59,59,0,2.114074074074074,4341162
31927,0,0,0,2.1141975308641974,4341162
31928,0,0,0,2.114320987654321,4341162
31929,0,0,0,2.1144444444444446,4341162
31930,0,0,0,2.114567901234568,4341162
31931,3,3,0,2.1146913580246913,4341165
31932,8558,4100,4,2.114320987654321,4349723
31933,0,0,0,2.1144444444444446,4349723
31934,173,147,0,2.114567901234568,4349896
31935,0,0,0,2.1146913580246913,4349896
31936,0,0,0,2.1148148148148147,4349896
31937,0,0,0,2.114938271604938,4349896
31938,0,0,0,2.115061728395062,4349896
31939,0,0,0,2.1151851851851853,4349896
31940,0,0,0,2.1153086419753087,4349896
31941,0,0,0,2.115432098765432,4349896
31942,0,0,0,2.1155555555555554,4349896
31943,0,0,0,2.1156790123456792,4349896
31944,0,0,0,2.1158024691358026,4349896
31945,8,8,0,2.115925925925926,4349904
31946,2341,1414,16,2.114074074074074,4352245
31947,666,576,0,2.1141975308641974,4352911
31948,0,0,0,2.114320987654321,4352911
31949,536,403,9,2.1133333333333333,4353447
31950,59,59,0,2.1134567901234567,4353506
31951,0,0,0,2.11358024691358,4353506
31952,0,0,0,2.113703703703704,4353506
31953,117,117,0,2.1138271604938272,4353623
31954,1,1,0,2.1139506172839506,4353624
31955,0,0,0,2.114074074074074,4353624
31956,36,36,0,2.1141975308641974,4353660
31957,262,171,0,2.114320987654321,4353922
31958,80,80,0,2.1144444444444446,4354002
31959,0,0,0,2.114567901234568,4354002
31960,239,235,2,2.1144444444444446,4354241
31961,0,0,0,2.114567901234568,4354241
31962,0,0,0,2.1146913580246913,4354241
31963,0,0,0,2.1148148148148147,4354241
31964,601,374,3,2.114567901234568,4354842
31965,264,264,0,2.1146913580246913,4355106
31966,0,0,0,2.1148148148148147,4355106
31967,56,45,2,2.1146913580246913,4355162
31968,0,0,0,2.1148148148148147,4355162
31969,0,0,0,2.114938271604938,4355162
31970,3,3,0,2.115061728395062,4355165
31971,0,0,0,2.1151851851851853,4355165
31972,86,86,0,2.1153086419753087,4355251
31973,2,2,1,2.1153086419753087,4355253
31974,0,0,0,2.115432098765432,4355253
31975,1,1,0,2.1155555555555554,4355254
31976,0,0,0,2.1156790123456792,4355254
31977,33429,6702,108,2.102469135802469,4388683
31978,0,0,0,2.102592592592593,4388683
31979,0,0,0,2.102716049382716,4388683
31980,0,0,0,2.1028395061728395,4388683
31981,0,0,0,2.102962962962963,4388683
31982,0,0,0,2.1030864197530863,4388683
31983,60,60,0,2.1032098765432097,4388743
31984,261,219,6,2.102592592592593,4389004
31985,0,0,0,2.102716049382716,4389004
31986,1,1,0,2.1028395061728395,4389005
31987,0,0,0,2.102962962962963,4389005
31988,0,0,0,2.1030864197530863,4389005
31989,36,31,0,2.1032098765432097,4389041
31990,0,0,0,2.1033333333333335,4389041
31991,2065,1370,0,2.103456790123457,4391106
31992,1377,1330,0,2.1035802469135803,4392483
31993,838,523,7,2.1028395061728395,4393321
31994,0,0,0,2.102962962962963,4393321
31995,0,0,0,2.1030864197530863,4393321
31996,0,0,0,2.1032098765432097,4393321
31997,978,928,0,2.1033333333333335,4394299
31998,278,278,4,2.102962962962963,4394577
31999,0,0,0,2.1030864197530863,4394577
32000,30,30,0,2.1032098765432097,4394607
32001,2,2,0,2.1033333333333335,4394609
32002,0,0,0,2.103456790123457,4394609
32003,0,0,0,2.1035802469135803,4394609
32004,1466,1466,7,2.1028395061728395,4396075
32005,0,0,0,2.102962962962963,4396075
32006,0,0,0,2.1030864197530863,4396075
32007,0,0,0,2.1032098765432097,4396075
32008,1,1,0,2.1033333333333335,4396076
32009,0,0,0,2.103456790123457,4396076
32010,0,0,0,2.1035802469135803,4396076
32011,753,565,2,2.103456790123457,4396829
32012,8,8,2,2.1033333333333335,4396837
32013,0,0,0,2.103456790123457,4396837
32014,46,46,0,2.1035802469135803,4396883
32015,0,0,0,2.1037037037037036,4396883
32016,0,0,0,2.103827160493827,4396883
32017,282,254,0,2.103950617283951,4397165
32018,0,0,0,2.104074074074074,4397165
32019,0,0,0,2.1041975308641976,4397165
32020,0,0,0,2.104320987654321,4397165
32021,6,6,4,2.103950617283951,4397171
32022,0,0,0,2.104074074074074,4397171
32023,339,339,3,2.103827160493827,4397510
32024,0,0,0,2.103950617283951,4397510
32025,0,0,0,2.104074074074074,4397510
32026,0,0,0,2.1041975308641976,4397510
32027,0,0,0,2.104320987654321,4397510
32028,0,0,0,2.1044444444444443,4397510
32029,0,0,0,2.1045679012345677,4397510
32030,0,0,0,2.1046913580246915,4397510
32031,0,0,0,2.104814814814815,4397510
32032,0,0,0,2.1049382716049383,4397510
32033,0,0,0,2.1050617283950617,4397510
32034,0,0,0,2.105185185185185,4397510
32035,0,0,0,2.1053086419753084,4397510
32036,0,0,0,2.1054320987654322,4397510
32037,0,0,0,2.1055555555555556,4397510
32038,481,404,0,2.105679012345679,4397991
32039,28,27,0,2.1058024691358024,4398019
32040,0,0,0,2.1059259259259258,4398019
32041,0,0,0,2.1060493827160496,4398019
32042,25,25,0,2.106172839506173,4398044
32043,0,0,0,2.1062962962962963,4398044
32044,0,0,0,2.1064197530864197,4398044
32045,0,0,0,2.106543209876543,4398044
32046,0,0,0,2.1066666666666665,4398044
32047,2,2,2,2.106543209876543,4398046
32048,0,0,0,2.1066666666666665,4398046
32049,0,0,0,2.1067901234567903,4398046
32050,0,0,0,2.1069135802469137,4398046
32051,5,5,3,2.1066666666666665,4398051
32052,213,211,3,2.1064197530864197,4398264
32053,348,219,0,2.106543209876543,4398612
32054,359,281,8,2.105679012345679,4398971
32055,12,12,0,2.1058024691358024,4398983
32056,0,0,0,2.1059259259259258,4398983
32057,0,0,0,2.1060493827160496,4398983
32058,0,0,0,2.106172839506173,4398983
32059,0,0,0,2.1062962962962963,4398983
32060,5120,2804,11,2.1050617283950617,4404103
32061,0,0,0,2.105185185185185,4404103
32062,0,0,0,2.1053086419753084,4404103
32063,0,0,0,2.1054320987654322,4404103
32064,23,23,0,2.1055555555555556,4404126
32065,0,0,0,2.105679012345679,4404126
32066,0,0,0,2.1058024691358024,4404126
32067,4,4,0,2.1059259259259258,4404130
32068,0,0,0,2.1060493827160496,4404130
32069,0,0,0,2.106172839506173,4404130
32070,0,0,0,2.1062962962962963,4404130
32071,0,0,0,2.1064197530864197,4404130
32072,0,0,0,2.106543209876543,4404130
32073,0,0,0,2.1066666666666665,4404130
32074,151,149,0,2.1067901234567903,4404281
32075,2,2,0,2.1069135802469137,4404283
32076,1316,1262,1,2.1069135802469137,4405599
32077,2,2,0,2.107037037037037,4405601
32078,0,0,0,2.1071604938271604,4405601
32079,0,0,0,2.107283950617284,4405601
32080,0,0,0,2.1074074074074076,4405601
32081,2,2,0,2.107530864197531,4405603
32082,0,0,0,2.1076543209876544,4405603
32083,0,0,0,2.1077777777777778,4405603
32084,45,44,0,2.107901234567901,4405648
32085,1,1,0,2.1080246913580245,4405649
32086,0,0,0,2.1081481481481483,4405649
32087,0,0,0,2.1082716049382717,4405649
32088,0,0,0,2.108395061728395,4405649
32089,0,0,0,2.1085185185185185,4405649
32090,0,0,0,2.108641975308642,4405649
32091,1537,985,25,2.105679012345679,4407186
32092,2192,1215,1,2.105679012345679,4409378
32093,1195,1139,0,2.1058024691358024,4410573
32094,2,2,0,2.1059259259259258,4410575
32095,0,0,0,2.1060493827160496,4410575
32096,7,7,0,2.106172839506173,4410582
32097,0,0,0,2.1062962962962963,4410582
32098,0,0,0,2.1064197530864197,4410582
32099,0,0,0,2.106543209876543,4410582
32100,0,0,0,2.1066666666666665,4410582
32101,0,0,0,2.1067901234567903,4410582
32102,0,0,0,2.1069135802469137,4410582
32103,0,0,0,2.107037037037037,4410582
32104,0,0,0,2.1071604938271604,4410582
32105,274,274,0,2.107283950617284,4410856
32106,0,0,0,2.1074074074074076,4410856
32107,1,1,0,2.107530864197531,4410857
32108,627,517,8,2.1066666666666665,4411484
32109,0,0,0,2.1067901234567903,4411484
32110,0,0,0,2.1069135802469137,4411484
32111,0,0,0,2.107037037037037,4411484
32112,0,0,0,2.1071604938271604,4411484
32113,21,19,0,2.107283950617284,4411505
32114,0,0,0,2.1074074074074076,4411505
32115,1,1,1,2.1074074074074076,4411506
32116,0,0,0,2.107530864197531,4411506
32117,0,0,0,2.1076543209876544,4411506
32118,817,653,0,2.1077777777777778,4412323
32119,0,0,0,2.107901234567901,4412323
32120,43,43,0,2.1080246913580245,4412366
32121,162,156,0,2.1081481481481483,4412528
32122,0,0,0,2.1082716049382717,4412528
32123,0,0,0,2.108395061728395,4412528
32124,0,0,0,2.1085185185185185,4412528
32125,2,2,2,2.108395061728395,4412530
32126,1178,1178,0,2.1085185185185185,4413708
32127,2,2,0,2.108641975308642,4413710
32128,0,0,0,2.108765432098765,4413710
32129,0,0,0,2.108888888888889,4413710
32130,10890,4143,22,2.1062962962962963,4424600
32131,200,200,0,2.1064197530864197,4424800
32132,0,0,0,2.106543209876543,4424800
32133,0,0,0,2.1066666666666665,4424800
32134,0,0,0,2.1067901234567903,4424800
32135,645,644,0,2.1069135802469137,4425445
32136,1,1,0,2.107037037037037,4425446
32137,3498,2036,1,2.107037037037037,4428944
32138,50,37,0,2.1071604938271604,4428994
32139,0,0,0,2.107283950617284,4428994
32140,10,10,1,2.107283950617284,4429004
32141,0,0,0,2.1074074074074076,4429004
32142,641,475,3,2.1071604938271604,4429645
32143,163,130,4,2.1067901234567903,4429808
32144,0,0,0,2.1069135802469137,4429808
32145,0,0,0,2.107037037037037,4429808
32146,0,0,0,2.1071604938271604,4429808
32147,11,11,0,2.107283950617284,4429819
32148,1,1,0,2.1074074074074076,4429820
32149,0,0,0,2.107530864197531,4429820
32150,68,68,0,2.1076543209876544,4429888
32151,0,0,0,2.1077777777777778,4429888
32152,0,0,0,2.107901234567901,4429888
32153,1,1,0,2.1080246913580245,4429889
32154,0,0,0,2.1081481481481483,4429889
32155,0,0,0,2.1082716049382717,4429889
32156,0,0,0,2.108395061728395,4429889
32157,18,18,0,2.1085185185185185,4429907
32158,9,9,0,2.108641975308642,4429916
32159,188,148,0,2.108765432098765,4430104
32160,1671,1167,0,2.108888888888889,4431775
32161,0,0,0,2.1090123456790124,4431775
32162,0,0,0,2.109135802469136,4431775
32163,2752,1852,0,2.109259259259259,4434527
32164,0,0,0,2.1093827160493825,4434527
32165,298,298,1,2.1093827160493825,4434825
32166,0,0,0,2.1095061728395064,4434825
32167,665,665,0,2.1096296296296297,4435490
32168,2,2,0,2.109753086419753,4435492
32169,987,987,6,2.109135802469136,4436479
32170,0,0,0,2.109259259259259,4436479
32171,0,0,0,2.1093827160493825,4436479
32172,0,0,0,2.1095061728395064,4436479
32173,0,0,0,2.1096296296296297,4436479
32174,0,0,0,2.109753086419753,4436479
32175,0,0,0,2.1098765432098765,4436479
32176,38,37,0,2.11,4436517
32177,2,2,0,2.1101234567901233,4436519
32178,0,0,0,2.110246913580247,4436519
32179,2545,2545,8,2.1093827160493825,4439064
32180,0,0,0,2.1095061728395064,4439064
32181,197,197,0,2.1096296296296297,4439261
32182,1421,1299,0,2.109753086419753,4440682
32183,0,0,0,2.1098765432098765,4440682
32184,0,0,0,2.11,4440682
32185,0,0,0,2.1101234567901233,4440682
32186,318,212,0,2.110246913580247,4441000
32187,51,46,0,2.1103703703703705,4441051
32188,847,846,2,2.110246913580247,4441898
32189,96,92,0,2.1103703703703705,4441994
32190,72,68,10,2.109259259259259,4442066
32191,0,0,0,2.1093827160493825,4442066
32192,0,0,0,2.1095061728395064,4442066
32193,897,897,6,2.108888888888889,4442963
32194,18,18,0,2.1090123456790124,4442981
32195,0,0,0,2.109135802469136,4442981
32196,13,13,0,2.109259259259259,4442994
32197,262,262,0,2.1093827160493825,4443256
32198,0,0,0,2.1095061728395064,4443256
32199,0,0,0,2.1096296296296297,4443256
32200,1,1,0,2.109753086419753,4443257
32201,0,0,0,2.1098765432098765,4443257
32202,0,0,0,2.11,4443257
32203,0,0,0,2.1101234567901233,4443257
32204,153,142,0,2.110246913580247,4443410
32205,0,0,0,2.1103703703703705,4443410
32206,6,6,0,2.110493827160494,4443416
32207,43,43,0,2.110617283950617,4443459
32208,2,2,0,2.1107407407407406,4443461
32209,0,0,0,2.1108641975308644,4443461
32210,233,233,0,2.110987654320988,4443694
32211,13,13,0,2.111111111111111,4443707
32212,0,0,0,2.1112345679012345,4443707
32213,8427,4157,23,2.1085185185185185,4452134
32214,0,0,0,2.108641975308642,4452134
32215,2,2,0,2.108765432098765,4452136
32216,0,0,0,2.108888888888889,4452136
32217,0,0,0,2.1090123456790124,4452136
32218,649,649,0,2.109135802469136,4452785
32219,0,0,0,2.109259259259259,4452785
32220,128,122,0,2.1093827160493825,4452913
32221,2,2,0,2.1095061728395064,4452915
32222,12,12,0,2.1096296296296297,4452927
32223,443,443,3,2.1093827160493825,4453370
32224,1423,681,13,2.107901234567901,4454793
32225,4856,2193,8,2.107037037037037,4459649
32226,0,0,0,2.1071604938271604,4459649
32227,0,0,0,2.107283950617284,4459649
32228,0,0,0,2.1074074074074076,4459649
32229,59,59,0,2.107530864197531,4459708
32230,28,28,0,2.1076543209876544,4459736
32231,2257,1842,13,2.106172839506173,4461993
32232,38,38,0,2.1062962962962963,4462031
32233,0,0,0,2.1064197530864197,4462031
32234,84,61,4,2.1060493827160496,4462115
32235,0,0,0,2.106172839506173,4462115
32236,4,4,0,2.1062962962962963,4462119
32237,0,0,0,2.1064197530864197,4462119
32238,0,0,0,2.106543209876543,4462119
32239,244,230,3,2.1062962962962963,4462363
32240,1,1,0,2.1064197530864197,4462364
32241,0,0,0,2.106543209876543,4462364
32242,3,3,0,2.1066666666666665,4462367
32243,1174,648,5,2.106172839506173,4463541
32244,12708,4342,15,2.1044444444444443,4476249
32245,296,296,0,2.1045679012345677,4476545
32246,1685,987,22,2.1019753086419755,4478230
32247,188,128,0,2.102098765432099,4478418
32248,0,0,0,2.102222222222222,4478418
32249,6940,2410,5,2.1017283950617283,4485358
32250,3,3,0,2.1018518518518516,4485361
32251,4,4,0,2.1019753086419755,4485365
32252,0,0,0,2.102098765432099,4485365
32253,38,35,1,2.102098765432099,4485403
32254,3,3,0,2.102222222222222,4485406
32255,0,0,0,2.1023456790123456,4485406
32256,1936,1178,0,2.102469135802469,4487342
32257,0,0,0,2.102592592592593,4487342
32258,283,283,0,2.102716049382716,4487625
32259,1532,1224,0,2.1028395061728395,4489157
32260,23,23,0,2.102962962962963,4489180
32261,60,60,0,2.1030864197530863,4489240
32262,0,0,0,2.1032098765432097,4489240
32263,0,0,0,2.1033333333333335,4489240
32264,20,20,0,2.103456790123457,4489260
32265,1,1,0,2.1035802469135803,4489261
32266,6,6,0,2.1037037037037036,4489267
32267,0,0,0,2.103827160493827,4489267
32268,0,0,0,2.103950617283951,4489267
32269,718,526,0,2.104074074074074,4489985
32270,0,0,0,2.1041975308641976,4489985
32271,0,0,0,2.104320987654321,4489985
32272,0,0,0,2.1044444444444443,4489985
32273,83,77,0,2.1045679012345677,4490068
32274,1521,919,21,2.102098765432099,4491589
32275,129,126,0,2.102222222222222,4491718
32276,0,0,0,2.1023456790123456,4491718
32277,0,0,0,2.102469135802469,4491718
32278,5,5,0,2.102592592592593,4491723
32279,656,656,0,2.102716049382716,4492379
32280,0,0,0,2.1028395061728395,4492379
32281,0,0,0,2.102962962962963,4492379
32282,71,71,0,2.1030864197530863,4492450
32283,0,0,0,2.1032098765432097,4492450
32284,95,93,0,2.1033333333333335,4492545
32285,0,0,0,2.103456790123457,4492545
32286,1,1,0,2.1035802469135803,4492546
32287,0,0,0,2.1037037037037036,4492546
32288,0,0,0,2.103827160493827,4492546
32289,0,0,0,2.103950617283951,4492546
32290,0,0,0,2.104074074074074,4492546
32291,0,0,0,2.1041975308641976,4492546
32292,1135,1001,8,2.1033333333333335,4493681
32293,0,0,0,2.103456790123457,4493681
32294,0,0,0,2.1035802469135803,4493681
32295,925,925,3,2.1033333333333335,4494606
32296,0,0,0,2.103456790123457,4494606
32297,0,0,0,2.1035802469135803,4494606
32298,1,1,0,2.1037037037037036,4494607
32299,0,0,0,2.103827160493827,4494607
32300,0,0,0,2.103950617283951,4494607
32301,0,0,0,2.104074074074074,4494607
32302,8,8,0,2.1041975308641976,4494615
32303,31,31,0,2.104320987654321,4494646
32304,3,3,0,2.1044444444444443,4494649
32305,114,114,0,2.1045679012345677,4494763
32306,2,2,0,2.1046913580246915,4494765
32307,6,6,0,2.104814814814815,4494771
32308,0,0,0,2.1049382716049383,4494771
32309,0,0,0,2.1050617283950617,4494771
32310,11,11,0,2.105185185185185,4494782
32311,1,1,0,2.1053086419753084,4494783
32312,498,498,0,2.1054320987654322,4495281
32313,0,0,0,2.1055555555555556,4495281
32314,3,3,0,2.105679012345679,4495284
32315,86,79,0,2.1058024691358024,4495370
32316,0,0,0,2.1059259259259258,4495370
32317,0,0,0,2.1060493827160496,4495370
32318,0,0,0,2.106172839506173,4495370
32319,2,2,0,2.1062962962962963,4495372
32320,2759,2570,3,2.1060493827160496,4498131
32321,25,24,0,2.106172839506173,4498156
32322,0,0,0,2.1062962962962963,4498156
32323,0,0,0,2.1064197530864197,4498156
32324,204,154,3,2.106172839506173,4498360
32325,0,0,0,2.1062962962962963,4498360
32326,77,77,0,2.1064197530864197,4498437
32327,0,0,0,2.106543209876543,4498437
32328,71,70,0,2.1066666666666665,4498508
32329,4,4,0,2.1067901234567903,4498512
32330,4166,2158,11,2.1055555555555556,4502678
32331,0,0,0,2.105679012345679,4502678
32332,8,8,0,2.1058024691358024,4502686
32333,0,0,0,2.1059259259259258,4502686
32334,99,80,0,2.1060493827160496,4502785
32335,0,0,0,2.106172839506173,4502785
32336,4,4,0,2.1062962962962963,4502789
32337,0,0,0,2.1064197530864197,4502789
32338,0,0,0,2.106543209876543,4502789
32339,0,0,0,2.1066666666666665,4502789
32340,1,1,0,2.1067901234567903,4502790
32341,71,71,9,2.1058024691358024,4502861
32342,0,0,0,2.1059259259259258,4502861
32343,0,0,0,2.1060493827160496,4502861
32344,2,2,0,2.106172839506173,4502863
32345,1,1,0,2.1062962962962963,4502864
32346,0,0,0,2.1064197530864197,4502864
32347,2681,1497,18,2.104320987654321,4505545
32348,0,0,0,2.1044444444444443,4505545
32349,0,0,0,2.1045679012345677,4505545
32350,0,0,0,2.1046913580246915,4505545
32351,0,0,0,2.104814814814815,4505545
32352,0,0,0,2.1049382716049383,4505545
32353,0,0,0,2.1050617283950617,4505545
32354,58,58,9,2.104074074074074,4505603
32355,100,73,4,2.1037037037037036,4505703
32356,359,358,5,2.1032098765432097,4506062
32357,0,0,0,2.1033333333333335,4506062
32358,0,0,0,2.103456790123457,4506062
32359,0,0,0,2.1035802469135803,4506062
32360,1,1,0,2.1037037037037036,4506063
32361,6,6,1,2.1037037037037036,4506069
32362,0,0,0,2.103827160493827,4506069
32363,522,522,0,2.103950617283951,4506591
32364,0,0,0,2.104074074074074,4506591
32365,449,366,1,2.104074074074074,4507040
32366,0,0,0,2.1041975308641976,4507040
32367,0,0,0,2.104320987654321,4507040
32368,0,0,0,2.1044444444444443,4507040
32369,2963,1634,18,2.1023456790123456,4510003
32370,0,0,0,2.102469135802469,4510003
32371,85,85,6,2.1018518518518516,4510088
32372,916,915,0,2.1019753086419755,4511004
32373,10,9,0,2.102098765432099,4511014
32374,2918,1681,0,2.102222222222222,4513932
32375,0,0,0,2.1023456790123456,4513932
32376,0,0,0,2.102469135802469,4513932
32377,202,180,8,2.101604938271605,4514134
32378,0,0,0,2.1017283950617283,4514134
32379,0,0,0,2.1018518518518516,4514134
32380,0,0,0,2.1019753086419755,4514134
32381,0,0,0,2.102098765432099,4514134
32382,0,0,0,2.102222222222222,4514134
32383,10,10,0,2.1023456790123456,4514144
32384,30,30,0,2.102469135802469,4514174
32385,10,9,0,2.102592592592593,4514184
32386,2300,1548,3,2.1023456790123456,4516484
32387,101,101,0,2.102469135802469,4516585
32388,26,26,0,2.102592592592593,4516611
32389,0,0,0,2.102716049382716,4516611
32390,0,0,0,2.1028395061728395,4516611
32391,0,0,0,2.102962962962963,4516611
32392,5,5,0,2.1030864197530863,4516616
32393,0,0,0,2.1032098765432097,4516616
32394,0,0,0,2.1033333333333335,4516616
32395,5284,2967,0,2.103456790123457,4521900
32396,2,2,2,2.1033333333333335,4521902
32397,0,0,0,2.103456790123457,4521902
32398,0,0,0,2.1035802469135803,4521902
32399,0,0,0,2.1037037037037036,4521902
32400,0,0,0,2.103827160493827,4521902
0,0,0,0,0.0,0
